"","Total Volume","4046","Date","AveragePrice","4225","4770","Total Bags","Small Bags","Large Bags","XLarge Bags","type","region"
"8","16700.94","2325.93","2016-10-30 00:00:00","3.25","11142.85","0","3232.16","3232.16","0","0","organic","SanFrancisco"
"37","3018.56","1255.55","2017-04-16 00:00:00","3.17","82.31","0","1680.7","1542.22","138.48","0","organic","Tampa"
"7","19043.8","5898.49","2016-11-06 00:00:00","3.12","10039.34","0","3105.97","3079.3","26.67","0","organic","SanFrancisco"
"42","2068.26","1043.83","2017-03-12 00:00:00","3.05","77.36","0","947.07","926.67","20.4","0","organic","MiamiFtLauderdale"
"18","12656.32","419.06","2017-08-27 00:00:00","3.04","4851.9","145.09","7240.27","6960.97","279.3","0","organic","RaleighGreensboro"
"12","3714.71","296.71","2016-10-02 00:00:00","3.03","2699.8","0","718.2","718.2","0","0","organic","LasVegas"
"13","10741.93","140.46","2017-10-01 00:00:00","3","4331.2","147.11","6123.16","5873.99","249.17","0","organic","RaleighGreensboro"
"18","19329.49","10517.41","2017-08-27 00:00:00","3","7907.99","0","904.09","900.76","3.33","0","organic","SanFrancisco"
"6","18930.4","6204.65","2016-11-13 00:00:00","2.99","9341.41","0","3384.34","3337.67","46.67","0","organic","SanFrancisco"
"13","2819.87","174.13","2017-10-01 00:00:00","2.99","703.73","12.01","1930","1736.97","193.03","0","organic","Jacksonville"
"17","14052.55","169.06","2017-09-03 00:00:00","2.97","4855.92","148.96","8878.61","8315.09","563.52","0","organic","RaleighGreensboro"
"18","26845.68","1134.59","2017-08-27 00:00:00","2.96","11055.6","12.57","14642.92","1079.26","13563.66","0","organic","Seattle"
"14","2417.55","168.12","2017-09-24 00:00:00","2.95","1025.14","0","1224.29","370","849.73","4.56","organic","Spokane"
"5","17436.41","5926.88","2016-11-20 00:00:00","2.94","7823.25","0","3686.28","3620.25","66.03","0","organic","SanFrancisco"
"15","2375.19","181.23","2017-09-17 00:00:00","2.94","861.34","0","1332.62","312.22","1020.4","0","organic","Spokane"
"9","11252.48","522.51","2016-10-23 00:00:00","2.93","7911.64","0","2818.33","2818.33","0","0","organic","SanFrancisco"
"10","5373.88","901.06","2016-10-16 00:00:00","2.93","3284.87","8.55","1179.4","1146.07","33.33","0","organic","WestTexNewMexico"
"19","21524.58","9571.06","2017-08-20 00:00:00","2.93","7792.22","0","4161.3","4161.3","0","0","organic","SanFrancisco"
"17","3047.66","181.79","2017-09-03 00:00:00","2.93","1194.91","0","1670.96","452.22","1218.74","0","organic","Spokane"
"15","10297.07","89.79","2017-09-17 00:00:00","2.92","4298.97","161.11","5747.2","5319.2","428","0","organic","RaleighGreensboro"
"43","21218.15","8013.98","2017-03-05 00:00:00","2.92","10054.06","0","3150.11","3150.11","0","0","organic","SanFrancisco"
"13","4103.97","409.65","2016-09-25 00:00:00","2.91","2810.06","0","884.26","884.26","0","0","organic","LasVegas"
"42","17686.1","6727.84","2017-03-12 00:00:00","2.9","7914.27","0","3043.99","3043.99","0","0","organic","SanFrancisco"
"8","1043.41","105.07","2016-10-30 00:00:00","2.89","907.25","3.03","28.06","0","28.06","0","organic","Spokane"
"16","13472.37","145.75","2017-09-10 00:00:00","2.89","4564.2","137.53","8624.89","8026.52","598.37","0","organic","RaleighGreensboro"
"17","30853.99","1289.56","2017-09-03 00:00:00","2.89","12808.63","8.84","16746.96","938.52","15793","15.44","organic","Seattle"
"4","17864.74","7103","2016-11-27 00:00:00","2.88","8383.87","0","2377.87","2292.98","84.89","0","organic","SanFrancisco"
"41","18687.22","6332.48","2017-03-19 00:00:00","2.88","9140.83","11.7","3202.21","3202.21","0","0","organic","SanFrancisco"
"13","2413.84","148.64","2017-10-01 00:00:00","2.88","825.79","0","1439.41","391.11","1043.71","4.59","organic","Spokane"
"11","3824.55","175.45","2017-10-15 00:00:00","2.87","1228.12","0","2420.98","1696.66","724.32","0","organic","Orlando"
"16","27205.13","1051.52","2017-09-10 00:00:00","2.87","10952.09","8.82","15192.7","1109.64","14018.66","64.4","organic","Seattle"
"19","24670.83","1189.85","2017-08-20 00:00:00","2.87","11984.19","16.39","11480.4","1107.05","10370.55","2.8","organic","Seattle"
"13","16126.21","188.42","2017-10-01 00:00:00","2.86","2362.6","1.64","13573.55","1314.56","12249.89","9.1","organic","Portland"
"13","25718.23","770.12","2017-10-01 00:00:00","2.86","9708.8","7.6","15231.71","1062.22","14155.42","14.07","organic","Seattle"
"15","21772.12","883.47","2017-09-17 00:00:00","2.86","8062.13","7.57","12818.95","1109.17","11692.96","16.82","organic","Seattle"
"16","2913.66","254.5","2017-09-10 00:00:00","2.86","1032.25","0","1626.91","478.89","1148.02","0","organic","Spokane"
"10","4317.31","707.37","2016-10-16 00:00:00","2.85","2855.9","0","754.04","732.85","21.19","0","organic","LasVegas"
"12","16818.84","1802.17","2017-10-08 00:00:00","2.85","2450.42","1.64","12564.61","1712.22","10852.39","0","organic","Portland"
"18","15474.64","197.18","2017-08-27 00:00:00","2.85","2404.96","22.63","12849.87","1238.37","11611.5","0","organic","Portland"
"12","12366.93","96.31","2017-10-08 00:00:00","2.85","4599.62","125.61","7545.39","7471.59","73.8","0","organic","RaleighGreensboro"
"16","14781.24","182.73","2017-09-10 00:00:00","2.84","1918.62","6.53","12673.36","1401.92","11193.49","77.95","organic","Portland"
"17","17417.97","176.24","2017-09-03 00:00:00","2.84","2517.99","0","14723.74","1616.39","13002.18","105.17","organic","Portland"
"18","2077.95","122.13","2017-08-27 00:00:00","2.84","586.22","0","1369.6","308.89","1060.71","0","organic","Spokane"
"18","3591.12","44.1","2017-08-27 00:00:00","2.84","2900.22","10.77","636.03","190.01","446.02","0","organic","StLouis"
"13","4984.76","652.27","2016-09-25 00:00:00","2.83","3047.02","8.54","1276.93","1231.67","45.26","0","organic","WestTexNewMexico"
"18","9801.89","66.38","2017-08-27 00:00:00","2.83","4585.79","175.49","4974.23","4970.9","3.33","0","organic","Charlotte"
"37","4269.84","2090.78","2017-04-16 00:00:00","2.83","266.25","0","1912.81","1508.89","403.92","0","organic","Orlando"
"15","14321.85","236.27","2017-09-17 00:00:00","2.83","2269.84","9.78","11805.96","1404.53","10377.89","23.54","organic","Portland"
"40","20170.65","7369.03","2017-03-26 00:00:00","2.83","9827.33","0","2974.29","2974.29","0","0","organic","SanFrancisco"
"14","23238.29","846","2017-09-24 00:00:00","2.83","8040.13","18.99","14333.17","1385.82","12885.47","61.88","organic","Seattle"
"7","5372.3","1769.57","2016-11-06 00:00:00","2.82","3105.69","0","497.04","493.71","3.33","0","organic","Sacramento"
"13","8276.33","12.62","2017-10-01 00:00:00","2.82","4182.38","174.37","3906.96","3656.44","250.52","0","organic","Charlotte"
"17","10311.34","17.76","2017-09-03 00:00:00","2.82","4696.17","241.64","5355.77","5203.28","152.49","0","organic","Charlotte"
"37","3197.36","738.26","2017-04-16 00:00:00","2.81","69.63","0","2389.47","1481.11","908.36","0","organic","MiamiFtLauderdale"
"14","13513.91","179.73","2017-09-24 00:00:00","2.81","1941.11","0","11393.07","1399.19","9963.02","30.86","organic","Portland"
"17","4111.66","22.6","2017-09-03 00:00:00","2.81","2396.41","19.81","1672.84","71.11","1601.73","0","organic","StLouis"
"16","10286.63","68.51","2017-09-10 00:00:00","2.8","4094.41","222.11","5901.6","5892.22","9.38","0","organic","Charlotte"
"12","27717.86","1079.7","2017-10-08 00:00:00","2.8","11176.2","7.6","15454.36","1402.31","14045.01","7.04","organic","Seattle"
"10","12642.11","961.55","2015-10-18 00:00:00","2.79","11680.56","0","0","0","0","0","organic","SanFrancisco"
"14","15197.42","1209.92","2015-09-20 00:00:00","2.79","13971.53","0","15.97","15.97","0","0","organic","SanFrancisco"
"12","5562","790.45","2016-10-02 00:00:00","2.79","3627.36","14.25","1129.94","1116.94","13","0","organic","WestTexNewMexico"
"13","1373.11","58.19","2017-10-01 00:00:00","2.79","473.62","0","841.3","40.17","801.13","0","organic","Boise"
"12","1655.56","62.55","2017-10-08 00:00:00","2.78","573.83","0","1019.18","96.57","922.61","0","organic","Boise"
"17","15201.2","1561.91","2015-08-30 00:00:00","2.77","13617.17","0","22.12","22.12","0","0","organic","SanFrancisco"
"15","8821.08","22.96","2017-09-17 00:00:00","2.77","4305.79","157.1","4335.23","4168.73","166.5","0","organic","Charlotte"
"29","25806.28","10768.91","2017-06-11 00:00:00","2.77","11690.84","4.37","3342.16","3338.11","4.05","0","organic","SanFrancisco"
"21","13936.04","1762.59","2015-08-02 00:00:00","2.76","12145.2","0","28.25","28.25","0","0","organic","SanFrancisco"
"8","3238.28","378.75","2016-10-30 00:00:00","2.76","2652.66","0","206.87","177.79","29.08","0","organic","LasVegas"
"35","8391.71","302.62","2017-04-30 00:00:00","2.76","4790.79","293.52","3004.78","2644.5","360.28","0","organic","RaleighGreensboro"
"28","24037.58","10701.89","2017-06-18 00:00:00","2.76","10234.08","0","3101.61","3069.94","31.67","0","organic","SanFrancisco"
"19","2232.94","214.41","2017-08-20 00:00:00","2.76","1025.11","0","993.42","303.66","689.76","0","organic","Spokane"
"22","15953.01","2892.83","2015-07-26 00:00:00","2.75","13047.24","0","12.94","12.94","0","0","organic","SanFrancisco"
"13","13557.58","543.85","2017-10-01 00:00:00","2.75","4724.38","0","8289.35","4856.11","3433.24","0","organic","Atlanta"
"18","1643.45","110.96","2017-08-27 00:00:00","2.75","503.61","0","1028.88","199.13","829.75","0","organic","Boise"
"13","11798.62","1220.59","2015-09-27 00:00:00","2.74","10523.68","0","54.35","54.35","0","0","organic","SanFrancisco"
"8","8933.54","1854.17","2016-10-30 00:00:00","2.74","6533.7","0","545.67","545.67","0","0","organic","SanDiego"
"12","2803.12","236.06","2017-10-08 00:00:00","2.74","946.35","0","1620.71","624.44","996.27","0","organic","Spokane"
"15","14802.78","1404.23","2015-09-13 00:00:00","2.73","13395.36","0","3.19","3.19","0","0","organic","SanFrancisco"
"16","15510.69","1413.91","2015-09-06 00:00:00","2.73","14090.42","0","6.36","6.36","0","0","organic","SanFrancisco"
"19","15289.67","1761.18","2015-08-16 00:00:00","2.73","13512.74","0","15.75","15.75","0","0","organic","SanFrancisco"
"9","8533.85","653.46","2016-10-23 00:00:00","2.73","6987.25","0","893.14","893.14","0","0","organic","SanDiego"
"8","13588.39","794.44","2016-10-30 00:00:00","2.73","11345.97","23.56","1424.42","600.6","823.82","0","organic","Seattle"
"27","1034.32","7.12","2017-06-25 00:00:00","2.73","891.16","0","136.04","6.33","129.71","0","organic","GrandRapids"
"36","8720.86","298.89","2017-04-23 00:00:00","2.73","5183.86","256.68","2981.43","2649.32","332.11","0","organic","RaleighGreensboro"
"31","24852.33","10640.43","2017-05-28 00:00:00","2.73","10979.17","8.75","3223.98","3201.3","22.68","0","organic","SanFrancisco"
"20","15564.78","1802.46","2015-08-09 00:00:00","2.72","13737.17","0","25.15","25.15","0","0","organic","SanFrancisco"
"11","20761.25","1173.39","2016-10-09 00:00:00","2.72","16842.78","0","2745.08","2717.31","27.77","0","organic","SanFrancisco"
"30","23896.87","9678.79","2017-06-04 00:00:00","2.72","10552.04","2.91","3663.13","3609.78","53.35","0","organic","SanFrancisco"
"18","15111.33","1808.29","2015-08-23 00:00:00","2.71","13252.57","0","50.47","50.47","0","0","organic","SanFrancisco"
"17","1855.43","110.15","2017-09-03 00:00:00","2.71","617.9","0","1127.38","133.37","994.01","0","organic","Boise"
"11","16796.38","1671.14","2017-10-15 00:00:00","2.71","2449.35","6.61","12669.28","1435.65","11233.63","0","organic","Portland"
"15","5269.51","31.82","2017-09-17 00:00:00","2.71","1053.07","0","4184.62","57.77","4126.85","0","organic","StLouis"
"48","17708.49","7224.2","2017-01-29 00:00:00","2.7","7671.88","2.86","2809.55","2809.55","0","0","organic","SanFrancisco"
"50","17202.67","5875.7","2017-01-15 00:00:00","2.7","8476.23","0","2850.74","2841.2","9.54","0","organic","SanFrancisco"
"11","3288.85","125.79","2017-10-15 00:00:00","2.7","659.65","0","2503.41","1736.66","766.75","0","organic","Tampa"
"11","25512.65","1121.98","2017-10-15 00:00:00","2.69","9881.49","25.43","14483.75","1049.37","13434.38","0","organic","Seattle"
"16","5157.52","101.21","2017-09-10 00:00:00","2.69","1107.34","0","3948.97","101.11","3847.86","0","organic","StLouis"
"6","5260.62","15.23","2016-11-13 00:00:00","2.68","3074.13","20.77","2150.49","2142.8","7.69","0","organic","HartfordSpringfield"
"4","7148.3","46.61","2016-11-27 00:00:00","2.67","3046.39","2.74","4052.56","4006.86","45.7","0","organic","HartfordSpringfield"
"2","16323.32","5669.42","2016-12-11 00:00:00","2.67","7627.83","0","3026.07","3026.07","0","0","organic","SanFrancisco"
"3","17934.25","7263.87","2016-12-04 00:00:00","2.67","7440.44","0","3229.94","3217.12","12.82","0","organic","SanFrancisco"
"12","9398.69","30.6","2017-10-08 00:00:00","2.67","3911.27","130.82","5326","5147.98","178.02","0","organic","Charlotte"
"25","11842.55","43.92","2017-07-09 00:00:00","2.67","4563.44","8.23","7226.96","7226.96","0","0","organic","HartfordSpringfield"
"26","11745.45","120.76","2017-07-02 00:00:00","2.67","5069.38","35.68","6519.63","6515.82","3.81","0","organic","HartfordSpringfield"
"31","12930.59","148.98","2017-05-28 00:00:00","2.67","4613.7","57.94","8109.97","8109.97","0","0","organic","HartfordSpringfield"
"11","14031.73","1046.84","2015-10-11 00:00:00","2.66","12984.89","0","0","0","0","0","organic","SanFrancisco"
"27","15691.4","5755.58","2017-06-25 00:00:00","2.66","6914.77","0","3021.05","3010.92","10.13","0","organic","SanFrancisco"
"23","3010.56","145.69","2017-07-23 00:00:00","2.66","2076.08","20.23","768.56","31.11","737.45","0","organic","Spokane"
"6","28406","3701.02","2016-11-13 00:00:00","2.65","19604.7","96.86","5003.42","4922.27","81.15","0","organic","NewYork"
"6","6026.15","1981.78","2016-11-13 00:00:00","2.65","3036.85","0","1007.52","998.68","8.84","0","organic","Sacramento"
"15","1491.87","67.41","2017-09-17 00:00:00","2.65","563.56","0","860.9","152.33","707.07","1.5","organic","Boise"
"15","5500.41","486.39","2017-09-17 00:00:00","2.65","1590.78","0","3423.24","1720.22","1703.02","0","organic","Orlando"
"19","12011.77","384.39","2017-08-20 00:00:00","2.65","4690.2","132.95","6804.23","6470.49","333.74","0","organic","RaleighGreensboro"
"32","22558.59","9604.14","2017-05-21 00:00:00","2.65","10281.74","4.36","2668.35","2642.91","25.44","0","organic","SanFrancisco"
"20","27149.47","1215.98","2017-08-13 00:00:00","2.65","11028.92","7.58","14896.99","1580.51","13312.27","4.21","organic","Seattle"
"27","31895.13","1739.77","2017-06-25 00:00:00","2.65","21572.4","46.96","8536","290","8246","0","organic","Seattle"
"12","22501.25","915.83","2016-10-02 00:00:00","2.64","18642.6","8.81","2934.01","2890.68","43.33","0","organic","SanFrancisco"
"14","1411.83","63.68","2017-09-24 00:00:00","2.64","535.14","0","813.01","75.19","737.82","0","organic","Boise"
"17","6091.55","905.07","2017-09-03 00:00:00","2.64","1999.56","0","3186.92","3120.9","66.02","0","organic","LasVegas"
"33","20842.19","8772.82","2017-05-14 00:00:00","2.64","8839.82","2.91","3226.64","3204.39","22.25","0","organic","SanFrancisco"
"19","4715.07","149.97","2017-08-20 00:00:00","2.64","2885.47","18.05","1661.58","697.14","964.44","0","organic","StLouis"
"16","1600.11","75.82","2017-09-10 00:00:00","2.63","540.2","0","984.09","174.77","809.32","0","organic","Boise"
"32","8322.8","311.21","2017-05-21 00:00:00","2.63","5215.69","311.21","2484.69","2169.64","315.05","0","organic","RaleighGreensboro"
"8","5394.03","1436.7","2016-10-30 00:00:00","2.62","3458.84","0","498.49","485.16","13.33","0","organic","PhoenixTucson"
"12","5380.03","1149.6","2016-10-02 00:00:00","2.62","3519.69","0","710.74","488.84","221.9","0","organic","PhoenixTucson"
"11","1563.12","34.16","2017-10-15 00:00:00","2.62","523.33","0","1005.63","119.61","886.02","0","organic","Boise"
"19","1661.6","107.75","2017-08-20 00:00:00","2.62","622.57","0","931.28","90.24","841.04","0","organic","Boise"
"28","1314.24","18.58","2017-06-18 00:00:00","2.62","1057.49","0","238.17","12.7","225.47","0","organic","GrandRapids"
"29","13040.76","89.07","2017-06-11 00:00:00","2.62","4953.62","13.7","7984.37","7752.18","232.19","0","organic","HartfordSpringfield"
"32","12234.45","107.67","2017-05-21 00:00:00","2.62","4361.38","12.42","7752.98","7752.98","0","0","organic","HartfordSpringfield"
"11","1100.1","24.83","2017-10-15 00:00:00","2.62","384.79","0","690.48","657.77","32.71","0","organic","MiamiFtLauderdale"
"4","4143.89","1531.72","2016-11-27 00:00:00","2.61","2161.72","2.66","447.79","432.62","15.17","0","organic","Sacramento"
"27","12883.38","64.48","2017-06-25 00:00:00","2.61","5815.43","16.46","6987.01","6987.01","0","0","organic","HartfordSpringfield"
"34","9680.55","231.3","2017-05-07 00:00:00","2.61","5522.61","307.07","3619.57","3168.9","450.67","0","organic","RaleighGreensboro"
"23","25301.81","729","2017-07-23 00:00:00","2.61","12909.58","11.45","11651.78","484.21","11167.57","0","organic","Seattle"
"24","28034.45","1003.18","2017-07-16 00:00:00","2.61","12855.06","20.85","14155.36","611.69","13543.67","0","organic","Seattle"
"43","3705.46","1712.14","2017-03-05 00:00:00","2.61","127.26","0","1866.06","1367.78","498.28","0","organic","Tampa"
"38","11045.91","198.37","2017-04-09 00:00:00","2.6","4395.88","12.4","6439.26","6439.26","0","0","organic","HartfordSpringfield"
"22","28587.18","1131.67","2017-07-30 00:00:00","2.6","13395.46","76.57","13983.48","1377.69","12605.79","0","organic","Seattle"
"12","15346.87","1418.72","2015-10-04 00:00:00","2.59","13915.36","0","12.79","12.79","0","0","organic","SanFrancisco"
"16","13955.66","599.45","2017-09-10 00:00:00","2.59","5931.44","0","7424.77","4617.04","2807.73","0","organic","Atlanta"
"17","17990.83","538.17","2017-09-03 00:00:00","2.59","5588.7","0","11863.96","3850.84","8013.12","0","organic","Atlanta"
"18","13910.32","639.25","2017-08-27 00:00:00","2.59","6918.13","0","6352.94","2356.85","3996.09","0","organic","Atlanta"
"16","6984.87","1027.67","2017-09-10 00:00:00","2.59","1970.77","0","3986.43","3968.34","18.09","0","organic","LasVegas"
"41","2427.94","1223.8","2017-03-19 00:00:00","2.59","96.36","0","1107.78","1107.78","0","0","organic","MiamiFtLauderdale"
"26","12279.96","4003.36","2017-07-02 00:00:00","2.59","5495.51","0","2781.09","2765.59","15.5","0","organic","SanFrancisco"
"37","23032.34","9013.66","2017-04-16 00:00:00","2.59","10581.45","5.84","3431.39","3388.38","43.01","0","organic","SanFrancisco"
"39","21303.86","8314.99","2017-04-02 00:00:00","2.59","9720.42","0","3268.45","3268.45","0","0","organic","SanFrancisco"
"46","19433.9","7271.61","2017-02-12 00:00:00","2.59","8960.86","2.88","3198.55","3198.55","0","0","organic","SanFrancisco"
"4","13218.02","953.12","2015-11-29 00:00:00","2.58","12235.08","0","29.82","3.15","26.67","0","organic","SanFrancisco"
"9","75897.66","9139.12","2016-10-23 00:00:00","2.58","53304.49","6.17","13447.88","13409.33","38.55","0","organic","California"
"36","7040.71","280.54","2017-04-23 00:00:00","2.58","4591.39","403","1765.78","1765.78","0","0","organic","Charlotte"
"33","12456.71","310.12","2017-05-14 00:00:00","2.58","4316.89","4.13","7825.57","7825.57","0","0","organic","HartfordSpringfield"
"15","3993.7","226.97","2017-09-17 00:00:00","2.58","907.87","0","2858.86","786.67","2072.19","0","organic","Jacksonville"
"35","22792.24","9036.95","2017-04-30 00:00:00","2.58","10350.79","2.91","3401.59","3391.48","10.11","0","organic","SanFrancisco"
"45","19202.54","7333.07","2017-02-19 00:00:00","2.58","8809.03","0","3060.44","3060.44","0","0","organic","SanFrancisco"
"51","18096.56","6273","2017-01-08 00:00:00","2.58","8466.99","0","3356.57","3347.06","9.51","0","organic","SanFrancisco"
"21","29977.08","1335.08","2017-08-06 00:00:00","2.58","13120.04","36.29","15485.67","1685.57","13800.1","0","organic","Seattle"
"7","6674.17","73.43","2016-11-06 00:00:00","2.57","3159.34","2.77","3438.63","3331","107.63","0","organic","HartfordSpringfield"
"1","14537.83","4731.38","2016-12-18 00:00:00","2.57","7497.35","0","2309.1","2309.1","0","0","organic","SanFrancisco"
"8","5647.48","593.81","2016-10-30 00:00:00","2.57","4865.11","8.56","180","176.67","3.33","0","organic","WestTexNewMexico"
"26","4270.32","4.02","2017-07-02 00:00:00","2.57","473.35","0","3792.95","486.66","3306.29","0","organic","BuffaloRochester"
"27","5228.11","15.56","2017-06-25 00:00:00","2.57","439.88","0","4772.67","636.66","4136.01","0","organic","BuffaloRochester"
"42","13395.7","109.82","2017-03-12 00:00:00","2.57","5604.12","1.4","7680.36","7680.36","0","0","organic","HartfordSpringfield"
"14","5040.98","187.28","2017-09-24 00:00:00","2.57","1310.93","0","3542.77","1314.76","2228.01","0","organic","Jacksonville"
"19","15490.38","582.87","2017-08-20 00:00:00","2.57","4084.97","13.06","10809.48","1081.11","9721.11","7.26","organic","Portland"
"18","11138.48","1397.94","2017-08-27 00:00:00","2.57","7309.89","0","2430.65","2427.32","3.33","0","organic","SanDiego"
"20","22296.14","8857.4","2017-08-13 00:00:00","2.57","8680.4","0","4758.34","4758.34","0","0","organic","SanFrancisco"
"0","16169.17","5599.25","2016-12-25 00:00:00","2.56","8335.16","0","2234.76","2234.76","0","0","organic","SanFrancisco"
"14","18912.3","507.34","2017-09-24 00:00:00","2.56","5068.56","0","13336.4","4252.99","9083.41","0","organic","Atlanta"
"36","21330.52","7818.54","2017-04-23 00:00:00","2.56","10178.28","2.92","3330.78","3322.66","8.12","0","organic","SanFrancisco"
"26","3959.98","305.84","2017-07-02 00:00:00","2.56","2579.83","0","1074.31","83.89","990.42","0","organic","Spokane"
"42","2856.05","1233.55","2017-03-12 00:00:00","2.56","97.2","0","1525.3","853.33","671.97","0","organic","Tampa"
"8","7136.88","1910.88","2016-10-30 00:00:00","2.55","4597.68","0.83","627.49","172.25","455.24","0","organic","Portland"
"12","12275.61","371.26","2017-10-08 00:00:00","2.55","4535.92","0","7368.43","6809.48","558.95","0","organic","Atlanta"
"25","5369.52","5.98","2017-07-09 00:00:00","2.55","393.2","0","4970.34","731.11","4239.23","0","organic","BuffaloRochester"
"14","10375.19","22.31","2017-09-24 00:00:00","2.55","4284.88","118.25","5949.75","5560.32","389.43","0","organic","Charlotte"
"11","1421.74","60.21","2017-10-15 00:00:00","2.55","546.72","4.82","809.99","806.66","3.33","0","organic","Jacksonville"
"31","10273.69","315.52","2017-05-28 00:00:00","2.55","5326.02","364.99","4267.16","2844.43","1422.73","0","organic","RaleighGreensboro"
"11","2819.91","103.65","2017-10-15 00:00:00","2.55","1021.68","2.12","1692.46","566.66","1125.8","0","organic","Spokane"
"20","3503.34","290.02","2017-08-13 00:00:00","2.55","1531.25","0","1682.07","563.54","1118.53","0","organic","Spokane"
"24","3536.14","324.26","2017-07-16 00:00:00","2.55","1828.38","4.18","1379.32","105.55","1273.77","0","organic","Spokane"
"2","7514.4","19.71","2016-12-11 00:00:00","2.54","3180.04","10.97","4303.68","4299.87","3.81","0","organic","HartfordSpringfield"
"5","5413.97","1621.47","2016-11-20 00:00:00","2.54","2602.34","2.66","1187.5","1128.05","59.45","0","organic","Sacramento"
"15","17292.22","521.38","2017-09-17 00:00:00","2.54","5064.08","0","11706.76","4932.3","6774.46","0","organic","Atlanta"
"28","5445.57","28.33","2017-06-18 00:00:00","2.54","544.31","0","4872.93","830","4042.93","0","organic","BuffaloRochester"
"18","121293.43","31149.69","2017-08-27 00:00:00","2.54","48281.23","0","41862.51","41815.14","47.37","0","organic","California"
"34","19401.8","7404.38","2017-05-07 00:00:00","2.54","8501.99","0","3495.43","3475.92","19.51","0","organic","SanFrancisco"
"38","21231.88","7773.14","2017-04-09 00:00:00","2.54","9709.29","0","3749.45","3727.93","21.52","0","organic","SanFrancisco"
"52","19910.51","7268.66","2017-01-01 00:00:00","2.54","10452.56","0","2189.29","2189.29","0","0","organic","SanFrancisco"
"8","2596.51","215.25","2017-11-05 00:00:00","2.54","1023.49","0","1357.77","380","977.77","0","organic","Spokane"
"35","7230.2","290.78","2017-04-30 00:00:00","2.53","4784.56","413.52","1741.34","1614.86","126.48","0","organic","Charlotte"
"11","13272","442.38","2017-10-15 00:00:00","2.53","3627","103.46","9099.16","8866.56","232.6","0","organic","RaleighGreensboro"
"3","4384.51","1687.59","2016-12-04 00:00:00","2.52","2234.55","0","462.37","462.37","0","0","organic","Sacramento"
"34","5321.75","1861.76","2017-05-07 00:00:00","2.52","3058.89","0","401.1","401.1","0","0","organic","Sacramento"
"44","18753.79","6707.73","2017-02-26 00:00:00","2.52","8785.72","0","3260.34","3260.34","0","0","organic","SanFrancisco"
"17","143490.06","19509","2017-09-03 00:00:00","2.52","32862.27","50.28","91068.51","51643.01","39324.06","101.44","organic","West"
"7","11300.17","1168.91","2016-11-06 00:00:00","2.51","7700.03","0","2431.23","497.84","1933.39","0","organic","SanDiego"
"17","1227.21","511.39","2016-08-28 00:00:00","2.51","670.96","0","44.86","44.86","0","0","organic","Spokane"
"30","5425.35","3.59","2017-06-04 00:00:00","2.51","491.51","0","4930.25","948.34","3981.91","0","organic","BuffaloRochester"
"34","15173.18","198.47","2017-05-07 00:00:00","2.51","7086.04","2.76","7885.91","7885.91","0","0","organic","HartfordSpringfield"
"21","14133.77","138.72","2017-08-06 00:00:00","2.51","5216.39","174.16","8604.5","8220.82","383.68","0","organic","RaleighGreensboro"
"18","154828.39","23404.34","2017-08-27 00:00:00","2.51","32438.46","68.4","98917.19","65124.7","33792.49","0","organic","West"
"31","8254.68","313.55","2017-05-28 00:00:00","2.5","5326.85","398.1","2216.18","1790.08","426.1","0","organic","Charlotte"
"30","14985.11","340.2","2017-06-04 00:00:00","2.5","6314.32","0","8330.59","8242.95","87.64","0","organic","HartfordSpringfield"
"29","6504.06","2177.24","2017-06-11 00:00:00","2.5","3527.98","0","798.84","796.97","1.87","0","organic","Sacramento"
"43","6056.68","1736.82","2017-03-05 00:00:00","2.5","3853.83","0","466.03","466.03","0","0","organic","Sacramento"
"27","3367.89","417.32","2017-06-25 00:00:00","2.5","1868.61","0","1081.96","71.66","1010.3","0","organic","Spokane"
"18","16137.93","2616.96","2017-08-27 00:00:00","2.5","3672.96","0","9848.01","9816.58","31.43","0","organic","WestTexNewMexico"
"8","96095.1","17620.85","2016-10-30 00:00:00","2.49","52989.92","1.54","25482.79","17096.29","8386.5","0","organic","California"
"36","13284.59","44.18","2017-04-23 00:00:00","2.49","6007.49","4.14","7228.78","7224.94","3.84","0","organic","HartfordSpringfield"
"9","17335.77","2011.28","2017-10-29 00:00:00","2.49","2499.56","0","12824.93","1483.24","11325.08","16.61","organic","Portland"
"18","7197.78","2222.37","2017-08-27 00:00:00","2.49","2802.72","0","2172.69","2172.69","0","0","organic","Sacramento"
"14","2935.97","8.94","2017-09-24 00:00:00","2.49","475.6","0","2451.43","516.43","1935","0","organic","StLouis"
"19","10482.69","92.36","2017-08-20 00:00:00","2.48","4682.08","200.75","5507.5","5500.83","6.67","0","organic","Charlotte"
"32","7285.09","256.65","2017-05-21 00:00:00","2.48","4833.23","438.64","1756.57","1582.88","173.69","0","organic","Charlotte"
"40","13053.93","173.46","2017-03-26 00:00:00","2.48","6545.48","0","6334.99","6005.87","329.12","0","organic","HartfordSpringfield"
"19","2855.78","302.4","2017-08-20 00:00:00","2.48","1483.2","2.4","1067.78","1067.78","0","0","organic","Jacksonville"
"25","59563.6","3895.32","2017-07-09 00:00:00","2.48","21115.87","1931.13","32621.28","32621.28","0","0","organic","NewYork"
"10","15825.16","1737.93","2017-10-22 00:00:00","2.48","2304.96","1.66","11780.61","1490.66","10277.06","12.89","organic","Portland"
"28","7058.35","2609.09","2017-06-18 00:00:00","2.48","3616.91","0","832.35","824.86","7.49","0","organic","Sacramento"
"9","2797.66","272","2017-10-29 00:00:00","2.48","946.72","0","1578.94","520","1058.94","0","organic","Spokane"
"13","5578.01","1536.63","2016-09-25 00:00:00","2.47","3147.8","0","893.58","843.36","50.22","0","organic","PhoenixTucson"
"30","7061.26","295.98","2017-06-04 00:00:00","2.47","4783.78","342.96","1638.54","1638.54","0","0","organic","Charlotte"
"18","10410.14","1804.67","2017-08-27 00:00:00","2.47","2506.22","0","6099.25","6061.61","37.64","0","organic","LasVegas"
"43","3583.84","1073.79","2017-03-05 00:00:00","2.47","128.96","0","2381.09","1372.22","1008.87","0","organic","MiamiFtLauderdale"
"7","25247.34","3242.75","2016-11-06 00:00:00","2.46","19599.49","138.68","2266.42","2220.62","45.8","0","organic","NewYork"
"2","3874.86","1283.52","2016-12-11 00:00:00","2.46","2305.73","0","285.61","285.61","0","0","organic","Sacramento"
"29","5165.43","4.78","2017-06-11 00:00:00","2.46","644.84","0","4515.81","1073.33","3442.48","0","organic","BuffaloRochester"
"31","6662.68","2305.34","2017-05-28 00:00:00","2.46","3465.79","0","891.55","882.17","9.38","0","organic","Sacramento"
"41","5971.13","1795.34","2017-03-19 00:00:00","2.46","3449.75","0","726.04","726.04","0","0","organic","Sacramento"
"16","149611.1","21079.04","2017-09-10 00:00:00","2.46","30452.07","74.05","98005.94","61940.51","35933.2","132.23","organic","West"
"19","139145.2","19612.76","2017-08-20 00:00:00","2.46","39964.08","89.75","79478.61","50741.24","28728.57","8.8","organic","West"
"23","2960.69","80.9","2015-07-19 00:00:00","2.45","2832.42","4.04","43.33","43.33","0","0","organic","HartfordSpringfield"
"6","6285.53","930.03","2016-11-13 00:00:00","2.45","3349.54","3.21","2002.75","1991.38","11.37","0","organic","Philadelphia"
"18","3332.02","332.58","2017-08-27 00:00:00","2.45","1007.3","0","1992.14","1988.81","3.33","0","organic","Jacksonville"
"17","5470.24","439.16","2017-09-03 00:00:00","2.45","1794.3","0","3236.78","2042.89","1193.89","0","organic","Orlando"
"8","17023.02","2068.98","2017-11-05 00:00:00","2.45","2392.02","0","12562.02","1473.33","11077.58","11.11","organic","Portland"
"25","8311.12","2009.13","2017-07-09 00:00:00","2.45","3654.42","2.92","2644.65","2622.33","22.32","0","organic","SanFrancisco"
"21","3628.33","272.73","2017-08-06 00:00:00","2.45","1678.34","0","1677.26","572.35","1104.91","0","organic","Spokane"
"13","122625.26","16845.73","2017-10-01 00:00:00","2.45","24294.75","25.18","81459.6","44948.19","36434.83","76.58","organic","West"
"9","35647.66","5614.53","2016-10-23 00:00:00","2.44","22373.4","0","7659.73","7620.35","39.38","0","organic","LosAngeles"
"8","5676.57","1550.22","2016-10-30 00:00:00","2.44","3615.86","0","510.49","510.49","0","0","organic","Sacramento"
"31","1388.02","2.91","2017-05-28 00:00:00","2.44","943.6","0","441.51","418.89","22.62","0","organic","GrandRapids"
"49","9583.77","101.61","2017-01-22 00:00:00","2.44","3410.7","9.61","6061.85","6038.97","22.88","0","organic","HartfordSpringfield"
"52","11977.13","152.32","2017-01-01 00:00:00","2.44","7697.1","12.35","4115.36","3947.64","167.72","0","organic","HartfordSpringfield"
"26","63800.15","5739.89","2017-07-02 00:00:00","2.44","25934.55","1805.76","30319.95","30319.95","0","0","organic","NewYork"
"33","9771.04","182.76","2017-05-14 00:00:00","2.44","6859.79","373.56","2354.93","2133.98","220.95","0","organic","RaleighGreensboro"
"40","6509.21","2084.95","2017-03-26 00:00:00","2.44","3599.7","0","824.56","824.56","0","0","organic","Sacramento"
"23","16831.7","5952.05","2017-07-23 00:00:00","2.44","6286.11","0","4593.54","4577.62","15.92","0","organic","SanFrancisco"
"26","2508.3","0","2017-07-02 00:00:00","2.44","263.71","0","2244.59","745.47","1499.12","0","organic","Syracuse"
"48","9412.37","96.15","2017-01-29 00:00:00","2.43","3494.43","9.62","5812.17","5602.31","209.86","0","organic","HartfordSpringfield"
"50","11203.27","119.46","2017-01-15 00:00:00","2.43","4601.08","6.87","6475.86","6277.53","198.33","0","organic","HartfordSpringfield"
"51","9880.58","38.45","2017-01-08 00:00:00","2.43","4063.04","17.85","5761.24","5593.41","167.83","0","organic","HartfordSpringfield"
"19","7716.25","1214.19","2017-08-20 00:00:00","2.43","2783.49","0","3718.57","3699.15","19.42","0","organic","LasVegas"
"44","3101.87","1208.16","2017-02-26 00:00:00","2.43","65.84","0","1827.87","1188.89","638.98","0","organic","MiamiFtLauderdale"
"30","6820.7","2184.08","2017-06-04 00:00:00","2.43","3605.15","0","1031.47","1029.6","1.87","0","organic","Sacramento"
"33","5255.47","1982.43","2017-05-14 00:00:00","2.43","2481.05","2.68","789.31","785.59","3.72","0","organic","Sacramento"
"9","26592.14","1118.1","2017-10-29 00:00:00","2.43","11280.32","16.56","14177.16","1095.88","13069.96","11.32","organic","Seattle"
"27","2664","1.28","2017-06-25 00:00:00","2.43","137.32","0","2525.4","894.12","1631.28","0","organic","Syracuse"
"19","10788.29","1665.31","2017-08-20 00:00:00","2.43","3993.41","0","5129.57","5010.27","119.3","0","organic","WestTexNewMexico"
"21","2676.3","82.67","2015-08-02 00:00:00","2.42","2503.23","1.36","89.04","89.04","0","0","organic","HartfordSpringfield"
"3","8036.44","103.64","2016-12-04 00:00:00","2.42","3639.96","2.74","4290.1","4290.1","0","0","organic","HartfordSpringfield"
"39","13121.84","495","2017-04-02 00:00:00","2.42","6057.25","0","6569.59","6538.95","30.64","0","organic","HartfordSpringfield"
"17","3200.72","195.87","2017-09-03 00:00:00","2.42","675.34","4.81","2324.7","2289.98","34.72","0","organic","Jacksonville"
"19","14113.65","1007.89","2017-08-20 00:00:00","2.42","7203.91","0","5901.85","5871.85","30","0","organic","SanDiego"
"28","3405.58","0","2017-06-18 00:00:00","2.42","144.6","0","3260.98","1100.84","2160.14","0","organic","Syracuse"
"13","4559.35","53.88","2015-09-27 00:00:00","2.41","4317.3","4.14","184.03","159.47","24.56","0","organic","HartfordSpringfield"
"0","8403.07","64.48","2016-12-25 00:00:00","2.41","3552.13","13.72","4772.74","4456.42","316.32","0","organic","HartfordSpringfield"
"12","35543.08","3506.59","2016-10-02 00:00:00","2.41","11530.82","1515.94","18989.73","18656.77","332.96","0","organic","NewYork"
"21","24047.65","3526.76","2016-07-31 00:00:00","2.41","14455.51","1723.03","4342.35","4337.46","4.89","0","organic","NewYork"
"0","4567.83","1449.65","2016-12-25 00:00:00","2.41","2867.8","2.68","247.7","247.7","0","0","organic","Sacramento"
"10","1631.8","41.07","2017-10-22 00:00:00","2.41","543.46","0","1047.27","127.12","915.59","4.56","organic","Boise"
"33","71188.47","6758.27","2017-05-14 00:00:00","2.41","25947.46","2033.18","36449.56","36449.56","0","0","organic","NewYork"
"25","4295.54","160.42","2015-07-05 00:00:00","2.4","3786.57","0","348.55","348.55","0","0","organic","HartfordSpringfield"
"27","3776.07","74.33","2015-06-21 00:00:00","2.4","3375.21","0","326.53","299.86","26.67","0","organic","HartfordSpringfield"
"14","3413.65","693.42","2015-09-20 00:00:00","2.4","2696.9","0","23.33","23.33","0","0","organic","LasVegas"
"34","13840.67","105.24","2016-05-01 00:00:00","2.4","6947.38","0","6788.05","6560.1","227.95","0","organic","HartfordSpringfield"
"23","55607.08","4034.86","2016-07-17 00:00:00","2.4","16488.14","2929.81","32154.27","31257.04","897.23","0","organic","NewYork"
"11","5962.78","1749.69","2016-10-09 00:00:00","2.4","2997.36","0","1215.73","1109.07","106.66","0","organic","PhoenixTucson"
"18","13994.9","74.89","2017-08-27 00:00:00","2.4","4981.75","2.77","8935.49","8935.49","0","0","organic","HartfordSpringfield"
"35","3477.7","1154.19","2017-04-30 00:00:00","2.4","62.02","0","2261.49","2250","11.49","0","organic","MiamiFtLauderdale"
"32","5955.32","2135.74","2017-05-21 00:00:00","2.4","2881.3","1.35","936.93","896.93","40","0","organic","Sacramento"
"24","14099.42","4163.34","2017-07-16 00:00:00","2.4","5797.11","0","4138.97","4137.35","1.62","0","organic","SanFrancisco"
"25","2789.76","0","2017-07-09 00:00:00","2.4","148.65","0","2641.11","861.32","1779.79","0","organic","Syracuse"
"14","111321.19","17650.08","2017-09-24 00:00:00","2.4","22295.44","42.34","71333.33","40018.26","31209.23","105.84","organic","West"
"15","139471.62","22989.15","2017-09-17 00:00:00","2.4","25396.53","55.47","91030.47","60324.57","30664.81","41.09","organic","West"
"19","3753.16","1360.6","2015-08-16 00:00:00","2.39","2053.79","2.72","336.05","336.05","0","0","organic","HartfordSpringfield"
"22","2606.3","67.61","2015-07-26 00:00:00","2.39","2487.67","0","51.02","47.69","3.33","0","organic","HartfordSpringfield"
"23","12209.9","19.02","2016-07-17 00:00:00","2.39","3863.13","8.15","8319.6","8319.6","0","0","organic","HartfordSpringfield"
"8","6531.71","1020.47","2016-10-30 00:00:00","2.39","3824.37","0","1686.87","1633.31","53.56","0","organic","Philadelphia"
"11","5634.61","1178.65","2016-10-09 00:00:00","2.39","4135.76","0","320.2","320.2","0","0","organic","Sacramento"
"14","23514.36","1244.2","2016-09-18 00:00:00","2.39","20050.91","0","2219.25","2165.92","53.33","0","organic","SanFrancisco"
"29","1312.01","0","2017-06-11 00:00:00","2.39","939.89","0","372.12","85.56","286.56","0","organic","GrandRapids"
"15","5487.1","1148.88","2017-09-17 00:00:00","2.39","131.26","0","4206.96","4200.29","6.67","0","organic","LasVegas"
"29","81679.26","9032.28","2017-06-11 00:00:00","2.39","33481.66","685.11","38480.21","37772.25","707.96","0","organic","NewYork"
"32","70663.57","6849.35","2017-05-21 00:00:00","2.39","27571.04","1575.09","34668.09","34668.09","0","0","organic","NewYork"
"35","6331.52","2222.42","2017-04-30 00:00:00","2.39","3238.73","1.35","869.02","865.28","3.74","0","organic","Sacramento"
"15","12673.52","2229.66","2017-09-17 00:00:00","2.39","9322.51","0","1121.35","1121.35","0","0","organic","SanDiego"
"12","10964.67","1952.2","2017-10-08 00:00:00","2.39","2235.24","0","6777.23","6542.72","234.51","0","organic","WestTexNewMexico"
"17","7657.47","927.27","2017-09-03 00:00:00","2.39","4056.73","0","2673.47","2629.18","44.29","0","organic","WestTexNewMexico"
"24","2843.66","122.16","2015-07-12 00:00:00","2.38","2585.19","0","136.31","136.31","0","0","organic","HartfordSpringfield"
"44","4834.37","670.44","2015-02-22 00:00:00","2.38","3747.31","2.64","413.98","413.98","0","0","organic","HartfordSpringfield"
"4","29117.76","4165.67","2016-11-27 00:00:00","2.38","14257.49","238.38","10456.22","10376.02","80.2","0","organic","NewYork"
"16","24494.11","808.89","2016-09-04 00:00:00","2.38","20860.73","0","2824.49","2771.16","53.33","0","organic","SanFrancisco"
"17","24143.51","879.59","2016-08-28 00:00:00","2.38","20543.36","0","2720.56","2703.89","16.67","0","organic","SanFrancisco"
"44","21256.64","1145.81","2016-02-21 00:00:00","2.38","20051.14","0","59.69","53.02","6.67","0","organic","SanFrancisco"
"11","10195.59","64","2017-10-15 00:00:00","2.38","3476.86","161.46","6493.27","6320.51","172.76","0","organic","Charlotte"
"31","76002.26","6137.98","2017-05-28 00:00:00","2.38","30135.14","629.9","39099.24","38971.17","128.07","0","organic","NewYork"
"35","4681.64","2188.24","2017-04-30 00:00:00","2.38","289.11","0","2204.29","1853.34","350.95","0","organic","Orlando"
"14","14971.31","130.85","2017-09-24 00:00:00","2.38","4470.68","116.31","10253.47","9603.33","650.14","0","organic","RaleighGreensboro"
"30","9283.58","278.47","2017-06-04 00:00:00","2.38","5303.7","280.8","3420.61","2204.98","1215.63","0","organic","RaleighGreensboro"
"22","3374.92","127.96","2017-07-30 00:00:00","2.38","1619.38","0","1627.58","587.08","1040.5","0","organic","Spokane"
"16","11857.31","1562.1","2017-09-10 00:00:00","2.38","4565.41","0","5729.8","5719.96","9.84","0","organic","WestTexNewMexico"
"16","4058.62","172.82","2015-09-06 00:00:00","2.37","3667.53","2.74","215.53","209.43","6.1","0","organic","HartfordSpringfield"
"46","5223.36","49.13","2015-02-08 00:00:00","2.37","4531.32","15.93","626.98","626.98","0","0","organic","HartfordSpringfield"
"7","119037.25","22140.03","2016-11-06 00:00:00","2.37","56357.55","0","40539.67","27968.55","12571.12","0","organic","California"
"20","27155.2","4520.35","2016-08-07 00:00:00","2.37","16430.44","1881.12","4323.29","4249.64","73.65","0","organic","NewYork"
"15","24473.19","1085.31","2016-09-11 00:00:00","2.37","20414.18","0","2973.7","2947.03","26.67","0","organic","SanFrancisco"
"18","20261","1618.49","2016-08-21 00:00:00","2.37","16299.31","0","2343.2","2303.2","40","0","organic","SanFrancisco"
"22","22083.85","1599.49","2016-07-24 00:00:00","2.37","18771.61","0","1712.75","1709.42","3.33","0","organic","SanFrancisco"
"45","21276.09","1014.44","2016-02-14 00:00:00","2.37","20230.54","0","31.11","31.11","0","0","organic","SanFrancisco"
"19","140365.99","28993.37","2017-08-20 00:00:00","2.37","44771.32","1.57","66599.73","66546.4","53.33","0","organic","California"
"18","63222.41","11685.86","2017-08-27 00:00:00","2.37","20166.84","0","31369.71","31337.34","32.37","0","organic","LosAngeles"
"27","5625.98","2005.87","2017-06-25 00:00:00","2.37","2820.32","0","799.79","796.46","3.33","0","organic","Sacramento"
"38","6283.41","2155.7","2017-04-09 00:00:00","2.37","3467.14","0","660.57","653.9","6.67","0","organic","Sacramento"
"16","12770.99","1925.87","2017-09-10 00:00:00","2.37","9140.03","0","1705.09","1705.09","0","0","organic","SanDiego"
"21","12981.7","1047.77","2017-08-06 00:00:00","2.37","6973.51","0","4960.42","4960.42","0","0","organic","SanDiego"
"22","12594.87","819.66","2017-07-30 00:00:00","2.37","6870.21","0","4905","4871.67","33.33","0","organic","SanDiego"
"29","3056.43","0","2017-06-11 00:00:00","2.37","164.45","0","2891.98","1093.12","1798.86","0","organic","Syracuse"
"12","153186.84","25306.59","2017-10-08 00:00:00","2.37","26921.31","62.43","100896.51","65388.81","35461.95","45.75","organic","West"
"13","8873.32","1474.43","2017-10-01 00:00:00","2.37","1689.97","0","5708.92","5639.42","69.5","0","organic","WestTexNewMexico"
"15","2868.18","49.48","2015-09-13 00:00:00","2.36","2509.01","2.75","306.94","306.94","0","0","organic","HartfordSpringfield"
"31","3550.25","84.97","2015-05-24 00:00:00","2.36","3012.17","18.3","434.81","434.81","0","0","organic","HartfordSpringfield"
"23","19558.81","3893.65","2015-07-19 00:00:00","2.36","15665.16","0","0","0","0","0","organic","SanFrancisco"
"1","8155.56","152.23","2016-12-18 00:00:00","2.36","3987.7","4.11","4011.52","3904.85","106.67","0","organic","HartfordSpringfield"
"14","10644.73","83.96","2016-09-18 00:00:00","2.36","3101.07","5.51","7454.19","7427.43","26.76","0","organic","HartfordSpringfield"
"20","5402.37","35.74","2016-08-07 00:00:00","2.36","3832.23","2.73","1531.67","1531.67","0","0","organic","HartfordSpringfield"
"30","8731.75","108.44","2016-05-29 00:00:00","2.36","4143.31","4.02","4475.98","4437.31","38.67","0","organic","HartfordSpringfield"
"31","10501.75","29.41","2016-05-22 00:00:00","2.36","3535.03","0","6937.31","6925.43","11.88","0","organic","HartfordSpringfield"
"14","45701.82","4207.74","2016-09-18 00:00:00","2.36","13327.73","1497.47","26668.88","26583.76","85.12","0","organic","NewYork"
"1","3768.98","1376.52","2016-12-18 00:00:00","2.36","2177.8","0","214.66","214.66","0","0","organic","Sacramento"
"21","10271.22","28.61","2017-08-06 00:00:00","2.36","4983.56","251.04","5008.01","5008.01","0","0","organic","Charlotte"
"36","4011.49","1362.77","2017-04-23 00:00:00","2.36","71.28","0","2577.44","2540","37.44","0","organic","MiamiFtLauderdale"
"27","68542.66","5993.84","2017-06-25 00:00:00","2.36","27972.54","1229.15","33347.13","33342.24","4.89","0","organic","NewYork"
"25","10675.62","968.76","2017-07-09 00:00:00","2.36","4706.74","5.89","4994.23","4994.23","0","0","organic","Philadelphia"
"25","3562.52","1253.12","2017-07-09 00:00:00","2.36","1982.16","0","327.24","322.03","5.21","0","organic","Sacramento"
"42","6022.12","1643.55","2017-03-12 00:00:00","2.36","3655.76","2.68","720.13","720.13","0","0","organic","Sacramento"
"13","6583.11","26.77","2017-10-01 00:00:00","2.36","913.31","0","5643.03","1750.22","3892.81","0","organic","StLouis"
"15","10464.29","1845.14","2017-09-17 00:00:00","2.36","2819.17","0","5799.98","5796.65","3.33","0","organic","WestTexNewMexico"
"16","908.95","9.22","2015-09-06 00:00:00","2.35","813.54","0","86.19","3.33","82.86","0","organic","Boise"
"49","2552.09","39.56","2015-01-18 00:00:00","2.35","2233.79","12.07","266.67","266.67","0","0","organic","HartfordSpringfield"
"7","8304.78","3221.4","2016-11-06 00:00:00","2.35","3921.27","0","1162.11","1048.78","113.33","0","organic","PhoenixTucson"
"13","9831.47","734.45","2016-09-25 00:00:00","2.35","8359.4","0","737.62","737.62","0","0","organic","SanDiego"
"13","21280.92","1004.39","2016-09-25 00:00:00","2.35","17080.28","0","3196.25","3172.92","23.33","0","organic","SanFrancisco"
"6","1795.08","38.49","2016-11-13 00:00:00","2.35","1229.53","1.01","526.05","43.33","482.72","0","organic","Spokane"
"11","6223.98","1319.88","2016-10-09 00:00:00","2.35","2864.97","8.55","2030.58","1993.91","36.67","0","organic","WestTexNewMexico"
"20","10438.1","33","2017-08-13 00:00:00","2.35","4739.09","242.97","5423.04","5418.6","4.44","0","organic","Charlotte"
"46","9386.83","45.3","2017-02-12 00:00:00","2.35","3547.5","12.36","5781.67","5751.16","30.51","0","organic","HartfordSpringfield"
"16","4093.34","195.54","2017-09-10 00:00:00","2.35","665.8","0","3232","2181.65","1050.35","0","organic","Jacksonville"
"13","8517.29","239.14","2017-10-01 00:00:00","2.35","1618.07","0","6660.08","5291.11","1368.97","0","organic","Orlando"
"23","28248.08","2185.42","2017-07-23 00:00:00","2.35","10316.01","8.19","15738.46","173.33","15565.13","0","organic","Portland"
"37","6274.05","2025.64","2017-04-16 00:00:00","2.35","3501.53","0","746.88","743.55","3.33","0","organic","Sacramento"
"26","34268.25","1634.38","2017-07-02 00:00:00","2.35","18664.45","43","13926.42","262.08","13664.34","0","organic","Seattle"
"2","6923.91","75.32","2015-12-13 00:00:00","2.34","2154.16","2410.25","2284.18","2284.18","0","0","organic","HartfordSpringfield"
"29","3478.25","276.38","2015-06-07 00:00:00","2.34","2787.48","1.32","413.07","413.07","0","0","organic","HartfordSpringfield"
"15","3783.2","847.33","2015-09-13 00:00:00","2.34","2556.59","0","379.28","270","109.28","0","organic","LasVegas"
"27","15733.14","3466.62","2015-06-21 00:00:00","2.34","9967.4","1167.6","1131.52","1124.85","6.67","0","organic","NewYork"
"8","4272.13","275.57","2016-10-30 00:00:00","2.34","2734.41","1.38","1260.77","1080.29","180.48","0","organic","HartfordSpringfield"
"11","6836.11","48.42","2016-10-09 00:00:00","2.34","3841.72","2.77","2943.2","2854.82","88.38","0","organic","HartfordSpringfield"
"13","9905.86","188.52","2016-09-25 00:00:00","2.34","3116.08","13.79","6587.47","6491.72","95.75","0","organic","HartfordSpringfield"
"16","9021.82","167.34","2016-09-04 00:00:00","2.34","4191.66","9.6","4653.22","4653.22","0","0","organic","HartfordSpringfield"
"32","7461.06","22.7","2016-05-15 00:00:00","2.34","3504.75","14.69","3918.92","3865.51","53.41","0","organic","HartfordSpringfield"
"13","31716.46","3786.22","2016-09-25 00:00:00","2.34","10296.42","600.95","17032.87","16887.13","145.74","0","organic","NewYork"
"10","9048.18","696.18","2016-10-16 00:00:00","2.34","5316.66","0","3035.34","3035.34","0","0","organic","SanFrancisco"
"30","28707.18","1397.86","2016-05-29 00:00:00","2.34","25119.52","0","2189.8","2186.47","3.33","0","organic","SanFrancisco"
"31","30292.77","1453.65","2016-05-22 00:00:00","2.34","27106.36","0","1732.76","1722.76","10","0","organic","SanFrancisco"
"9","1962.54","51.96","2017-10-29 00:00:00","2.34","511.36","0","1399.22","382.29","1016.93","0","organic","Boise"
"32","1678.36","10.21","2017-05-21 00:00:00","2.34","1091.48","0","576.67","576.67","0","0","organic","GrandRapids"
"34","88625.27","8039.83","2017-05-07 00:00:00","2.34","35366.86","1665.22","43553.36","43553.36","0","0","organic","NewYork"
"27","24536.33","6207.54","2017-06-25 00:00:00","2.34","9746.83","3.34","8578.62","227.23","8351.39","0","organic","Portland"
"8","22872.63","788.17","2017-11-05 00:00:00","2.34","8753.24","7.67","13323.55","1001.42","12312.18","9.95","organic","Seattle"
"45","2274.09","121.18","2017-02-19 00:00:00","2.34","1042.15","0","1110.76","784.25","326.51","0","organic","Spokane"
"4","1632.72","30.3","2015-11-29 00:00:00","2.33","1476.57","0","125.85","89.73","36.12","0","organic","HartfordSpringfield"
"17","2641.01","88.92","2015-08-30 00:00:00","2.33","2172.97","0","379.12","373.04","6.08","0","organic","HartfordSpringfield"
"10","5131.43","35.26","2016-10-16 00:00:00","2.33","3657.66","12.47","1426.04","1237.39","188.65","0","organic","HartfordSpringfield"
"12","7328.91","61.79","2016-10-02 00:00:00","2.33","3168.72","6.91","4091.49","3937.98","153.51","0","organic","HartfordSpringfield"
"24","9578.06","202.21","2016-07-10 00:00:00","2.33","3689.57","1.36","5684.92","5684.92","0","0","organic","HartfordSpringfield"
"25","9168.9","167.86","2016-07-03 00:00:00","2.33","3744.45","8.12","5248.47","5248.47","0","0","organic","HartfordSpringfield"
"38","8734.54","219.02","2016-04-03 00:00:00","2.33","2777.81","0","5737.71","5737.71","0","0","organic","HartfordSpringfield"
"10","17837.78","3985.49","2016-10-16 00:00:00","2.33","11359.44","88.68","2404.17","1942.38","461.79","0","organic","NewYork"
"24","50300.29","4834.52","2016-07-10 00:00:00","2.33","19429.86","2346.9","23689.01","23056.33","632.68","0","organic","NewYork"
"12","6408.53","1399.51","2016-10-02 00:00:00","2.33","4712.45","7.96","288.61","268.61","20","0","organic","Sacramento"
"20","24605.38","2253.95","2016-08-07 00:00:00","2.33","19463.2","0","2888.23","2861.56","26.67","0","organic","SanFrancisco"
"36","25486.1","1308.2","2016-04-17 00:00:00","2.33","22553.45","0","1624.45","1624.45","0","0","organic","SanFrancisco"
"37","25141.16","1173.24","2016-04-10 00:00:00","2.33","22169.11","0","1798.81","1798.81","0","0","organic","SanFrancisco"
"40","24714.55","1130.34","2016-03-20 00:00:00","2.33","21871.99","0","1712.22","1712.22","0","0","organic","SanFrancisco"
"8","1886.42","45","2017-11-05 00:00:00","2.33","504.52","0","1336.9","383.32","953.58","0","organic","Boise"
"30","1389.65","2.87","2017-06-04 00:00:00","2.33","903.88","0","482.9","326.67","156.23","0","organic","GrandRapids"
"26","13643.23","1162.18","2017-07-02 00:00:00","2.33","6156.45","7.31","6317.29","6275.92","41.37","0","organic","Philadelphia"
"42","14160.84","2593.91","2017-03-12 00:00:00","2.33","5686.31","15.17","5865.45","5865.45","0","0","organic","Philadelphia"
"20","20028.66","3505.69","2017-08-13 00:00:00","2.33","2495.68","0","14027.29","1686.43","12340.86","0","organic","Portland"
"24","28189.28","3130.81","2017-07-16 00:00:00","2.33","8104.86","5.04","16948.57","275.55","16673.02","0","organic","Portland"
"19","8187.92","2354.98","2017-08-20 00:00:00","2.33","2815.2","1.31","3016.43","3013.1","3.33","0","organic","Sacramento"
"12","13013.83","754.58","2017-10-08 00:00:00","2.33","8162.44","0","4096.81","4096.81","0","0","organic","SanDiego"
"21","13350.56","3753.8","2017-08-06 00:00:00","2.33","5234.25","0","4362.51","4356.01","6.5","0","organic","SanFrancisco"
"15","71648.47","2089.25","2017-09-17 00:00:00","2.33","17722.64","103.36","51733.22","33649.14","18084.08","0","organic","Southeast"
"0","5526.5","88.59","2015-12-27 00:00:00","2.32","3733.01","6.81","1698.09","1619.34","78.75","0","organic","HartfordSpringfield"
"51","4801.1","87.56","2015-01-04 00:00:00","2.32","4364.01","0","349.53","349.53","0","0","organic","HartfordSpringfield"
"26","7355.55","37.86","2016-06-26 00:00:00","2.32","3299.19","4.06","4014.44","4014.44","0","0","organic","HartfordSpringfield"
"46","7536.3","190.13","2016-02-07 00:00:00","2.32","5285.63","13.48","2047.06","1900.23","146.83","0","organic","HartfordSpringfield"
"17","19375.8","3097.46","2016-08-28 00:00:00","2.32","12760.69","1275.9","2241.75","2179.4","62.35","0","organic","NewYork"
"22","29300.63","3376.77","2016-07-24 00:00:00","2.32","15393.58","2405.74","8124.54","7608.87","515.67","0","organic","NewYork"
"7","7734.59","869.13","2016-11-06 00:00:00","2.32","2632.06","0","4233.4","4214.36","19.04","0","organic","Philadelphia"
"24","29064.21","1759.68","2016-07-10 00:00:00","2.32","25145.42","0","2159.11","2149.11","10","0","organic","SanFrancisco"
"23","2469.93","632.92","2016-07-17 00:00:00","2.32","1787.23","0","49.78","44.48","5.3","0","organic","Spokane"
"20","1816.79","71.06","2017-08-13 00:00:00","2.32","602.73","0","1143","186.3","956.7","0","organic","Boise"
"34","845.11","0","2017-05-07 00:00:00","2.32","738.66","0","106.45","86.67","19.78","0","organic","GrandRapids"
"15","64855.01","12786.21","2017-09-17 00:00:00","2.32","24889.5","0","27179.3","27160.25","19.05","0","organic","LosAngeles"
"16","64680.12","11202.9","2017-09-10 00:00:00","2.32","25484.11","0","27993.11","27987.79","5.32","0","organic","LosAngeles"
"38","3748.67","317.51","2017-04-09 00:00:00","2.32","25.8","0","3405.36","1365.56","2039.8","0","organic","MiamiFtLauderdale"
"28","936.69","103.46","2017-06-18 00:00:00","2.32","679.9","0","153.33","150","3.33","0","organic","NewOrleansMobile"
"6","9279.95","131.72","2017-11-19 00:00:00","2.32","3703.25","93.25","5351.73","5306.4","45.33","0","organic","RaleighGreensboro"
"7","11244.3","95.76","2017-11-12 00:00:00","2.32","4252.55","121.67","6774.32","6614.27","160.05","0","organic","RaleighGreensboro"
"26","4572.42","1472.51","2017-07-02 00:00:00","2.32","2437.84","2.7","659.37","656.04","3.33","0","organic","Sacramento"
"45","5375.95","1718.41","2017-02-19 00:00:00","2.32","3242.62","1.34","413.58","413.58","0","0","organic","Sacramento"
"20","12511.08","930.36","2017-08-13 00:00:00","2.32","6082.22","0","5498.5","5495.17","3.33","0","organic","SanDiego"
"5","2318.13","138.16","2015-11-22 00:00:00","2.31","2079.91","1.38","98.68","83.07","15.61","0","organic","HartfordSpringfield"
"14","2700.77","179.18","2015-09-20 00:00:00","2.31","2459.91","2.76","58.92","58.92","0","0","organic","HartfordSpringfield"
"18","2928.46","117.28","2015-08-23 00:00:00","2.31","2302.09","0","509.09","509.09","0","0","organic","HartfordSpringfield"
"20","5078.46","1941.88","2015-08-09 00:00:00","2.31","2656.17","1.36","479.05","479.05","0","0","organic","HartfordSpringfield"
"26","2790.4","133.18","2015-06-28 00:00:00","2.31","2522.05","0","135.17","135.17","0","0","organic","HartfordSpringfield"
"33","4484.97","79.2","2015-05-10 00:00:00","2.31","3796.6","3.89","605.28","605.28","0","0","organic","HartfordSpringfield"
"13","1592.71","1229.36","2015-09-27 00:00:00","2.31","49.36","20.66","293.33","293.33","0","0","organic","Jacksonville"
"12","4655.07","1209.45","2015-10-04 00:00:00","2.31","3328.95","0","116.67","116.67","0","0","organic","LasVegas"
"29","15733.56","2746.38","2015-06-07 00:00:00","2.31","9225.5","875.98","2885.7","2885.7","0","0","organic","NewYork"
"27","7083.46","53.14","2016-06-19 00:00:00","2.31","3159.79","0","3870.53","3870.53","0","0","organic","HartfordSpringfield"
"28","5799.45","121.61","2016-06-12 00:00:00","2.31","3428.72","14.86","2234.26","2234.26","0","0","organic","HartfordSpringfield"
"37","8039.96","33.34","2016-04-10 00:00:00","2.31","2817.51","0","5189.11","5144.65","44.46","0","organic","HartfordSpringfield"
"45","4968.79","149.4","2016-02-14 00:00:00","2.31","3103.78","0","1715.61","1697.67","17.94","0","organic","HartfordSpringfield"
"25","29071.11","1423.41","2016-07-03 00:00:00","2.31","25739.18","14.19","1894.33","1884.33","10","0","organic","SanFrancisco"
"27","26991.7","1610.48","2016-06-19 00:00:00","2.31","23719.15","0","1662.07","1658.74","3.33","0","organic","SanFrancisco"
"42","24869.6","1787.24","2016-03-06 00:00:00","2.31","22321.65","0","760.71","760.71","0","0","organic","SanFrancisco"
"34","8083.68","146.19","2017-05-07 00:00:00","2.31","5186.8","414.39","2336.3","1777.58","558.72","0","organic","Charlotte"
"12","1841.09","54.21","2017-10-08 00:00:00","2.31","463.78","8.43","1314.67","1314.67","0","0","organic","Jacksonville"
"25","160288.02","6638.91","2017-07-09 00:00:00","2.31","35153.51","1626.85","116868.75","104841.75","12027","0","organic","Northeast"
"14","7564.56","496.68","2017-09-24 00:00:00","2.31","1531.43","0","5536.45","4451.92","1084.53","0","organic","Orlando"
"38","4434.71","1570.06","2017-04-09 00:00:00","2.31","215.36","0","2649.29","1034.11","1615.18","0","organic","Orlando"
"39","6244.05","2073.38","2017-04-02 00:00:00","2.31","3328.69","0","841.98","841.98","0","0","organic","Sacramento"
"50","5267.55","1502.96","2017-01-15 00:00:00","2.31","3492.53","0","272.06","265.39","6.67","0","organic","Sacramento"
"23","13629.65","784.86","2017-07-23 00:00:00","2.31","8530.78","0","4314.01","4310.68","3.33","0","organic","SanDiego"
"12","2855.32","64.28","2015-10-04 00:00:00","2.3","2269.13","5.54","516.37","396.42","119.95","0","organic","HartfordSpringfield"
"32","3485.39","46.31","2015-05-17 00:00:00","2.3","2854.86","2.61","581.61","581.61","0","0","organic","HartfordSpringfield"
"19","16293.09","2843.86","2015-08-16 00:00:00","2.3","11396.1","789.75","1263.38","1242.18","21.2","0","organic","NewYork"
"4","20020.98","57.34","2016-11-27 00:00:00","2.3","16648.36","0","3315.28","3315.28","0","0","organic","Chicago"
"5","24924.61","49.68","2016-11-20 00:00:00","2.3","22005.49","0","2869.44","2869.44","0","0","organic","Chicago"
"5","9689.09","186.96","2016-11-20 00:00:00","2.3","5910.73","0","3591.4","3372.13","219.27","0","organic","HartfordSpringfield"
"22","7492.17","28.58","2016-07-24 00:00:00","2.3","3330.69","2.72","4130.18","4130.18","0","0","organic","HartfordSpringfield"
"40","6407.43","160.54","2016-03-20 00:00:00","2.3","3228.32","2.68","3015.89","3015.89","0","0","organic","HartfordSpringfield"
"9","2988.4","267.02","2016-10-23 00:00:00","2.3","2457.1","0","264.28","264.28","0","0","organic","LasVegas"
"22","10298.23","3346","2016-07-24 00:00:00","2.3","3970.45","0","2981.78","591.78","2390","0","organic","LasVegas"
"11","26463.29","4174.98","2016-10-09 00:00:00","2.3","11904.61","791.44","9592.26","9213.05","379.21","0","organic","NewYork"
"12","3772.67","2847.79","2016-10-02 00:00:00","2.3","212.49","0","712.39","706.67","5.72","0","organic","Orlando"
"23","26284.24","1394.27","2016-07-17 00:00:00","2.3","22261.46","4.27","2624.24","2614.24","10","0","organic","SanFrancisco"
"29","26850.91","1444.73","2016-06-05 00:00:00","2.3","23217.46","0","2188.72","2182.05","6.67","0","organic","SanFrancisco"
"38","24055.14","1124.32","2016-04-03 00:00:00","2.3","21364.15","0","1566.67","1566.67","0","0","organic","SanFrancisco"
"47","23630.61","1637.6","2016-01-31 00:00:00","2.3","21868.98","0","124.03","86.82","37.21","0","organic","SanFrancisco"
"18","6882.52","589.98","2017-08-27 00:00:00","2.3","3095.69","0","3196.85","3196.85","0","0","organic","Orlando"
"24","14060.23","693.61","2017-07-16 00:00:00","2.3","9183.67","0","4182.95","4179.62","3.33","0","organic","SanDiego"
"10","29230.93","1276.83","2017-10-22 00:00:00","2.3","12683.1","15.26","15255.74","1354.57","13871.5","29.67","organic","Seattle"
"11","20151.24","10165.34","2018-01-07 00:00:00","2.3","8042.56","0","1943.34","1943.34","0","0","organic","SanFrancisco"
"18","937.64","7.69","2015-08-23 00:00:00","2.29","794.15","0","135.8","33.33","102.47","0","organic","Boise"
"48","2694.11","347.67","2015-01-25 00:00:00","2.29","956.65","920.11","469.68","469.68","0","0","organic","Charlotte"
"50","2390.22","155.92","2015-01-11 00:00:00","2.29","969.82","832.7","431.78","431.78","0","0","organic","Charlotte"
"12","7057.34","1714.94","2016-10-02 00:00:00","2.29","4946.21","0","396.19","22.67","373.52","0","organic","Atlanta"
"21","23597.78","1680.88","2016-07-31 00:00:00","2.29","20024.9","1.43","1890.57","1877.24","13.33","0","organic","SanFrancisco"
"43","24175.21","1143.86","2016-02-28 00:00:00","2.29","23000.07","0","31.28","31.28","0","0","organic","SanFrancisco"
"12","3413.45","2573.39","2016-10-02 00:00:00","2.29","180.06","0","660","650","10","0","organic","Tampa"
"13","3102.3","0","2017-10-01 00:00:00","2.29","999.73","0","2102.57","1289.23","813.34","0","organic","Louisville"
"26","170194.95","8951.42","2017-07-02 00:00:00","2.29","43472.34","1596.01","116175.18","106878.45","9296.73","0","organic","Northeast"
"10","7965.85","318.97","2017-10-22 00:00:00","2.29","1675.81","0","5971.07","4053.33","1917.74","0","organic","Orlando"
"33","17466.93","2785.9","2017-05-14 00:00:00","2.29","6672.5","19.57","7988.96","7988.96","0","0","organic","Philadelphia"
"22","28171.21","6085.95","2017-07-30 00:00:00","2.29","8191.27","25.18","13868.81","1355.55","12513.26","0","organic","Portland"
"8","12304.78","192.26","2017-11-05 00:00:00","2.29","4978.84","173.5","6960.18","6880.73","79.45","0","organic","RaleighGreensboro"
"20","11388.25","140.56","2017-08-13 00:00:00","2.29","4659.38","135.63","6452.68","6441.72","10.96","0","organic","RaleighGreensboro"
"36","6764.99","1967.94","2017-04-23 00:00:00","2.29","3979.11","0","817.94","817.94","0","0","organic","Sacramento"
"13","83783.04","2020.76","2017-10-01 00:00:00","2.29","18485.31","135.54","63141.43","52500.31","10641.12","0","organic","Southeast"
"15","996.79","10.31","2015-09-13 00:00:00","2.28","856.71","0","129.77","123.33","6.44","0","organic","Boise"
"50","3463.61","79.31","2015-01-11 00:00:00","2.28","3190.97","0","193.33","193.33","0","0","organic","HartfordSpringfield"
"18","15343.33","2738.56","2015-08-23 00:00:00","2.28","9860.03","921.71","1823.03","1734.46","88.57","0","organic","NewYork"
"7","14538.3","815.52","2016-11-06 00:00:00","2.28","7611.42","461.88","5649.48","5633.82","15.66","0","organic","BaltimoreWashington"
"6","1284.68","69.31","2016-11-13 00:00:00","2.28","822.04","0","393.33","393.33","0","0","organic","GrandRapids"
"43","9372.36","88.62","2016-02-28 00:00:00","2.28","5929.21","0","3354.53","3354.53","0","0","organic","HartfordSpringfield"
"48","4508.3","98.73","2016-01-24 00:00:00","2.28","2428.94","4.06","1976.57","1970.56","6.01","0","organic","HartfordSpringfield"
"25","46314.26","4225.62","2016-07-03 00:00:00","2.28","20280.75","1935.42","19872.47","19365.45","507.02","0","organic","NewYork"
"10","11256.86","1073.78","2016-10-16 00:00:00","2.28","9006.32","0","1176.76","1176.76","0","0","organic","SanDiego"
"6","28907.25","541.62","2016-11-13 00:00:00","2.28","18490.5","41.96","9833.17","801.11","9032.06","0","organic","Seattle"
"12","59194.04","5549.94","2017-10-08 00:00:00","2.28","22828.93","0","30815.17","30769.51","45.66","0","organic","LosAngeles"
"43","4320.91","1879.14","2017-03-05 00:00:00","2.28","207.53","0","2234.24","968.89","1265.35","0","organic","Orlando"
"20","5429.19","238.64","2017-08-13 00:00:00","2.28","1946.25","3.6","3240.7","1704.44","1536.26","0","organic","StLouis"
"11","2819.11","97.26","2015-10-11 00:00:00","2.27","2144.44","0","577.41","386.42","190.99","0","organic","HartfordSpringfield"
"36","3253.43","82.48","2015-04-19 00:00:00","2.27","2636.67","1.29","532.99","532.99","0","0","organic","HartfordSpringfield"
"39","2220.8","88.35","2015-03-29 00:00:00","2.27","1846.21","0","286.24","286.24","0","0","organic","HartfordSpringfield"
"15","12509.69","218.44","2016-09-11 00:00:00","2.27","5314.04","10.99","6966.22","6847.92","118.3","0","organic","HartfordSpringfield"
"29","7906.25","20.1","2016-06-05 00:00:00","2.27","3652.17","0","4233.98","4219.09","14.89","0","organic","HartfordSpringfield"
"47","4585.28","126.99","2016-01-31 00:00:00","2.27","2375.58","16.21","2066.5","1886.38","180.12","0","organic","HartfordSpringfield"
"21","9953.15","2964.22","2016-07-31 00:00:00","2.27","3659.42","0","3329.51","420.58","2908.93","0","organic","LasVegas"
"19","25308.77","5199.06","2016-08-14 00:00:00","2.27","15226.51","1468.34","3414.86","3059.85","355.01","0","organic","NewYork"
"32","31308.71","1845.91","2016-05-15 00:00:00","2.27","27742.47","0","1720.33","1713.66","6.67","0","organic","SanFrancisco"
"41","25229.74","1352.64","2016-03-13 00:00:00","2.27","22132.15","0","1744.95","1744.95","0","0","organic","SanFrancisco"
"13","1737.7","299.91","2016-09-25 00:00:00","2.27","912.38","0","525.41","54.5","470.91","0","organic","Spokane"
"9","4582.72","758.61","2016-10-23 00:00:00","2.27","3479.36","11.41","333.34","333.34","0","0","organic","WestTexNewMexico"
"29","12229","395.39","2017-06-11 00:00:00","2.27","228.26","1254.41","10350.94","10298.77","52.17","0","organic","HarrisburgScranton"
"12","4734.25","198.53","2017-10-08 00:00:00","2.27","1046.76","0","3488.96","3378.88","110.08","0","organic","Orlando"
"17","8020.1","358.1","2017-09-03 00:00:00","2.27","1952.12","0","5709.88","3207.99","2501.89","0","organic","Roanoke"
"13","13509.43","1595.59","2017-10-01 00:00:00","2.27","8857.77","0","3056.07","3056.07","0","0","organic","SanDiego"
"3","15142.03","7080.05","2017-12-10 00:00:00","2.27","7071.98","0","990","990","0","0","organic","SanFrancisco"
"12","6086.65","19.03","2017-10-08 00:00:00","2.27","733.82","0","5333.8","2024.86","3308.94","0","organic","StLouis"
"38","4154.91","957.86","2017-04-09 00:00:00","2.27","54.13","0","3142.92","1275.82","1867.1","0","organic","Tampa"
"8","20325.75","9368.06","2018-01-28 00:00:00","2.27","8808.8","0","2148.89","2148.89","0","0","organic","SanFrancisco"
"41","2727.38","83.69","2015-03-15 00:00:00","2.26","2234.24","0","409.45","409.45","0","0","organic","HartfordSpringfield"
"10","2167.37","1601.22","2015-10-18 00:00:00","2.26","44.61","14.87","506.67","506.67","0","0","organic","Jacksonville"
"5","841.53","43.11","2016-11-20 00:00:00","2.26","481.19","0","317.23","317.23","0","0","organic","GrandRapids"
"27","37403.19","3233.43","2016-06-19 00:00:00","2.26","14646.75","174.74","19348.27","18633.3","714.97","0","organic","NewYork"
"10","6276.25","824.21","2016-10-16 00:00:00","2.26","2624.61","0","2827.43","2717.14","110.29","0","organic","Philadelphia"
"11","1792.53","123.09","2016-10-09 00:00:00","2.26","853.68","192.57","623.19","123.53","499.66","0","organic","Spokane"
"25","18665.31","1270.14","2017-07-09 00:00:00","2.26","7508.32","197.39","9689.46","9685.02","4.44","0","organic","BaltimoreWashington"
"24","2647.32","74.38","2017-07-16 00:00:00","2.26","680.06","0","1892.88","440.28","1452.6","0","organic","Boise"
"20","13330.73","83.87","2017-08-13 00:00:00","2.26","4346.49","0","8900.37","8889.63","10.74","0","organic","HartfordSpringfield"
"42","93328.69","9962.52","2017-03-12 00:00:00","2.26","40186.45","162.33","43017.39","43017.39","0","0","organic","NewYork"
"27","181964.19","8675.31","2017-06-25 00:00:00","2.26","45535.71","1086.85","126666.32","115565.9","11100.42","0","organic","Northeast"
"29","191985.27","13018.96","2017-06-11 00:00:00","2.26","48648.68","1883.32","128434.31","116899.45","11534.86","0","organic","Northeast"
"45","29024.68","800.29","2017-02-19 00:00:00","2.26","14582.23","12.06","13630.1","9407.45","4222.65","0","organic","Seattle"
"17","77686.48","2180.86","2017-09-03 00:00:00","2.26","19175.72","171.85","56158.05","40265.41","15892.64","0","organic","Southeast"
"14","9528.64","1545.34","2017-09-24 00:00:00","2.26","2234.23","0","5749.07","5722.4","26.67","0","organic","WestTexNewMexico"
"28","3551.66","123.54","2015-06-14 00:00:00","2.25","2957.88","7.93","462.31","462.31","0","0","organic","HartfordSpringfield"
"12","15454.59","1978.71","2015-10-04 00:00:00","2.25","11877.16","47.48","1551.24","428.68","1122.56","0","organic","NewYork"
"8","7568.41","1126.99","2016-10-30 00:00:00","2.25","5373.69","0","1067.73","0","1067.73","0","organic","Atlanta"
"6","28482.64","56.66","2016-11-13 00:00:00","2.25","25011.26","0","3414.72","3414.72","0","0","organic","Chicago"
"23","10784.6","3690.4","2016-07-17 00:00:00","2.25","3871.61","0","3222.59","766.55","2456.04","0","organic","LasVegas"
"8","25450.53","5223.58","2016-10-30 00:00:00","2.25","18866.35","57.57","1303.03","777.54","525.49","0","organic","NewYork"
"22","20483.39","5280.24","2016-07-24 00:00:00","2.25","13778.08","9.85","1415.22","1037.71","377.51","0","organic","Portland"
"28","27349.15","1204.96","2016-06-12 00:00:00","2.25","24024.21","0","2119.98","2116.65","3.33","0","organic","SanFrancisco"
"19","1921.43","622.77","2016-08-14 00:00:00","2.25","1072.24","0","226.42","99.45","126.97","0","organic","Spokane"
"35","18568.03","477.36","2017-04-30 00:00:00","2.25","10235.91","15.13","7839.63","7839.63","0","0","organic","HartfordSpringfield"
"26","4778.95","435.04","2017-07-02 00:00:00","2.25","2975.76","3.6","1364.55","1357.88","6.67","0","organic","Jacksonville"
"27","4087.75","512.79","2017-06-25 00:00:00","2.25","2421.93","0","1153.03","1149.69","3.34","0","organic","Jacksonville"
"12","6511.51","1223.09","2017-10-08 00:00:00","2.25","194.14","0","5094.28","5038.49","55.79","0","organic","LasVegas"
"14","5491.29","1048.15","2017-09-24 00:00:00","2.25","145","0","4298.14","4281.47","16.67","0","organic","LasVegas"
"32","16900.89","2303.24","2017-05-21 00:00:00","2.25","7258.39","0","7339.26","7339.26","0","0","organic","Philadelphia"
"34","16765.51","2383.48","2017-05-07 00:00:00","2.25","6793.53","18.88","7569.62","7569.62","0","0","organic","Philadelphia"
"46","5559","1708.08","2017-02-12 00:00:00","2.25","3229.82","0","621.1","621.1","0","0","organic","Sacramento"
"11","11472.41","713.19","2017-10-15 00:00:00","2.25","6513.89","0","4245.33","4234.23","11.1","0","organic","SanDiego"
"14","90946.17","2085.26","2017-09-24 00:00:00","2.25","19427.02","132.87","69301.02","46009.03","23291.99","0","organic","Southeast"
"35","4551.65","60.1","2017-04-30 00:00:00","2.25","3435.94","6.91","1048.7","1037.18","11.52","0","organic","StLouis"
"7","14635.63","82.78","2018-02-04 00:00:00","2.25","5175.05","151.37","9226.43","9000.42","226.01","0","organic","RaleighGreensboro"
"5","21551.76","9721.38","2018-02-18 00:00:00","2.25","9543.71","0","2286.67","2283.34","3.33","0","organic","SanFrancisco"
"29","1381.67","2.63","2015-06-07 00:00:00","2.24","1262.37","0","116.67","116.67","0","0","organic","Boise"
"13","1140.95","106.54","2015-09-27 00:00:00","2.24","222.08","8.74","803.59","803.59","0","0","organic","HarrisburgScranton"
"1","3998.59","222.69","2015-12-20 00:00:00","2.24","1874.44","230.89","1670.57","1670.57","0","0","organic","HartfordSpringfield"
"30","3193.41","274.09","2015-05-31 00:00:00","2.24","2489.29","18.36","411.67","411.67","0","0","organic","HartfordSpringfield"
"35","2843.96","52.97","2015-04-26 00:00:00","2.24","2160.59","5.16","625.24","625.24","0","0","organic","HartfordSpringfield"
"17","16541.9","2258.34","2015-08-30 00:00:00","2.24","10984.36","844.54","2454.66","2063.66","391","0","organic","NewYork"
"25","9519.72","1816.12","2015-07-05 00:00:00","2.24","6858.33","123.46","721.81","721.81","0","0","organic","NewYork"
"13","2490.3","1825.3","2015-09-27 00:00:00","2.24","22.72","0","642.28","642.28","0","0","organic","Orlando"
"17","1835.58","0","2016-08-28 00:00:00","2.24","1508.21","0","327.37","311.22","16.15","0","organic","Boise"
"7","28818.87","38.61","2016-11-06 00:00:00","2.24","24966.93","0","3813.33","3813.33","0","0","organic","Chicago"
"35","10677.34","134.18","2016-04-24 00:00:00","2.24","3140.18","1.33","7401.65","7324.71","76.94","0","organic","HartfordSpringfield"
"44","4735.53","127.66","2016-02-21 00:00:00","2.24","2709.06","6.72","1892.09","1892.09","0","0","organic","HartfordSpringfield"
"12","1990.61","1454.6","2016-10-02 00:00:00","2.24","92.32","8.28","435.41","390","45.41","0","organic","Jacksonville"
"13","9520.79","781.53","2016-09-25 00:00:00","2.24","3274.9","19.27","5445.09","5418.7","26.39","0","organic","Philadelphia"
"9","15072.28","793.82","2016-10-23 00:00:00","2.24","10958.22","69.99","3250.25","688.18","2562.07","0","organic","Seattle"
"17","18871.59","5595.5","2016-08-28 00:00:00","2.24","12638.28","31.08","606.73","532.98","73.75","0","organic","Seattle"
"13","5291.89","1055.34","2017-10-01 00:00:00","2.24","115.35","0","4121.2","4037.32","83.88","0","organic","LasVegas"
"14","8917.5","104.37","2017-09-24 00:00:00","2.24","2500.14","0","6312.99","1601.56","4711.43","0","organic","Nashville"
"29","18043.1","2738.47","2017-06-11 00:00:00","2.24","6522.48","41.75","8740.4","8565.76","174.64","0","organic","Philadelphia"
"37","10247.33","202.49","2017-04-16 00:00:00","2.24","6574.76","531.29","2938.79","2488.55","450.24","0","organic","RaleighGreensboro"
"52","5635.27","1906.72","2017-01-01 00:00:00","2.24","3364.33","0","364.22","364.22","0","0","organic","Sacramento"
"20","157709.51","26941.72","2017-08-13 00:00:00","2.24","37508.97","108.24","93150.58","56351.71","36794.47","4.4","organic","West"
"6","2428.95","135.67","2015-11-15 00:00:00","2.23","2079.43","0","213.85","201.54","12.31","0","organic","HartfordSpringfield"
"24","25100.98","6831.25","2015-07-12 00:00:00","2.23","18168.54","16","85.19","0","85.19","0","organic","Seattle"
"8","32607.37","88.54","2016-10-30 00:00:00","2.23","29520.64","0","2998.19","2998.19","0","0","organic","Chicago"
"17","4688.55","51.92","2016-08-28 00:00:00","2.23","3719.75","0","916.88","833.22","83.66","0","organic","HartfordSpringfield"
"26","38645.77","3521.45","2016-06-26 00:00:00","2.23","14622.04","389.08","20113.2","18563.31","1549.89","0","organic","NewYork"
"12","6865.93","854.63","2016-10-02 00:00:00","2.23","2658.82","0","3352.48","3228.07","124.41","0","organic","Philadelphia"
"9","5525.46","1044.35","2016-10-23 00:00:00","2.23","3807.61","5.34","668.16","668.16","0","0","organic","Sacramento"
"17","6918.81","1196.98","2016-08-28 00:00:00","2.23","5359.18","2.66","359.99","359.99","0","0","organic","Sacramento"
"39","25593.44","1256.99","2016-03-27 00:00:00","2.23","22352.86","0","1983.59","1983.59","0","0","organic","SanFrancisco"
"9","1253.5","48.21","2016-10-23 00:00:00","2.23","938.03","5.02","262.24","0","262.24","0","organic","Spokane"
"24","2122.86","531.25","2016-07-10 00:00:00","2.23","1459.49","0","132.12","0","132.12","0","organic","Spokane"
"11","11405.18","344.76","2017-10-15 00:00:00","2.23","4738.94","0","6321.48","5368.04","953.44","0","organic","Atlanta"
"23","2197.65","52.24","2017-07-23 00:00:00","2.23","545.95","0","1599.46","481.59","1117.87","0","organic","Boise"
"25","7164.96","176.35","2017-07-09 00:00:00","2.23","213.93","14.78","6759.9","6759.9","0","0","organic","HarrisburgScranton"
"28","4177.79","551.12","2017-06-18 00:00:00","2.23","2353.13","2.42","1271.12","1269.44","1.68","0","organic","Jacksonville"
"36","73975.31","6752.28","2017-04-23 00:00:00","2.23","33878.47","1022.4","32322.16","32297.7","24.46","0","organic","NewYork"
"38","15498.84","2748.22","2017-04-09 00:00:00","2.23","6194.36","3.38","6552.88","6505.53","47.35","0","organic","Philadelphia"
"14","14173.82","2804.46","2017-09-24 00:00:00","2.23","10041.55","0","1327.81","1327.81","0","0","organic","SanDiego"
"30","3153.41","0","2017-06-04 00:00:00","2.23","143.45","0","3009.96","1266.47","1743.49","0","organic","Syracuse"
"12","516320.59","62315.4","2017-10-08 00:00:00","2.22","296817.34","87406.94","69780.91","66070.17","3699.01","11.73","conventional","Chicago"
"11","4355.33","1288.15","2015-10-11 00:00:00","2.22","2770.52","0","296.66","296.66","0","0","organic","LasVegas"
"13","17054.18","2222.04","2015-09-27 00:00:00","2.22","12986.86","536.67","1308.61","898.99","409.62","0","organic","NewYork"
"45","4784.79","208.23","2016-02-14 00:00:00","2.22","249.04","20.39","4307.13","1530.68","2776.45","0","organic","HarrisburgScranton"
"2","32658.97","4690.69","2016-12-11 00:00:00","2.22","13912.48","529.46","13526.34","13521.37","4.97","0","organic","NewYork"
"9","6017.53","2044.02","2016-10-23 00:00:00","2.22","2692.05","0","1281.46","1219.25","62.21","0","organic","PhoenixTucson"
"5","8535.78","747.96","2016-11-20 00:00:00","2.22","6107.03","0","1680.79","720","960.79","0","organic","SanDiego"
"11","10499.71","908.41","2016-10-09 00:00:00","2.22","7917.99","0","1673.31","1673.31","0","0","organic","SanDiego"
"8","9818.51","31.39","2017-11-05 00:00:00","2.22","4550.54","194.47","5042.11","4819.49","222.62","0","organic","Charlotte"
"14","10488.79","571.88","2017-09-24 00:00:00","2.22","1881.72","0","8035.19","4142.07","3893.12","0","organic","Columbus"
"33","4709.07","3021.33","2017-05-14 00:00:00","2.22","242.81","8.76","1436.17","1433.39","2.78","0","organic","Jacksonville"
"13","8229.65","88.65","2017-10-01 00:00:00","2.22","2826.04","0","5314.96","3217.15","2097.81","0","organic","Nashville"
"38","69388.43","8494.69","2017-04-09 00:00:00","2.22","34731.6","166.09","25996.05","25956.87","39.18","0","organic","NewYork"
"27","14667.26","1527.5","2017-06-25 00:00:00","2.22","6647.85","4.84","6487.07","6487.07","0","0","organic","Philadelphia"
"31","15955.26","2251.74","2017-05-28 00:00:00","2.22","6632.02","7.74","7063.76","7043.24","20.52","0","organic","Philadelphia"
"33","12594.05","1455.55","2017-05-14 00:00:00","2.22","9485.09","1.66","1651.75","1621.18","30.57","0","organic","SanDiego"
"23","6999.43","656.83","2017-07-23 00:00:00","2.22","3501.3","0","2841.3","1491.1","1350.2","0","organic","StLouis"
"24","7773.43","1987.54","2017-07-16 00:00:00","2.22","2314.64","1.77","3469.48","1541.1","1928.38","0","organic","StLouis"
"24","151281.1","20505.23","2017-07-16 00:00:00","2.22","50838.62","1247.45","78689.8","32458.05","46231.75","0","organic","West"
"6","21708.65","9960.19","2018-02-11 00:00:00","2.22","9215.13","0","2533.33","2533.33","0","0","organic","SanFrancisco"
"48","1920.19","73.54","2015-01-25 00:00:00","2.21","1602.72","9.36","234.57","234.57","0","0","organic","HartfordSpringfield"
"21","1979.87","1338.04","2015-08-02 00:00:00","2.21","61.55","27.35","552.93","552.93","0","0","organic","Jacksonville"
"10","4420.01","1353.82","2015-10-18 00:00:00","2.21","2836.26","0","229.93","223.33","6.6","0","organic","LasVegas"
"35","16170.46","1765.8","2015-04-26 00:00:00","2.21","10026.69","466.89","3911.08","3911.08","0","0","organic","NewYork"
"44","16620.69","3471.14","2015-02-22 00:00:00","2.21","9549.06","43.85","3556.64","3556.64","0","0","organic","NewYork"
"13","3002.5","327","2015-09-27 00:00:00","2.21","1854.95","26.04","794.51","794.51","0","0","organic","Philadelphia"
"18","17148.39","3696.01","2015-08-23 00:00:00","2.21","12224.75","1.64","1225.99","0","1225.99","0","organic","Portland"
"49","3834.56","384.59","2016-01-17 00:00:00","2.21","3048.31","4.06","397.6","376.53","21.07","0","organic","HartfordSpringfield"
"26","29535.82","2214.42","2016-06-26 00:00:00","2.21","25310.53","2.84","2008.03","2004.7","3.33","0","organic","SanFrancisco"
"35","29693.75","1506.58","2016-04-24 00:00:00","2.21","26093.43","0","2093.74","2093.74","0","0","organic","SanFrancisco"
"27","22445.91","792.09","2017-06-25 00:00:00","2.21","11005.95","179.93","10467.94","10461.28","6.66","0","organic","BaltimoreWashington"
"21","2091.16","81.09","2017-08-06 00:00:00","2.21","596.86","0","1413.21","470.88","942.33","0","organic","Boise"
"22","2033.48","51.75","2017-07-30 00:00:00","2.21","721.8","0","1259.93","408.51","851.42","0","organic","Boise"
"20","139016.53","27834.92","2017-08-13 00:00:00","2.21","44902.56","0","66279.05","66110.1","168.95","0","organic","California"
"33","9005.08","420.54","2017-05-14 00:00:00","2.21","6462.38","585.26","1536.9","1270.05","266.85","0","organic","Charlotte"
"35","1451.76","2.97","2017-04-30 00:00:00","2.21","1052.37","0","396.42","370","26.42","0","organic","GrandRapids"
"42","7789.5","476.63","2017-03-12 00:00:00","2.21","345.2","19.42","6948.25","6948.25","0","0","organic","HarrisburgScranton"
"17","14956","142.56","2017-09-03 00:00:00","2.21","3792.69","0","11020.75","11020.75","0","0","organic","HartfordSpringfield"
"14","4156.59","2.59","2017-09-24 00:00:00","2.21","1074.42","0","3079.58","1064.51","2015.07","0","organic","Louisville"
"19","8464.73","807.9","2017-08-20 00:00:00","2.21","1910.94","0","5745.89","5739.22","6.67","0","organic","Orlando"
"39","11544.33","231.24","2017-04-02 00:00:00","2.21","6808.06","416.45","4088.58","3442.51","646.07","0","organic","RaleighGreensboro"
"15","11850.68","184.23","2017-09-17 00:00:00","2.21","3603.67","86.44","7976.34","6711.54","1264.8","0","organic","SouthCarolina"
"8","477937.8","130025.36","2016-10-30 00:00:00","2.2","285048.2","3399.09","59465.15","57223.44","269.21","1972.5","conventional","SanFrancisco"
"23","13745.4","2236.68","2015-07-19 00:00:00","2.2","9080.28","68.2","2360.24","2360.24","0","0","organic","NewYork"
"22","27737.07","8288.45","2015-07-26 00:00:00","2.2","18815.78","50.43","582.41","0","582.41","0","organic","Seattle"
"6","11635.47","842","2016-11-13 00:00:00","2.2","6128.37","449.44","4215.66","4209.51","6.15","0","organic","BaltimoreWashington"
"9","28740.94","84.24","2016-10-23 00:00:00","2.2","25376.14","0","3280.56","3276.12","4.44","0","organic","Chicago"
"36","8121.64","79.93","2016-04-17 00:00:00","2.2","3363.85","0","4677.86","4044.32","633.54","0","organic","HartfordSpringfield"
"15","7662.66","2324.12","2016-09-11 00:00:00","2.2","3252.22","0","2086.32","613.88","1472.44","0","organic","LasVegas"
"37","30461.39","3080.48","2016-04-10 00:00:00","2.2","11181.09","2403.64","13796.18","12723.77","1072.41","0","organic","NewYork"
"21","7431.86","666.13","2016-07-31 00:00:00","2.2","3284.48","14.18","3467.07","3467.07","0","0","organic","Philadelphia"
"20","7923.11","1615.94","2016-08-07 00:00:00","2.2","5967.25","0","339.92","316.59","23.33","0","organic","Sacramento"
"30","4151.27","2177.62","2016-05-29 00:00:00","2.2","1738.92","3.52","231.21","218.09","13.12","0","organic","StLouis"
"26","23687.44","1028.08","2017-07-02 00:00:00","2.2","12582.81","209.44","9867.11","9863.78","3.33","0","organic","BaltimoreWashington"
"28","22845.26","963.89","2017-06-18 00:00:00","2.2","11778.12","141.79","9961.46","9958.13","3.33","0","organic","BaltimoreWashington"
"32","23209.1","1034.75","2017-05-21 00:00:00","2.2","10982.81","206.24","10985.3","10985.3","0","0","organic","BaltimoreWashington"
"16","140337.35","40795.15","2017-09-10 00:00:00","2.2","62854.16","0","36688.04","36679.32","8.72","0","organic","California"
"14","16058.2","351.12","2017-09-24 00:00:00","2.2","3638.62","0","12068.46","2048.66","10019.8","0","organic","CincinnatiDayton"
"30","4409.48","1263.85","2017-06-04 00:00:00","2.2","126.02","7.27","3012.34","3012.34","0","0","organic","Jacksonville"
"42","3740.93","1292.48","2017-03-12 00:00:00","2.2","144.78","0","2303.67","761.11","1542.56","0","organic","Orlando"
"10","15322.27","196.22","2017-10-22 00:00:00","2.2","4273.42","109.06","10743.57","10586.84","156.73","0","organic","RaleighGreensboro"
"6","2838.6","184.35","2017-11-19 00:00:00","2.2","1208.98","0","1445.27","367.77","1034.63","42.87","organic","Spokane"
"25","4236.47","358.58","2017-07-09 00:00:00","2.2","1807.52","16.68","2053.69","37.23","2016.46","0","organic","Spokane"
"12","86753.64","2689.21","2017-10-08 00:00:00","2.19","30568.23","19624.56","33871.64","25625.39","2275.59","5970.66","conventional","GrandRapids"
"24","2763.5","19.61","2015-07-12 00:00:00","2.19","1646.24","0","1097.65","1097.65","0","0","organic","Boston"
"27","3425.95","336.07","2015-06-21 00:00:00","2.19","1506.6","1081.37","501.91","501.91","0","0","organic","Charlotte"
"20","2058.04","1394.81","2015-08-09 00:00:00","2.19","60.54","25.13","577.56","577.56","0","0","organic","Jacksonville"
"13","5023.44","896.41","2015-09-20 00:00:00","2.19","2911.75","0","1215.28","1190","25.28","0","organic","WestTexNewMexico"
"19","5131.72","65.19","2016-08-14 00:00:00","2.19","3573.57","9.56","1483.4","1189","294.4","0","organic","HartfordSpringfield"
"21","5524.69","134.45","2016-07-31 00:00:00","2.19","3695.32","1.36","1693.56","1693.56","0","0","organic","HartfordSpringfield"
"27","10778.24","594.97","2016-06-19 00:00:00","2.19","4220.84","0","5962.43","5110.25","852.18","0","organic","Philadelphia"
"21","10363.16","4126.75","2016-07-31 00:00:00","2.19","3944.27","0","2292.14","472.12","1820.02","0","organic","PhoenixTucson"
"15","7223.46","1512.68","2016-09-11 00:00:00","2.19","5358.04","3.98","348.76","345.43","3.33","0","organic","Sacramento"
"16","6913.79","1311.6","2016-09-04 00:00:00","2.19","5222.39","0","379.8","379.8","0","0","organic","Sacramento"
"18","6172.17","1455.86","2016-08-21 00:00:00","2.19","4408.45","0","307.86","307.86","0","0","organic","Sacramento"
"21","7426.56","1534.01","2016-07-31 00:00:00","2.19","5582.08","2.66","307.81","307.81","0","0","organic","Sacramento"
"19","28185.87","5345.6","2016-08-14 00:00:00","2.19","20681.63","82.66","2075.98","1609.59","466.39","0","organic","Seattle"
"31","5712.13","0","2017-05-28 00:00:00","2.19","711.28","0","5000.85","980","4020.85","0","organic","BuffaloRochester"
"34","7609.96","0","2017-05-07 00:00:00","2.19","650.65","0","6959.31","1219.99","5739.32","0","organic","BuffaloRochester"
"25","3521.61","32.08","2017-07-09 00:00:00","2.19","3300.43","0","189.1","6.2","182.9","0","organic","GrandRapids"
"37","2246.07","23.98","2017-04-16 00:00:00","2.19","1581.33","0","640.76","574.98","65.78","0","organic","GrandRapids"
"31","9934.41","442.85","2017-05-28 00:00:00","2.19","290.99","15.52","9185.05","9185.05","0","0","organic","HarrisburgScranton"
"19","16040.58","333.17","2017-08-20 00:00:00","2.19","6341.29","2.76","9363.36","9363.36","0","0","organic","HartfordSpringfield"
"10","4842.31","139.07","2017-10-22 00:00:00","2.19","728.38","0","3974.86","3068.61","906.25","0","organic","MiamiFtLauderdale"
"15","8579.11","117.04","2017-09-17 00:00:00","2.19","2557.35","0","5904.72","1778.3","4126.42","0","organic","Nashville"
"29","515.01","399.62","2017-06-11 00:00:00","2.19","5.92","0","109.47","106.14","3.33","0","organic","NewOrleansMobile"
"19","11021.67","2571.39","2017-08-20 00:00:00","2.19","4024.95","0","4425.33","4373.91","51.42","0","organic","PhoenixTucson"
"16","8032.49","258.82","2017-09-10 00:00:00","2.19","1879.95","0","5893.72","3563.69","2330.03","0","organic","Roanoke"
"24","5103.37","1251","2017-07-16 00:00:00","2.19","2443.85","0","1408.52","1408.52","0","0","organic","Sacramento"
"25","1594.45","11.65","2015-07-05 00:00:00","2.18","1359.32","0","223.48","203.34","20.14","0","organic","Boise"
"28","1402.21","19.66","2015-06-14 00:00:00","2.18","1161.32","0","221.23","206.67","14.56","0","organic","Boise"
"35","3471.08","295.75","2015-04-26 00:00:00","2.18","1054.18","1150.52","970.63","970.63","0","0","organic","Charlotte"
"10","2420.25","32.76","2015-10-18 00:00:00","2.18","1785.15","0","602.34","398.75","203.59","0","organic","HartfordSpringfield"
"38","2789.49","99.8","2015-04-05 00:00:00","2.18","1927.65","2.59","759.45","759.45","0","0","organic","HartfordSpringfield"
"40","2848.49","148.61","2015-03-22 00:00:00","2.18","2276.05","0","423.83","423.83","0","0","organic","HartfordSpringfield"
"42","3286.02","152.85","2015-03-08 00:00:00","2.18","2524.64","0","608.53","608.53","0","0","organic","HartfordSpringfield"
"15","1722.33","1104.58","2015-09-13 00:00:00","2.18","60.86","6.89","550","550","0","0","organic","Jacksonville"
"15","14667.53","2210.93","2015-09-13 00:00:00","2.18","9782.05","815.6","1858.95","1855.37","3.58","0","organic","NewYork"
"10","2804.82","1876.78","2015-10-18 00:00:00","2.18","48.04","0","880","880","0","0","organic","Orlando"
"39","8342.54","117.56","2016-03-27 00:00:00","2.18","2754.65","0","5470.33","5470.33","0","0","organic","HartfordSpringfield"
"41","6620.7","716.95","2016-03-13 00:00:00","2.18","2830.9","10.72","3062.13","3050.22","11.91","0","organic","HartfordSpringfield"
"42","6367.65","657.42","2016-03-06 00:00:00","2.18","3388.23","0","2322","2313.06","8.94","0","organic","HartfordSpringfield"
"4","7896.69","704.84","2016-11-27 00:00:00","2.18","3572.69","8.71","3610.45","3509.75","100.7","0","organic","Philadelphia"
"14","12536.03","765.26","2016-09-18 00:00:00","2.18","2809.14","0","8961.63","8856.74","104.89","0","organic","Philadelphia"
"17","8525.59","3373.56","2016-08-28 00:00:00","2.18","3328.41","0","1823.62","443.1","1380.52","0","organic","PhoenixTucson"
"13","6758.91","1733.09","2016-09-25 00:00:00","2.18","4758.69","9.29","257.84","251.17","6.67","0","organic","Sacramento"
"19","17338.42","587.96","2017-08-20 00:00:00","2.18","6921.22","0","9829.24","8159.53","1669.71","0","organic","Atlanta"
"31","24730.84","1009.57","2017-05-28 00:00:00","2.18","13030.82","180.99","10509.46","10503.91","5.55","0","organic","BaltimoreWashington"
"15","152064.59","48806.34","2017-09-17 00:00:00","2.18","66114.77","0","37143.48","37121.28","22.2","0","organic","California"
"21","118098.82","18668.32","2017-08-06 00:00:00","2.18","42686.77","0","56743.73","55680.44","1063.29","0","organic","California"
"32","8942.44","274.75","2017-05-21 00:00:00","2.18","237.52","9.12","8421.05","8421.05","0","0","organic","HarrisburgScranton"
"44","13475.25","208.52","2017-02-26 00:00:00","2.18","7176.67","1.39","6088.67","5968.56","120.11","0","organic","HartfordSpringfield"
"40","87897.32","12071.11","2017-03-26 00:00:00","2.18","41311.15","90.5","34424.56","34341.53","83.03","0","organic","NewYork"
"31","194487.92","11400.57","2017-05-28 00:00:00","2.18","47209.92","636.96","135240.47","124037.53","11202.94","0","organic","Northeast"
"42","186709.79","14633.01","2017-03-12 00:00:00","2.18","52057.46","172.06","119847.26","113186.39","6660.87","0","organic","Northeast"
"27","7422.56","780.55","2017-06-25 00:00:00","2.18","3949.02","0","2692.99","2689.66","3.33","0","organic","Orlando"
"40","16770.93","3649.96","2017-03-26 00:00:00","2.18","6356.03","2.05","6762.89","6681.85","81.04","0","organic","Philadelphia"
"5","10080.77","143.37","2017-11-26 00:00:00","2.18","3621.34","107.53","6208.53","6069.78","138.75","0","organic","RaleighGreensboro"
"10","6399.75","108.7","2017-10-22 00:00:00","2.18","1003.5","0","5287.55","3874.45","1413.1","0","organic","Tampa"
"35","3715.02","1053.18","2017-04-30 00:00:00","2.18","82.33","0","2579.51","2041.11","538.4","0","organic","Tampa"
"11","6511.97","2187.59","2018-01-07 00:00:00","2.18","2577.71","0","1746.67","1746.67","0","0","organic","Sacramento"
"43","3050.04","59.15","2015-03-01 00:00:00","2.17","2158.92","2.63","829.34","829.34","0","0","organic","HartfordSpringfield"
"4","3996.06","1460.87","2015-11-29 00:00:00","2.17","2505.19","0","30","30","0","0","organic","LasVegas"
"31","18746.25","3933.46","2015-05-24 00:00:00","2.17","9577.45","417.36","4817.98","4817.98","0","0","organic","NewYork"
"20","7260.07","1873.4","2015-08-09 00:00:00","2.17","5095.95","0","290.72","290.72","0","0","organic","Sacramento"
"4","12675.57","676.38","2016-11-27 00:00:00","2.17","6554.56","239.91","5204.72","5195.78","8.94","0","organic","BaltimoreWashington"
"7","1298.02","66.35","2016-11-06 00:00:00","2.17","648.34","0","583.33","583.33","0","0","organic","GrandRapids"
"9","1243.29","104.69","2016-10-23 00:00:00","2.17","743.84","0","394.76","373.33","21.43","0","organic","GrandRapids"
"22","4109.11","2932.78","2016-07-24 00:00:00","2.17","193.15","33.18","950","940","10","0","organic","Jacksonville"
"3","4786.42","937.63","2016-12-04 00:00:00","2.17","2371.9","0","1476.89","1360.79","116.1","0","organic","LasVegas"
"0","37438.54","5592.11","2016-12-25 00:00:00","2.17","15901.97","772.3","15172.16","14698.51","473.65","0","organic","NewYork"
"11","6701.46","868.09","2016-10-09 00:00:00","2.17","2914.68","4.43","2914.26","2785.45","128.81","0","organic","Philadelphia"
"14","7095.5","1674.83","2016-09-18 00:00:00","2.17","5064.47","2.65","353.55","343.55","10","0","organic","Sacramento"
"29","23607.15","1138.12","2017-06-11 00:00:00","2.17","11797.51","140.2","10531.32","10531.32","0","0","organic","BaltimoreWashington"
"25","20152.69","9.43","2017-07-09 00:00:00","2.17","1693.69","0","18449.57","16339.33","2110.24","0","organic","Boston"
"38","5013.5","0","2017-04-09 00:00:00","2.17","547.15","0","4466.35","1003.33","3463.02","0","organic","BuffaloRochester"
"12","124505.87","26222.41","2017-10-08 00:00:00","2.17","53539.49","0","44743.97","44692.13","51.84","0","organic","California"
"23","128480.81","20884.31","2017-07-23 00:00:00","2.17","52053.33","4.67","55538.5","55471.46","67.04","0","organic","California"
"17","13962.6","341.19","2017-09-03 00:00:00","2.17","3270.17","0","10351.24","2220.07","8131.17","0","organic","CincinnatiDayton"
"8","12289.27","26.7","2017-11-05 00:00:00","2.17","3106.6","2.81","9153.16","9090.71","62.45","0","organic","HartfordSpringfield"
"43","13783.11","255.27","2017-03-05 00:00:00","2.17","7325","4.19","6198.65","6179.25","19.4","0","organic","HartfordSpringfield"
"18","141033.09","6349.61","2017-08-27 00:00:00","2.17","41161.57","688.15","92833.76","81240.44","11593.32","0","organic","Midsouth"
"12","7071.72","60.89","2017-10-08 00:00:00","2.17","2903.35","0","4107.48","2453.39","1654.09","0","organic","Nashville"
"26","8059.1","811.06","2017-07-02 00:00:00","2.17","4168.04","0","3080","3080","0","0","organic","Orlando"
"36","15607.14","2318.43","2017-04-23 00:00:00","2.17","5746.83","0","7541.88","7535.14","6.74","0","organic","Philadelphia"
"18","6628.13","311.6","2017-08-27 00:00:00","2.17","2074.07","0","4242.46","3087.88","1154.58","0","organic","Roanoke"
"5","11559.98","468.45","2017-11-26 00:00:00","2.17","7239.24","0","3852.29","3852.29","0","0","organic","SanDiego"
"6","12348.84","692.38","2017-11-19 00:00:00","2.17","7420.01","0","4236.45","4236.45","0","0","organic","SanDiego"
"16","77245.2","2028.56","2017-09-10 00:00:00","2.17","16157.29","160.15","58899.2","51415.21","7483.99","0","organic","Southeast"
"7","3113.68","276.49","2017-11-12 00:00:00","2.17","1165.5","0","1671.69","506.66","1165.03","0","organic","Spokane"
"13","2965.81","291.76","2015-09-27 00:00:00","2.16","1201.29","867.01","605.75","605.75","0","0","organic","Charlotte"
"25","3669.96","278.99","2015-07-05 00:00:00","2.16","1514.86","1196.67","679.44","679.44","0","0","organic","Charlotte"
"3","2739.09","192.25","2015-12-06 00:00:00","2.16","2179.25","15.11","352.48","349.15","3.33","0","organic","HartfordSpringfield"
"37","3828.42","183.5","2015-04-12 00:00:00","2.16","2892.62","0","752.3","752.3","0","0","organic","HartfordSpringfield"
"9","4222.62","1225.4","2015-10-25 00:00:00","2.16","2724.11","0","273.11","256.67","16.44","0","organic","LasVegas"
"16","18433.15","3225.86","2015-09-06 00:00:00","2.16","12040.49","0","3166.8","0","3166.8","0","organic","Portland"
"13","980.98","104.51","2016-09-25 00:00:00","2.16","691.68","0","184.79","173.33","11.46","0","organic","GrandRapids"
"33","8622.92","25.33","2016-05-08 00:00:00","2.16","3861.42","5.33","4730.84","4470.09","260.75","0","organic","HartfordSpringfield"
"20","9591.2","3176.01","2016-08-07 00:00:00","2.16","3095.01","0","3320.18","348.25","2971.93","0","organic","LasVegas"
"18","30583.43","5398.13","2016-08-21 00:00:00","2.16","16529.22","1352.08","7304","6945.73","358.27","0","organic","NewYork"
"34","54477.59","5556.25","2016-05-01 00:00:00","2.16","17185.85","2672.11","29063.38","27008.79","2054.59","0","organic","NewYork"
"23","13247.34","855.59","2016-07-17 00:00:00","2.16","4251.85","20.67","8119.23","6665.17","1454.06","0","organic","Philadelphia"
"25","10437.32","1027.88","2016-07-03 00:00:00","2.16","4846.32","15.16","4547.96","3592.18","955.78","0","organic","Philadelphia"
"26","9455.24","579.85","2016-06-26 00:00:00","2.16","3964.58","28.53","4882.28","3661.8","1220.48","0","organic","Philadelphia"
"15","8839.2","3683.6","2016-09-11 00:00:00","2.16","3191.71","0","1963.89","584.05","1379.84","0","organic","PhoenixTucson"
"6","18792.52","2802.1","2016-11-13 00:00:00","2.16","8416.39","4.94","7569.09","704.21","6864.88","0","organic","Portland"
"22","1760.07","286.36","2016-07-24 00:00:00","2.16","1281.97","0","191.74","7.37","184.37","0","organic","Spokane"
"8","96943.41","42763.18","2016-10-30 00:00:00","2.16","39555.64","60.88","14563.71","11572.83","2990.88","0","organic","West"
"32","4934.21","7.22","2017-05-21 00:00:00","2.16","843.74","0","4083.25","1050","3033.25","0","organic","BuffaloRochester"
"33","5945.03","0","2017-05-14 00:00:00","2.16","548.13","0","5396.9","1203.33","4193.57","0","organic","BuffaloRochester"
"35","3630","2.43","2017-04-30 00:00:00","2.16","508.2","0","3119.37","900","2219.37","0","organic","BuffaloRochester"
"40","4486.25","0","2017-03-26 00:00:00","2.16","451.29","0","4034.96","738.89","3296.07","0","organic","BuffaloRochester"
"18","20575","5403.05","2017-08-27 00:00:00","2.16","507","21.6","14643.35","14579.72","63.63","0","organic","Denver"
"9","2726.34","102.22","2017-10-29 00:00:00","2.16","748.02","4.81","1871.29","758.89","1112.4","0","organic","Jacksonville"
"19","75146.55","10649.2","2017-08-20 00:00:00","2.16","18026.76","0","46470.59","46450.59","20","0","organic","LosAngeles"
"34","205224.24","12708.77","2017-05-07 00:00:00","2.16","53525.73","1500.31","137489.43","121185.9","16303.53","0","organic","Northeast"
"18","77416.4","2655.59","2017-08-27 00:00:00","2.16","23890.3","110.75","50759.76","43832.07","6927.69","0","organic","Southeast"
"9","148010.22","20936.88","2017-10-29 00:00:00","2.16","28269.2","60.13","98744.01","64497.41","34166.43","80.17","organic","West"
"23","162321.68","29482.82","2017-07-23 00:00:00","2.16","57477.12","1244.18","74117.56","36399.26","37715.36","2.94","organic","West"
"2","25741.84","10368.17","2018-03-11 00:00:00","2.16","10850.44","0","4523.23","4523.23","0","0","organic","SanFrancisco"
"15","553215.27","59561.15","2017-09-17 00:00:00","2.15","315414.15","100807.96","77432.01","69984.74","7392.83","54.44","conventional","Chicago"
"21","1196.53","12.8","2015-08-02 00:00:00","2.15","972.43","0","211.3","136.67","74.63","0","organic","Boise"
"26","3823.73","414.23","2015-06-28 00:00:00","2.15","1740.69","1016.64","652.17","652.17","0","0","organic","Charlotte"
"49","2697.81","346.76","2015-01-18 00:00:00","2.15","744.32","766.41","840.32","840.32","0","0","organic","Charlotte"
"12","2709.41","395.16","2015-10-04 00:00:00","2.15","1815.89","51.05","447.31","447.31","0","0","organic","Philadelphia"
"16","5975.27","1356.08","2015-09-06 00:00:00","2.15","4540.83","0","78.36","78.36","0","0","organic","Sacramento"
"3","13989.25","947.03","2016-12-04 00:00:00","2.15","6090.79","266.84","6684.59","6684.59","0","0","organic","BaltimoreWashington"
"12","18289.28","482.96","2016-10-02 00:00:00","2.15","9803.09","330.74","7672.49","7645.4","27.09","0","organic","BaltimoreWashington"
"16","45204.38","5169.75","2016-09-04 00:00:00","2.15","18565.29","545.15","20924.19","20924.19","0","0","organic","NewYork"
"29","31807.14","2285.37","2016-06-05 00:00:00","2.15","11252.42","322.21","17947.14","16812.3","1134.84","0","organic","NewYork"
"30","34505.47","4303.03","2016-05-29 00:00:00","2.15","13793.1","2706.92","13702.42","11496.63","2205.79","0","organic","NewYork"
"24","10301.6","1248.06","2016-07-10 00:00:00","2.15","4556.18","24.96","4472.4","4062.63","409.77","0","organic","Philadelphia"
"16","8914.06","3684.64","2016-09-04 00:00:00","2.15","3163.97","0","2065.45","561.55","1503.9","0","organic","PhoenixTucson"
"22","7348.62","1607.42","2016-07-24 00:00:00","2.15","5412.41","2.66","326.13","326.13","0","0","organic","Sacramento"
"14","10274.36","1289.86","2016-09-18 00:00:00","2.15","8195.56","0","788.94","756.43","32.51","0","organic","SanDiego"
"30","26345.64","1029.51","2017-06-04 00:00:00","2.15","13920.73","217.02","11178.38","11174.92","3.46","0","organic","BaltimoreWashington"
"35","25696.88","1412.92","2017-04-30 00:00:00","2.15","11979.18","192.69","12112.09","12103.86","8.23","0","organic","BaltimoreWashington"
"7","9048.5","16.49","2017-11-12 00:00:00","2.15","3865.41","176.72","4989.88","4734.38","255.5","0","organic","Charlotte"
"29","9586.49","285.37","2017-06-11 00:00:00","2.15","4582.85","302.45","4415.82","4415.82","0","0","organic","Charlotte"
"16","9883.59","313.75","2017-09-10 00:00:00","2.15","4230.58","0","5339.26","2166.91","3172.35","0","organic","CincinnatiDayton"
"26","9015.26","377.25","2017-07-02 00:00:00","2.15","265.88","35.67","8336.46","8336.46","0","0","organic","HarrisburgScranton"
"27","9529.65","249.04","2017-06-25 00:00:00","2.15","283.16","21.12","8976.33","8976.33","0","0","organic","HarrisburgScranton"
"12","3097.7","1.29","2017-10-08 00:00:00","2.15","1195.97","0","1900.44","1173.79","726.65","0","organic","Louisville"
"16","9103.32","94.38","2017-09-10 00:00:00","2.15","2782.28","0","6226.66","2482.62","3744.04","0","organic","Nashville"
"51","42755.8","6642.33","2017-01-08 00:00:00","2.15","18205.31","338.5","17569.66","17103.64","466.02","0","organic","NewYork"
"32","186553.95","10974.59","2017-05-21 00:00:00","2.15","44591.68","1425.74","129561.94","120158.47","9403.47","0","organic","Northeast"
"28","7071.15","768.44","2017-06-18 00:00:00","2.15","3446.35","0","2856.36","2853.03","3.33","0","organic","Orlando"
"17","8230.33","2654.23","2017-09-03 00:00:00","2.15","3298.64","0","2277.46","2277.46","0","0","organic","Sacramento"
"51","5692.25","1630.79","2017-01-08 00:00:00","2.15","3665","0","396.46","396.46","0","0","organic","Sacramento"
"10","13012.35","951.67","2017-10-22 00:00:00","2.15","6964.44","0","5096.24","5096.24","0","0","organic","SanDiego"
"13","12921.65","182.4","2017-10-01 00:00:00","2.15","3400.73","81.2","9257.32","8506.2","751.12","0","organic","SouthCarolina"
"21","8848.14","1494.5","2017-08-06 00:00:00","2.15","1378.38","8.88","5966.38","1875.55","4090.83","0","organic","StLouis"
"2","17722.27","147.46","2018-03-11 00:00:00","2.15","8428.14","2.8","9143.87","9143.87","0","0","organic","HartfordSpringfield"
"13","537708.81","73349.22","2017-10-01 00:00:00","2.14","293404.88","85663.08","85291.63","77980.21","7213.35","98.07","conventional","Chicago"
"30","4092.07","335.32","2015-05-31 00:00:00","2.14","1524.77","1348.57","883.41","883.41","0","0","organic","Charlotte"
"7","2878.54","113.32","2015-11-08 00:00:00","2.14","2199.02","0","566.2","553.88","12.32","0","organic","HartfordSpringfield"
"12","1808.46","1102.26","2015-10-04 00:00:00","2.14","50.47","5.73","650","650","0","0","organic","Jacksonville"
"16","6723.56","3062.78","2015-09-06 00:00:00","2.14","3222.2","0","438.58","0","438.58","0","organic","LasVegas"
"34","18576.24","2667.08","2015-05-03 00:00:00","2.14","11540.21","505.84","3863.11","3832.24","30.87","0","organic","NewYork"
"38","14907.54","1901.13","2015-04-05 00:00:00","2.14","8814.15","10.97","4181.29","4172.71","8.58","0","organic","NewYork"
"10","5469.71","1221.59","2015-10-18 00:00:00","2.14","4054.63","0","193.49","193.49","0","0","organic","Sacramento"
"15","20395.74","633.05","2016-09-11 00:00:00","2.14","6730.7","315.82","12716.17","12716.17","0","0","organic","BaltimoreWashington"
"19","8267.22","2592.15","2016-08-14 00:00:00","2.14","2647.51","0","3027.56","455.36","2572.2","0","organic","LasVegas"
"23","7715.38","1596.88","2016-07-17 00:00:00","2.14","5807.8","0","310.7","310.7","0","0","organic","Sacramento"
"20","14533.65","516.53","2017-08-13 00:00:00","2.14","5399.86","0","8617.26","8579.26","38","0","organic","Atlanta"
"36","24138.64","809.43","2017-04-23 00:00:00","2.14","11476.21","188.34","11664.66","11661.91","2.75","0","organic","BaltimoreWashington"
"36","5924.92","7.26","2017-04-23 00:00:00","2.14","384.65","0","5533.01","1181.11","4351.9","0","organic","BuffaloRochester"
"37","5987.27","8.55","2017-04-16 00:00:00","2.14","525.64","0","5453.08","1313.33","4139.75","0","organic","BuffaloRochester"
"22","113903.29","15243.52","2017-07-30 00:00:00","2.14","40785.21","0","57874.56","57767.34","107.22","0","organic","California"
"24","127255.55","18861.09","2017-07-16 00:00:00","2.14","52718.44","9.36","55666.66","55588.67","77.99","0","organic","California"
"15","11956.98","294.89","2017-09-17 00:00:00","2.14","3982.86","0","7679.23","2517.66","5161.57","0","organic","CincinnatiDayton"
"28","23752.11","549.98","2017-06-18 00:00:00","2.14","14022.37","6.86","9172.9","8418.57","754.33","0","organic","HartfordSpringfield"
"17","82176.04","8610.72","2017-09-03 00:00:00","2.14","29307.53","233.62","44024.17","44024.17","0","0","organic","NewYork"
"21","27316.23","8822.05","2017-08-06 00:00:00","2.14","3672.5","18.46","14803.22","2466.44","12336.78","0","organic","Portland"
"22","10110.25","1825.73","2017-07-30 00:00:00","2.14","3948.19","0","4336.33","4326.5","9.83","0","organic","SanFrancisco"
"2","2675.19","181.95","2017-12-17 00:00:00","2.14","1028.88","0","1464.36","911.92","552.44","0","organic","Spokane"
"11","7426.84","27.16","2017-10-15 00:00:00","2.14","1200.53","0","6199.15","2020.75","4178.4","0","organic","StLouis"
"13","7152.31","174.02","2017-10-01 00:00:00","2.14","928.96","0","6049.33","5080.69","968.64","0","organic","Tampa"
"44","4102.72","969.32","2017-02-26 00:00:00","2.14","74.28","0","3059.12","1234.44","1824.68","0","organic","Tampa"
"25","3135.77","2","2015-07-05 00:00:00","2.13","1530.03","0","1603.74","1603.74","0","0","organic","Boston"
"24","3962.07","287.98","2015-07-12 00:00:00","2.13","1458.03","1144.44","1071.62","1071.62","0","0","organic","Charlotte"
"51","2965.62","151.7","2015-01-04 00:00:00","2.13","882.52","905.77","1025.63","1025.63","0","0","organic","Charlotte"
"45","2753.92","304.33","2015-02-15 00:00:00","2.13","1797.05","0","652.54","652.54","0","0","organic","HartfordSpringfield"
"14","1534.35","370.04","2015-09-20 00:00:00","2.13","1127.78","0","36.53","0","36.53","0","organic","Spokane"
"38","3420.17","1254.85","2015-04-05 00:00:00","2.13","2065.32","0","100","100","0","0","organic","StLouis"
"42","3751.88","0","2016-03-06 00:00:00","2.13","182.17","0","3569.71","386.67","3183.04","0","organic","BuffaloRochester"
"6","122099.57","21825.77","2016-11-13 00:00:00","2.13","51895.85","7.69","48370.26","38872.27","9497.99","0","organic","California"
"20","26720.39","75.65","2016-08-07 00:00:00","2.13","25684.18","0","960.56","960.56","0","0","organic","Chicago"
"4","85024.33","6088.63","2016-11-27 00:00:00","2.13","22961.43","229.94","55744.33","55092.33","652","0","organic","Northeast"
"6","82987.85","6112.25","2016-11-13 00:00:00","2.13","27856.49","111.26","48907.85","48445.6","462.25","0","organic","Northeast"
"14","7887.03","2974.46","2016-09-18 00:00:00","2.13","3091.3","0","1821.27","1494.69","326.58","0","organic","PhoenixTucson"
"19","9220.95","3417.54","2016-08-14 00:00:00","2.13","3561.51","0","2241.9","580.64","1661.26","0","organic","PhoenixTucson"
"20","9649.24","3640.62","2016-08-07 00:00:00","2.13","3890.21","0","2118.41","434.11","1684.3","0","organic","PhoenixTucson"
"10","4315.59","1299.88","2016-10-16 00:00:00","2.13","2582.51","0","433.2","433.2","0","0","organic","Sacramento"
"24","8347.48","1784.58","2016-07-10 00:00:00","2.13","6221.27","0","341.63","341.63","0","0","organic","Sacramento"
"25","9057.29","1931.88","2016-07-03 00:00:00","2.13","6761.58","0","363.83","363.83","0","0","organic","Sacramento"
"27","7417.31","1496.2","2016-06-19 00:00:00","2.13","5679.56","0","241.55","241.55","0","0","organic","Sacramento"
"12","38668.06","14243","2016-10-02 00:00:00","2.13","15259.97","519.91","8645.18","7049.22","1595.96","0","organic","Southeast"
"27","2898.81","142.46","2017-06-25 00:00:00","2.13","295.6","0","2460.75","2460.75","0","0","organic","Albany"
"34","21753.01","964.17","2017-05-07 00:00:00","2.13","9975.92","229.32","10583.6","10561.56","22.04","0","organic","BaltimoreWashington"
"26","19686.52","8.01","2017-07-02 00:00:00","2.13","1676.54","0","18001.97","16435.44","1566.53","0","organic","Boston"
"27","22051.39","12.39","2017-06-25 00:00:00","2.13","1891.69","0","20147.31","18533.64","1613.67","0","organic","Boston"
"6","7918.52","7.04","2017-11-19 00:00:00","2.13","3853.79","131.39","3926.3","3802.47","123.83","0","organic","Charlotte"
"15","28047.95","123.84","2017-09-17 00:00:00","2.13","20717.47","0","7206.64","7206.64","0","0","organic","Chicago"
"16","7365.42","647.46","2017-09-10 00:00:00","2.13","2091.71","0","4626.25","3489.47","1136.78","0","organic","Columbus"
"36","2101.46","17.88","2017-04-23 00:00:00","2.13","1363.66","0","719.92","716.61","3.31","0","organic","GrandRapids"
"33","10398.91","282.24","2017-05-14 00:00:00","2.13","444.34","11.48","9660.85","9660.85","0","0","organic","HarrisburgScranton"
"17","167349.41","6815.74","2017-09-03 00:00:00","2.13","41002.21","840.59","118690.87","100375.43","18315.44","0","organic","Midsouth"
"18","73865.51","4774.28","2017-08-27 00:00:00","2.13","24947.05","93.05","44051.13","44051.13","0","0","organic","NewYork"
"14","49093.24","1296.19","2017-09-24 00:00:00","2.13","15708.29","379.9","31704.85","22812.27","8884.57","8.01","organic","Plains"
"7","11498.28","770.92","2017-11-12 00:00:00","2.13","6108.74","0","4618.62","4618.62","0","0","organic","SanDiego"
"9","12179.45","863.06","2017-10-29 00:00:00","2.13","6224.07","0","5092.32","5092.32","0","0","organic","SanDiego"
"12","76471.6","1400.23","2017-10-08 00:00:00","2.13","16197.16","96.54","58777.67","56973.78","1803.89","0","organic","Southeast"
"8","138955.1","19917.54","2017-11-05 00:00:00","2.13","26607.93","57.58","92372.05","59737.21","32599.13","35.71","organic","West"
"21","3357.29","116.22","2015-08-02 00:00:00","2.12","1353.43","0","1887.64","1887.64","0","0","organic","Boston"
"37","3870.58","255.73","2015-04-12 00:00:00","2.12","1460.35","1256.22","898.28","898.28","0","0","organic","Charlotte"
"21","13852.18","1929.99","2015-08-02 00:00:00","2.12","8910.09","213.73","2798.37","2798.37","0","0","organic","NewYork"
"13","41882.91","3598.54","2015-09-27 00:00:00","2.12","21853.75","571.17","15859.45","15096.04","763.41","0","organic","Northeast"
"27","48785.22","5390.54","2015-06-21 00:00:00","2.12","20200.25","1166.45","22027.98","21513.69","514.29","0","organic","Northeast"
"22","8182.86","2850.16","2015-07-26 00:00:00","2.12","5160.65","0","172.05","172.05","0","0","organic","Sacramento"
"16","1815.62","368.32","2015-09-06 00:00:00","2.12","1198.78","0","248.52","0","248.52","0","organic","Spokane"
"3","2339.64","733.63","2015-12-06 00:00:00","2.12","1478.08","0","127.93","24.55","103.38","0","organic","StLouis"
"39","35908.78","2964.23","2016-03-27 00:00:00","2.12","12312.76","2498.94","18132.85","17606.09","526.76","0","organic","NewYork"
"4","10271.6","865.46","2016-11-27 00:00:00","2.12","7228.46","0","2177.68","380","1797.68","0","organic","SanDiego"
"42","17418.01","1146.72","2017-03-12 00:00:00","2.12","6980.5","270.77","9020.02","8997.94","22.08","0","organic","BaltimoreWashington"
"28","23277.63","16.6","2017-06-18 00:00:00","2.12","1617.23","0","21643.8","19934.14","1709.66","0","organic","Boston"
"29","2568.09","984.87","2017-06-11 00:00:00","2.12","251.09","3.66","1328.47","1328.47","0","0","organic","Jacksonville"
"11","57490.8","6151.13","2017-10-15 00:00:00","2.12","16592.03","0","34747.64","34691.59","56.05","0","organic","LosAngeles"
"15","3779.04","9.05","2017-09-17 00:00:00","2.12","993.21","0","2776.78","713.34","2063.44","0","organic","Louisville"
"30","1179.16","417.01","2017-06-04 00:00:00","2.12","0","0","762.15","762.15","0","0","organic","NewOrleansMobile"
"38","171036.27","14746.97","2017-04-09 00:00:00","2.12","48734.61","165.24","107389.45","96848.27","10541.18","0","organic","Northeast"
"16","5927.43","250.97","2017-09-10 00:00:00","2.12","826.99","0","4849.47","4658.17","191.3","0","organic","Orlando"
"20","6193.38","767","2017-08-13 00:00:00","2.12","1410.92","0","4015.46","4008.79","6.67","0","organic","Orlando"
"15","54502.39","1296.96","2017-09-17 00:00:00","2.12","16452.09","60.03","36688.72","20458.94","16229.78","0","organic","Plains"
"17","54026.99","1395.08","2017-09-03 00:00:00","2.12","19190.49","973.47","32467.95","20082.79","12385.16","0","organic","Plains"
"1","11091.83","131.68","2017-12-24 00:00:00","2.12","4064.42","144.61","6751.12","6726.16","24.96","0","organic","RaleighGreensboro"
"3","11025.4","59.16","2017-12-10 00:00:00","2.12","4370.67","158.91","6436.66","6323.78","112.88","0","organic","RaleighGreensboro"
"25","40058.59","1411.24","2017-07-09 00:00:00","2.12","16587.8","24.73","22034.82","281.45","21753.37","0","organic","Seattle"
"40","2614.15","0","2017-03-26 00:00:00","2.12","137.6","0","2476.55","753.67","1722.88","0","organic","Syracuse"
"9","12308.98","97.64","2018-01-21 00:00:00","2.12","4096.79","1.39","8113.16","8079.06","34.1","0","organic","HartfordSpringfield"
"11","546055.57","89191.92","2017-10-15 00:00:00","2.11","288024.23","93956.96","74882.46","69716.43","5164.92","1.11","conventional","Chicago"
"21","3977.77","358.91","2015-08-02 00:00:00","2.11","1441.63","1083.55","1093.68","1093.68","0","0","organic","Charlotte"
"11","2605.97","1536.09","2015-10-11 00:00:00","2.11","43.53","26.35","1000","1000","0","0","organic","Jacksonville"
"14","1557.89","940.33","2015-09-20 00:00:00","2.11","19.52","8.04","590","590","0","0","organic","Jacksonville"
"19","47299.93","6353.43","2015-08-16 00:00:00","2.11","20046.99","806.2","20093.31","19683.26","410.05","0","organic","Northeast"
"12","2990.97","1810.36","2015-10-04 00:00:00","2.11","27.8","0","1152.81","1152.81","0","0","organic","Orlando"
"15","2895.23","1770.69","2015-09-13 00:00:00","2.11","41.52","0","1083.02","1083.02","0","0","organic","Orlando"
"17","3081.43","1875.63","2015-08-30 00:00:00","2.11","56.3","0","1149.5","1149.5","0","0","organic","Orlando"
"15","22913.05","5766.92","2015-09-13 00:00:00","2.11","11752.93","6.64","5386.56","14.75","5371.81","0","organic","Seattle"
"18","1553.92","315.82","2015-08-23 00:00:00","2.11","1027.34","9.34","201.42","0","201.42","0","organic","Spokane"
"21","2184.03","331.81","2015-08-02 00:00:00","2.11","1800.15","0","52.07","0","52.07","0","organic","Spokane"
"46","5017.67","0","2016-02-07 00:00:00","2.11","223.49","0","4794.18","854.05","3940.13","0","organic","BuffaloRochester"
"10","30428.53","72.62","2016-10-16 00:00:00","2.11","26383.82","0","3972.09","3972.09","0","0","organic","Chicago"
"21","28969.34","80.77","2016-07-31 00:00:00","2.11","27361.91","0","1526.66","1526.66","0","0","organic","Chicago"
"1","1181.37","37.91","2016-12-18 00:00:00","2.11","873.33","0","270.13","223.33","46.8","0","organic","GrandRapids"
"8","740.33","17.92","2016-10-30 00:00:00","2.11","379.08","0","343.33","343.33","0","0","organic","GrandRapids"
"23","3794.69","2538.4","2016-07-17 00:00:00","2.11","191.36","41.6","1023.33","1023.33","0","0","organic","Jacksonville"
"35","50334.94","4483.15","2016-04-24 00:00:00","2.11","15498.3","2803.92","27549.57","27093.07","456.5","0","organic","NewYork"
"45","28290.46","4689.2","2016-02-14 00:00:00","2.11","9473.43","1200.23","12927.6","10463.68","2463.92","0","organic","NewYork"
"28","7608.58","1478.16","2016-06-12 00:00:00","2.11","5966.52","0","163.9","163.9","0","0","organic","Sacramento"
"23","30480.39","1924.24","2016-07-17 00:00:00","2.11","25560.94","35.13","2960.08","363.33","2596.75","0","organic","Seattle"
"33","25181.71","1025.83","2017-05-14 00:00:00","2.11","12713.64","262.83","11179.41","11171.14","8.27","0","organic","BaltimoreWashington"
"5","8485.97","21.02","2017-11-26 00:00:00","2.11","3663.49","157.71","4643.75","4345.21","298.54","0","organic","Charlotte"
"18","26530.32","91.53","2017-08-27 00:00:00","2.11","18593.95","0","7844.84","7844.84","0","0","organic","Chicago"
"19","17338.59","5178.4","2017-08-20 00:00:00","2.11","520.11","40.88","11599.2","11414.96","184.24","0","organic","Denver"
"33","1569.19","0","2017-05-14 00:00:00","2.11","1013.74","0","555.45","555.45","0","0","organic","GrandRapids"
"21","13548.81","37.14","2017-08-06 00:00:00","2.11","4371.88","0","9139.79","9127.56","12.23","0","organic","HartfordSpringfield"
"24","1646.15","73.93","2017-07-16 00:00:00","2.11","553.26","1.19","1017.77","1014.44","3.33","0","organic","Jacksonville"
"17","70419.78","10621.24","2017-09-03 00:00:00","2.11","27740.88","0","32057.66","32041.66","16","0","organic","LosAngeles"
"9","70881.96","5301.96","2017-10-29 00:00:00","2.11","19352.26","84.57","46143.17","46069.13","74.04","0","organic","NewYork"
"4","10433.94","74.33","2017-12-03 00:00:00","2.11","5140.66","214.87","5004.08","4908.58","95.5","0","organic","RaleighGreensboro"
"22","9179.77","269.89","2017-07-30 00:00:00","2.11","5176.93","195.51","3537.44","3277.55","259.89","0","organic","RaleighGreensboro"
"17","14334.93","207.92","2017-09-03 00:00:00","2.11","3882.22","127.89","10116.9","8988.45","1128.45","0","organic","SouthCarolina"
"10","3627.68","368.11","2017-10-22 00:00:00","2.11","1504.17","0","1755.4","598.89","1156.51","0","organic","Spokane"
"22","6858.93","557.82","2017-07-30 00:00:00","2.11","2534.81","16","3750.3","2144.44","1605.86","0","organic","StLouis"
"34","4181.73","0","2017-05-07 00:00:00","2.11","260.65","0","3921.08","1018.47","2902.61","0","organic","Syracuse"
"4","24475.48","9731.2","2018-02-25 00:00:00","2.11","11686.51","0","3057.77","3057.77","0","0","organic","SanFrancisco"
"11","5232","1179.15","2015-10-11 00:00:00","2.1","3815.69","0","237.16","237.16","0","0","organic","Sacramento"
"17","6389.53","1798.88","2015-08-30 00:00:00","2.1","4370.66","0","219.99","219.99","0","0","organic","Sacramento"
"21","6833.71","2221.89","2015-08-02 00:00:00","2.1","4378.88","0","232.94","232.94","0","0","organic","Sacramento"
"5","107587.14","18289.69","2016-11-20 00:00:00","2.1","44678.81","12.3","44606.34","39260.51","5345.83","0","organic","California"
"12","1122.69","97.63","2016-10-02 00:00:00","2.1","738.39","0","286.67","286.67","0","0","organic","GrandRapids"
"8","3125.55","150.44","2016-10-30 00:00:00","2.1","1634.81","0","1340.3","1054.45","285.85","0","organic","Indianapolis"
"19","3471.82","2096.45","2016-08-14 00:00:00","2.1","184.98","23.72","1166.67","1156.67","10","0","organic","Jacksonville"
"8","48849.52","9327.57","2016-10-30 00:00:00","2.1","19918.58","1.57","19601.8","11425.53","8176.27","0","organic","LosAngeles"
"9","8442.79","1932.33","2016-10-23 00:00:00","2.1","4815.3","33.45","1661.71","1661.71","0","0","organic","NewYork"
"9","7817.32","1806.98","2016-10-23 00:00:00","2.1","3687.61","18.33","2304.4","386.26","1918.14","0","organic","Portland"
"6","10261.69","914.13","2016-11-13 00:00:00","2.1","6460.16","0","2887.4","830","2057.4","0","organic","SanDiego"
"11","115255.48","25513.54","2017-10-15 00:00:00","2.1","44390.25","0","45351.69","45271.06","80.63","0","organic","California"
"10","33775.92","38.23","2017-10-22 00:00:00","2.1","23237.19","0","10500.5","10491.61","8.89","0","organic","Chicago"
"17","9058.74","525.02","2017-09-03 00:00:00","2.1","1736.52","0","6797.2","4338.58","2458.62","0","organic","Columbus"
"22","13864.42","72.64","2017-07-30 00:00:00","2.1","4282.77","2.74","9506.27","9501.7","4.57","0","organic","HartfordSpringfield"
"13","65405.61","8450.82","2017-10-01 00:00:00","2.1","26774.86","0","30179.93","30158.69","21.24","0","organic","LosAngeles"
"21","67080.63","9064.57","2017-08-06 00:00:00","2.1","19027.84","0","38988.22","38021.3","966.92","0","organic","LosAngeles"
"22","67790.94","9903.04","2017-07-30 00:00:00","2.1","18850.52","0","39037.38","39001.29","36.09","0","organic","LosAngeles"
"32","1834.44","536.85","2017-05-21 00:00:00","2.1","23.86","0","1273.73","1094.78","178.95","0","organic","NewOrleansMobile"
"40","191466.91","18318.35","2017-03-26 00:00:00","2.1","55899.67","86.39","117162.5","107372.46","9790.04","0","organic","Northeast"
"30","6966.83","2155.29","2017-06-04 00:00:00","2.1","172.57","0","4638.97","4638.97","0","0","organic","Orlando"
"2","17850.72","7411.52","2017-12-17 00:00:00","2.1","8344.76","0","2094.44","2094.44","0","0","organic","SanFrancisco"
"14","14716.18","138.3","2017-09-24 00:00:00","2.1","3523.55","102.81","10951.52","8975.77","1975.75","0","organic","SouthCarolina"
"21","178606.86","42641.59","2017-08-06 00:00:00","2.1","42953.57","315.01","92696.69","56820.93","35875.76","0","organic","West"
"22","180688.88","35365.17","2017-07-30 00:00:00","2.1","51355.3","701.35","93267.06","60487.85","32779.21","0","organic","West"
"6","11883.93","23.95","2018-02-11 00:00:00","2.1","4455.68","8.38","7395.92","7389.71","6.21","0","organic","HartfordSpringfield"
"13","97411.58","3178.13","2017-10-01 00:00:00","2.09","35898.69","19397.32","38937.44","30261.87","2715.01","5960.56","conventional","GrandRapids"
"18","600153.2","151421.16","2017-08-27 00:00:00","2.09","360906.48","5531.37","82294.19","80015.08","147.83","2131.28","conventional","SanFrancisco"
"27","1053.73","17.59","2015-06-21 00:00:00","2.09","107.87","0","928.27","928.27","0","0","organic","Albany"
"19","2694.61","297.3","2015-08-16 00:00:00","2.09","1041.09","0","1356.22","1356.22","0","0","organic","Boston"
"1","2787.93","116.92","2015-12-20 00:00:00","2.09","171.24","17.81","2481.96","1452.29","1029.67","0","organic","HarrisburgScranton"
"40","1169.94","45.7","2015-03-22 00:00:00","2.09","391.89","0","732.35","732.35","0","0","organic","HarrisburgScranton"
"24","4999.62","1393.67","2015-07-12 00:00:00","2.09","3460.14","0","145.81","103.93","41.88","0","organic","LasVegas"
"8","12422.6","3272.39","2015-11-01 00:00:00","2.09","8029.19","707.98","413.04","320.72","92.32","0","organic","NewYork"
"11","12517.38","1981.58","2015-10-11 00:00:00","2.09","8760.24","233.98","1541.58","301.04","1240.54","0","organic","NewYork"
"25","45881.11","3575.37","2015-07-05 00:00:00","2.09","18758.96","132.4","23414.38","23393.23","21.15","0","organic","Northeast"
"19","7357.97","2115.7","2015-08-16 00:00:00","2.09","5065.13","0","177.14","177.14","0","0","organic","Sacramento"
"24","23141.66","7913.24","2015-07-12 00:00:00","2.09","15212.8","0","15.62","15.62","0","0","organic","SanFrancisco"
"3","1153","56.94","2015-12-06 00:00:00","2.09","972.98","0","123.08","0","123.08","0","organic","Spokane"
"36","3324.7","1372.59","2015-04-19 00:00:00","2.09","1894.04","0","58.07","6.67","51.4","0","organic","StLouis"
"39","3137.41","1054.01","2015-03-29 00:00:00","2.09","2013.4","0","70","70","0","0","organic","StLouis"
"17","27637.06","699.1","2016-08-28 00:00:00","2.09","25426.29","0","1511.67","1511.67","0","0","organic","Chicago"
"19","27655.2","84.15","2016-08-14 00:00:00","2.09","26189.38","0","1381.67","1381.67","0","0","organic","Chicago"
"18","6181.23","151.97","2016-08-21 00:00:00","2.09","4182.89","2.74","1843.63","1676.47","167.16","0","organic","HartfordSpringfield"
"11","5771.2","1016.77","2016-10-09 00:00:00","2.09","2518.91","0","2235.52","2219.25","16.27","0","organic","LasVegas"
"48","28121.46","2289.5","2016-01-24 00:00:00","2.09","9484.63","2221.2","14126.13","7033.2","7092.93","0","organic","NewYork"
"16","22006.58","6158.94","2016-09-04 00:00:00","2.09","13584.95","81.34","2181.35","664.36","1516.99","0","organic","Seattle"
"42","2090.95","0","2016-03-06 00:00:00","2.09","225.45","0","1865.5","520.25","1345.25","0","organic","Syracuse"
"27","2373.02","53.4","2017-06-25 00:00:00","2.09","935.18","0","1384.44","575.45","808.99","0","organic","Boise"
"42","18294.75","138.51","2017-03-12 00:00:00","2.09","1200.03","0","16956.21","15584.72","1371.49","0","organic","Boston"
"39","3337.9","1.22","2017-04-02 00:00:00","2.09","923.99","0","2412.69","1180","1232.69","0","organic","BuffaloRochester"
"17","142391.81","33578.96","2017-09-03 00:00:00","2.09","64298.99","0","44513.86","44484.97","28.89","0","organic","California"
"26","8194.26","46.21","2017-07-02 00:00:00","2.09","5110.55","372.35","2665.15","2660.71","4.44","0","organic","Charlotte"
"28","11104.31","1032.72","2017-06-18 00:00:00","2.09","569.08","18.3","9484.21","9460.14","24.07","0","organic","HarrisburgScranton"
"6","11380.2","34.59","2017-11-19 00:00:00","2.09","2619.92","1.4","8724.29","8724.29","0","0","organic","HartfordSpringfield"
"7","12486.38","36.11","2017-11-12 00:00:00","2.09","2880.01","1.41","9568.85","9531.31","37.54","0","organic","HartfordSpringfield"
"21","1552.26","83.93","2017-08-06 00:00:00","2.09","489.38","1.18","977.77","977.77","0","0","organic","Jacksonville"
"31","5786.49","1322.11","2017-05-28 00:00:00","2.09","165.26","6.12","4293","4070.95","222.05","0","organic","Jacksonville"
"13","2975.53","33.26","2017-10-01 00:00:00","2.09","445.6","0","2496.67","2496.67","0","0","organic","MiamiFtLauderdale"
"11","69241.11","6708.76","2017-10-15 00:00:00","2.09","14018.78","100.55","48413.02","48265.51","147.51","0","organic","NewYork"
"50","42233.25","6002.05","2017-01-15 00:00:00","2.09","18195.1","117.02","17919.08","17791.92","127.16","0","organic","NewYork"
"33","202280.64","11814.11","2017-05-14 00:00:00","2.09","42990.28","1781.11","145695.14","132557.14","13138","0","organic","Northeast"
"36","180814.14","11464.72","2017-04-23 00:00:00","2.09","46927.45","879.96","121542.01","109123.48","12418.53","0","organic","Northeast"
"13","60186.09","1616.73","2017-10-01 00:00:00","2.09","15507.7","1134.3","41901.3","32057.02","9844.28","0","organic","Plains"
"16","56583.1","1504.55","2017-09-10 00:00:00","2.09","16919.57","24.03","38117.92","19391.33","18726.59","0","organic","Plains"
"20","8707","2079.18","2017-08-13 00:00:00","2.09","3059.01","0","3568.81","3565.48","3.33","0","organic","Sacramento"
"9","19950.9","11099.63","2017-10-29 00:00:00","2.09","8152.39","0","698.88","694.44","4.44","0","organic","SanFrancisco"
"11","19027.31","10237.78","2017-10-15 00:00:00","2.09","8211.76","0","577.77","577.77","0","0","organic","SanFrancisco"
"31","3299.38","0","2017-05-28 00:00:00","2.09","198.97","0","3100.41","1083.38","2017.03","0","organic","Syracuse"
"38","2857.82","0","2017-04-09 00:00:00","2.09","172.93","0","2684.89","923.75","1761.14","0","organic","Syracuse"
"27","6199.5","488.9","2017-06-25 00:00:00","2.09","2780.41","0","2930.19","2923.52","6.67","0","organic","Tampa"
"18","1045992.02","112812.39","2017-08-27 00:00:00","2.09","250861.84","2119.14","680088.21","588832.95","91249.96","5.3","organic","TotalUS"
"0","20242.65","144.4","2018-03-25 00:00:00","2.09","10949.63","0","9148.62","9137.73","10.89","0","organic","HartfordSpringfield"
"23","1076.23","50.86","2015-07-19 00:00:00","2.08","112.36","0","913.01","913.01","0","0","organic","Albany"
"22","1555.89","26.92","2015-07-26 00:00:00","2.08","1201.02","0","327.95","203.33","124.62","0","organic","Boise"
"22","3206.72","228.17","2015-07-26 00:00:00","2.08","1265.39","861.44","851.72","835.05","16.67","0","organic","Charlotte"
"38","3643.37","303.66","2015-04-05 00:00:00","2.08","1235.08","1127.82","976.81","976.81","0","0","organic","Charlotte"
"19","3554.43","378.55","2015-08-16 00:00:00","2.08","2654.29","0","521.59","236.67","284.92","0","organic","Columbus"
"39","16567.2","4160.87","2015-03-29 00:00:00","2.08","9765.56","85.52","2555.25","2555.25","0","0","organic","NewYork"
"49","9204.78","692.88","2015-01-18 00:00:00","2.08","7146.78","37.93","1327.19","1327.19","0","0","organic","NewYork"
"14","3252.5","1870.05","2015-09-20 00:00:00","2.08","47.91","0","1334.54","1334.54","0","0","organic","Orlando"
"3","4638.1","1395.02","2015-11-29 00:00:00","2.08","2238.04","61.71","943.33","943.33","0","0","organic","WestTexNewMexico"
"22","17266.59","739.82","2016-07-24 00:00:00","2.08","9008.7","541.3","6976.77","6748.11","228.66","0","organic","BaltimoreWashington"
"16","29892.84","91.7","2016-09-04 00:00:00","2.08","27757.81","0","2043.33","2043.33","0","0","organic","Chicago"
"18","31252.62","69.71","2016-08-21 00:00:00","2.08","29470.17","0","1712.74","1712.74","0","0","organic","Chicago"
"4","979.74","58.63","2016-11-27 00:00:00","2.08","714.71","0","206.4","150.56","55.84","0","organic","GrandRapids"
"50","3984.77","149.26","2016-01-10 00:00:00","2.08","2769.26","6.78","1059.47","504.66","554.81","0","organic","HartfordSpringfield"
"38","47308.85","5327.82","2016-04-03 00:00:00","2.08","16420.01","2448.53","23112.49","21876.59","1235.9","0","organic","NewYork"
"15","15403.19","1346.13","2016-09-11 00:00:00","2.08","4722.13","8.32","9326.61","9244.65","81.96","0","organic","Philadelphia"
"18","9183.92","4111.69","2016-08-21 00:00:00","2.08","2936.92","0","2135.31","523.78","1611.53","0","organic","PhoenixTucson"
"22","11457.48","4721.06","2016-07-24 00:00:00","2.08","4139.87","0","2596.55","462.43","2134.12","0","organic","PhoenixTucson"
"29","8123.66","1423.81","2016-06-05 00:00:00","2.08","6372.3","0","327.55","327.55","0","0","organic","Sacramento"
"13","132771.77","31036.76","2017-10-01 00:00:00","2.08","59948.6","0","41786.41","41755.45","30.96","0","organic","California"
"10","11569.34","36.2","2017-10-22 00:00:00","2.08","4320.47","181.26","7031.41","6886.3","145.11","0","organic","Charlotte"
"20","22375.66","7525.31","2017-08-13 00:00:00","2.08","864.59","58.85","13926.91","13825.94","100.97","0","organic","Denver"
"14","24482.08","556.01","2017-09-24 00:00:00","2.08","3536.55","0","20251.77","11223.57","9028.2","0","organic","Detroit"
"34","10754.06","306.07","2017-05-07 00:00:00","2.08","273.03","8.13","10166.83","10166.83","0","0","organic","HarrisburgScranton"
"16","18016.66","87.47","2017-09-10 00:00:00","2.08","3878.36","1.4","14049.43","14049.43","0","0","organic","HartfordSpringfield"
"34","3542.87","838.16","2017-05-07 00:00:00","2.08","73.77","0","2630.94","1937.78","693.16","0","organic","MiamiFtLauderdale"
"10","70272.82","5760.74","2017-10-22 00:00:00","2.08","17860.14","73.28","46578.66","46411.29","167.37","0","organic","NewYork"
"15","70931.23","4879.35","2017-09-17 00:00:00","2.08","23574.9","12.3","42464.68","42464.68","0","0","organic","NewYork"
"48","46602.16","6492.22","2017-01-29 00:00:00","2.08","19169.83","74.51","20865.6","20510.68","354.92","0","organic","NewYork"
"44","4818.73","1562.36","2017-02-26 00:00:00","2.08","107.79","0","3148.58","1042.22","2106.36","0","organic","Orlando"
"14","7802.86","226.04","2017-09-24 00:00:00","2.08","1466.48","0","6110.34","3593.88","2516.46","0","organic","Roanoke"
"19","8040.25","352.99","2017-08-20 00:00:00","2.08","1992.25","0","5695.01","4347.39","1347.62","0","organic","Roanoke"
"37","14043.34","940.85","2017-04-16 00:00:00","2.08","9921.7","0","3180.79","560","2620.79","0","organic","SanDiego"
"10","18852.58","9739.13","2017-10-22 00:00:00","2.08","7981.22","0","1132.23","1132.23","0","0","organic","SanFrancisco"
"17","22836.09","12620.57","2017-09-03 00:00:00","2.08","9443.2","0","772.32","767.88","4.44","0","organic","SanFrancisco"
"36","3223.81","0","2017-04-23 00:00:00","2.08","109.87","0","3113.94","958.29","2155.65","0","organic","Syracuse"
"26","6570.14","451.16","2017-07-02 00:00:00","2.08","2906.23","0","3212.75","3209.42","3.33","0","organic","Tampa"
"11","174251.28","31939.47","2017-10-15 00:00:00","2.08","25749.52","162.84","116399.45","77304.07","39087.96","7.42","organic","West"
"7","376476.71","31206.79","2016-11-06 00:00:00","2.07","224561.79","61665.74","59042.39","57803.54","1095.69","143.16","conventional","Chicago"
"8","375213.57","33564.91","2016-10-30 00:00:00","2.07","226980.93","60260.53","54407.2","48140.45","1587.11","4679.64","conventional","Chicago"
"7","492504.81","109080.72","2016-11-06 00:00:00","2.07","304926.27","3840.19","74657.63","74025.26","103.2","529.17","conventional","SanFrancisco"
"14","551895.8","79162.45","2017-09-24 00:00:00","2.07","322016.51","61656.4","89060.44","79455.71","9519.58","85.15","conventional","Chicago"
"11","94071.58","3559.98","2017-10-15 00:00:00","2.07","37970.75","18550.88","33989.97","27063.64","1681.88","5244.45","conventional","GrandRapids"
"19","561541.93","147449.96","2017-08-20 00:00:00","2.07","304989.35","10147.53","98955.09","94445.66","932.19","3577.24","conventional","SanFrancisco"
"16","388099.41","83635.01","2017-09-10 00:00:00","2.07","140863.68","713.75","162886.97","93344.69","68261.26","1281.02","conventional","Seattle"
"11","70004.38","14400.49","2015-10-11 00:00:00","2.07","48933.21","3.1","6667.58","6607.58","60","0","organic","California"
"31","4774.56","405","2015-05-24 00:00:00","2.07","1601.85","1473.53","1294.18","1294.18","0","0","organic","Charlotte"
"16","2016.06","1096.25","2015-09-06 00:00:00","2.07","55.1","8.04","856.67","856.67","0","0","organic","Jacksonville"
"10","12935.87","1528.22","2015-10-18 00:00:00","2.07","9002.2","516.36","1889.09","169.72","1719.37","0","organic","NewYork"
"23","47878.48","3613.49","2015-07-19 00:00:00","2.07","20743.86","93.68","23427.45","23396.97","30.48","0","organic","Northeast"
"15","17959.18","3092.78","2015-09-13 00:00:00","2.07","10615.36","0","4251.04","7.34","4243.7","0","organic","Portland"
"27","3191.86","585.04","2015-06-21 00:00:00","2.07","1526.88","541.8","538.14","430.02","108.12","0","organic","SouthCarolina"
"20","2290.54","400.3","2015-08-09 00:00:00","2.07","1609.65","0","280.59","0","280.59","0","organic","Spokane"
"22","2588.12","486.58","2015-07-26 00:00:00","2.07","2057.91","1.88","41.75","0","41.75","0","organic","Spokane"
"24","2786.45","680.6","2015-07-12 00:00:00","2.07","2105.85","0","0","0","0","0","organic","Spokane"
"19","3522.67","1696.14","2015-08-16 00:00:00","2.07","1464.36","0","362.17","362.17","0","0","organic","StLouis"
"23","482.26","0","2015-07-19 00:00:00","2.07","75.74","0","406.52","406.52","0","0","organic","Syracuse"
"15","30146.46","92.82","2016-09-11 00:00:00","2.07","27851.41","0","2202.23","2202.23","0","0","organic","Chicago"
"10","1200.59","117","2016-10-16 00:00:00","2.07","856.14","0","227.45","143.33","84.12","0","organic","GrandRapids"
"4","5306.81","252.27","2016-11-27 00:00:00","2.07","162.06","23.99","4868.49","4868.49","0","0","organic","HarrisburgScranton"
"7","89099.08","5608.51","2016-11-06 00:00:00","2.07","26861.46","140.68","56488.43","55962.01","526.42","0","organic","Northeast"
"23","149636.3","6081.81","2016-07-17 00:00:00","2.07","28783.38","3117.39","111653.72","101869.15","9784.57","0","organic","Northeast"
"22","7958.25","625.46","2016-07-24 00:00:00","2.07","3547.92","16.71","3768.16","3586.76","181.4","0","organic","Philadelphia"
"30","10738.68","622.97","2016-05-29 00:00:00","2.07","3962.86","5.06","6147.79","5229.58","918.21","0","organic","Philadelphia"
"45","5952.62","686.01","2016-02-14 00:00:00","2.07","2615.97","23.18","2627.46","1144.04","1483.42","0","organic","Philadelphia"
"39","7588.03","1210.19","2016-03-27 00:00:00","2.07","6043.13","0","334.71","331.38","3.33","0","organic","Sacramento"
"29","20437.87","9.81","2017-06-11 00:00:00","2.07","1490.22","0","18937.84","17150.28","1787.56","0","organic","Boston"
"22","8475.83","26.63","2017-07-30 00:00:00","2.07","5054.68","322.23","3072.29","3072.29","0","0","organic","Charlotte"
"39","1908.86","41.85","2017-04-02 00:00:00","2.07","1182.37","0","684.64","614.88","69.76","0","organic","GrandRapids"
"32","5056.03","1260.8","2017-05-21 00:00:00","2.07","146.98","8.72","3639.53","3252.01","387.52","0","organic","Jacksonville"
"35","2473.97","1050.08","2017-04-30 00:00:00","2.07","127.02","0","1296.87","525.55","771.32","0","organic","Jacksonville"
"37","3193.74","736.16","2017-04-16 00:00:00","2.07","214.13","11.4","2232.05","593.33","1638.72","0","organic","Jacksonville"
"38","2942.87","1083.93","2017-04-09 00:00:00","2.07","337.22","12.68","1509.04","424.4","1084.64","0","organic","Jacksonville"
"23","70179.47","9095.61","2017-07-23 00:00:00","2.07","24077.08","0","37006.78","36988.35","18.43","0","organic","LosAngeles"
"6","68466.86","5986.02","2017-11-19 00:00:00","2.07","16315.77","101.81","46063.26","46015.76","47.5","0","organic","NewYork"
"16","90178.82","5734.05","2017-09-10 00:00:00","2.07","28471.55","57.34","55915.88","55915.88","0","0","organic","NewYork"
"20","73309.74","4392.15","2017-08-13 00:00:00","2.07","21953.83","234.58","46729.18","46723.25","5.93","0","organic","NewYork"
"11","53711.04","1119.87","2017-10-15 00:00:00","2.07","14609.29","414.22","37562.6","26290.94","11271.66","0","organic","Plains"
"38","12113.04","208.57","2017-04-09 00:00:00","2.07","6330.09","401.45","5172.93","3146.38","2026.55","0","organic","RaleighGreensboro"
"4","14737.28","8275.24","2017-12-03 00:00:00","2.07","5745.39","0","716.65","712.21","4.44","0","organic","SanFrancisco"
"7","19344.03","10941.23","2017-11-12 00:00:00","2.07","7789.47","0","613.33","608.89","4.44","0","organic","SanFrancisco"
"12","20337.21","10832.88","2017-10-08 00:00:00","2.07","8426.55","0","1077.78","1077.78","0","0","organic","SanFrancisco"
"32","2976.18","0","2017-05-21 00:00:00","2.07","262.29","0","2713.89","1109.61","1604.28","0","organic","Syracuse"
"28","6480.98","475.83","2017-06-18 00:00:00","2.07","2787.16","0","3217.99","3217.99","0","0","organic","Tampa"
"11","9575.81","1785.17","2017-10-15 00:00:00","2.07","935.45","0","6855.19","6717.22","137.97","0","organic","WestTexNewMexico"
"3","25055.39","9521.74","2018-03-04 00:00:00","2.07","10818.1","0","4715.55","4715.55","0","0","organic","SanFrancisco"
"10","519814.03","84590.83","2017-10-22 00:00:00","2.06","275588.35","95627.48","64007.37","59543.29","4441.86","22.22","conventional","Chicago"
"27","2662.63","82.6","2015-06-21 00:00:00","2.06","1124.34","0","1455.69","1455.69","0","0","organic","Boston"
"12","3480.18","337.52","2015-10-04 00:00:00","2.06","1218.57","808.84","1115.25","1115.25","0","0","organic","Charlotte"
"18","4602.39","272.26","2015-08-23 00:00:00","2.06","1766.07","1193.83","1370.23","1370.23","0","0","organic","Charlotte"
"28","4040.75","325.75","2015-06-14 00:00:00","2.06","1432.84","1059.26","1222.9","1222.9","0","0","organic","Charlotte"
"36","4163.99","234","2015-04-19 00:00:00","2.06","1311.9","1400.1","1217.99","1217.99","0","0","organic","Charlotte"
"22","1397.24","145.93","2015-07-26 00:00:00","2.06","176.28","17.81","1057.22","1057.22","0","0","organic","HarrisburgScranton"
"32","21815.46","2917.8","2015-05-17 00:00:00","2.06","10860.17","90.34","7947.15","7947.15","0","0","organic","NewYork"
"8","2371.09","503.42","2015-11-01 00:00:00","2.06","1619.84","10.89","236.94","89.98","146.96","0","organic","Philadelphia"
"19","3885.79","431.13","2015-08-16 00:00:00","2.06","2067.63","30.13","1356.9","1356.9","0","0","organic","Philadelphia"
"3","16605.6","556.65","2015-12-06 00:00:00","2.06","11750.04","14.68","4284.23","11.87","4272.36","0","organic","Seattle"
"4","17765.82","647.06","2015-11-29 00:00:00","2.06","13403","34.69","3681.07","31.44","3649.63","0","organic","Seattle"
"13","2725.27","509.62","2015-09-27 00:00:00","2.06","1236.98","450.77","527.9","527.9","0","0","organic","SouthCarolina"
"50","2304.3","474.97","2015-01-11 00:00:00","2.06","793.53","357.87","677.93","674.61","3.32","0","organic","SouthCarolina"
"15","1843.62","374.96","2015-09-13 00:00:00","2.06","1300.71","0","167.95","0","167.95","0","organic","Spokane"
"30","3762.06","1430.26","2015-05-31 00:00:00","2.06","2097.71","0","234.09","123.33","110.76","0","organic","StLouis"
"13","21533.64","538.08","2016-09-25 00:00:00","2.06","10810.83","285.7","9899.03","9892.36","6.67","0","organic","BaltimoreWashington"
"14","22735.52","541.24","2016-09-18 00:00:00","2.06","7808.25","321.42","14064.61","14046.96","17.65","0","organic","BaltimoreWashington"
"14","21876.53","98.1","2016-09-18 00:00:00","2.06","19190.24","0","2588.19","2588.19","0","0","organic","Chicago"
"14","9663.48","220.83","2016-09-18 00:00:00","2.06","194.94","22.98","9224.73","9220.5","4.23","0","organic","HarrisburgScranton"
"15","70119.57","9238.71","2016-09-11 00:00:00","2.06","31314.62","492.41","29073.83","28384.19","689.64","0","organic","NewYork"
"9","4580.38","677.26","2016-10-23 00:00:00","2.06","2325.75","0","1577.37","1554.47","22.9","0","organic","Philadelphia"
"17","6321.4","573.3","2016-08-28 00:00:00","2.06","3403.23","22.57","2322.3","2289.1","33.2","0","organic","Philadelphia"
"19","6968.81","863.2","2016-08-14 00:00:00","2.06","3718.14","15.52","2371.95","2239.5","132.45","0","organic","Philadelphia"
"17","21628.4","5636.6","2016-08-28 00:00:00","2.06","15479.57","0","512.23","259.04","253.19","0","organic","Portland"
"3","9419.21","1464.73","2016-12-04 00:00:00","2.06","6546.16","0","1408.32","540","868.32","0","organic","SanDiego"
"46","3082.71","1.25","2016-02-07 00:00:00","2.06","172.76","0","2908.7","797.23","2111.47","0","organic","Syracuse"
"10","14351.98","390.46","2017-10-22 00:00:00","2.06","4323.24","0","9638.28","5432.51","4205.77","0","organic","Atlanta"
"41","18537.54","1109.47","2017-03-19 00:00:00","2.06","7239.15","227.38","9961.54","9943.79","17.75","0","organic","BaltimoreWashington"
"41","18134.67","154.68","2017-03-19 00:00:00","2.06","1066.04","0","16913.95","15509.92","1404.03","0","organic","Boston"
"45","16177.04","13.98","2017-02-19 00:00:00","2.06","1014.64","0","15148.42","12903.42","2245","0","organic","Boston"
"52","13438.22","14.8","2017-01-01 00:00:00","2.06","2181.53","0","11241.89","10636.25","605.64","0","organic","Boston"
"25","8788.78","5.97","2017-07-09 00:00:00","2.06","5370.27","348.47","3064.07","3064.07","0","0","organic","Charlotte"
"7","32924.34","24.78","2017-11-12 00:00:00","2.06","25147.1","0","7752.46","7733.57","18.89","0","organic","Chicago"
"9","35333.89","29.29","2017-10-29 00:00:00","2.06","28053.8","0","7250.8","7239.69","11.11","0","organic","Chicago"
"21","10853.28","221.48","2017-08-06 00:00:00","2.06","4752.99","0","5808.95","3807.57","2001.38","0","organic","CincinnatiDayton"
"16","23548.78","6045.36","2017-09-10 00:00:00","2.06","524.69","38.87","16939.86","16816.35","123.51","0","organic","Denver"
"38","9053.38","364.44","2017-04-09 00:00:00","2.06","440.96","13.91","8234.07","8234.07","0","0","organic","HarrisburgScranton"
"13","13827.7","72.05","2017-10-01 00:00:00","2.06","3318.15","1.41","10436.09","10434.53","1.56","0","organic","HartfordSpringfield"
"25","2988.47","166.12","2017-07-09 00:00:00","2.06","1342.09","3.59","1476.67","1476.67","0","0","organic","Jacksonville"
"12","67166.62","6353.85","2017-10-08 00:00:00","2.06","16664.55","133.03","44015.19","43893.94","121.25","0","organic","NewYork"
"14","70365.19","5244.89","2017-09-24 00:00:00","2.06","22378.4","77.37","42664.53","42664.53","0","0","organic","NewYork"
"30","112812.77","17822.91","2017-06-04 00:00:00","2.06","52648.14","1178.91","41162.81","39892.76","1270.05","0","organic","NewYork"
"52","39260.55","6071.7","2017-01-01 00:00:00","2.06","20105.65","1025.49","12057.71","11934.77","122.94","0","organic","NewYork"
"33","7139.37","3870.2","2017-05-14 00:00:00","2.06","219.06","0","3050.11","2911.43","138.68","0","organic","Orlando"
"41","4382.2","1487.35","2017-03-19 00:00:00","2.06","118.26","0","2776.59","1185.55","1591.04","0","organic","Orlando"
"24","10160.75","1986.97","2017-07-16 00:00:00","2.06","3845.18","0","4328.6","3929.06","399.54","0","organic","PhoenixTucson"
"32","9126.2","4146.42","2017-05-21 00:00:00","2.06","3679.99","0","1299.79","381.04","918.75","0","organic","PhoenixTucson"
"0","13531.12","89.4","2017-12-31 00:00:00","2.06","5189.69","203.49","8048.54","7934.12","114.42","0","organic","RaleighGreensboro"
"44","6616.58","1808.8","2017-02-26 00:00:00","2.06","4379.48","0","428.3","428.3","0","0","organic","Sacramento"
"29","12549.97","1163.03","2017-06-11 00:00:00","2.06","8506.74","1.59","2878.61","2849.42","29.19","0","organic","SanDiego"
"40","14388.05","2883.71","2017-03-26 00:00:00","2.06","10030.37","0","1473.97","686.67","787.3","0","organic","SanDiego"
"5","15701.21","8640.78","2017-11-26 00:00:00","2.06","6277.06","0","783.37","783.37","0","0","organic","SanFrancisco"
"6","17621.85","9956.34","2017-11-19 00:00:00","2.06","6931.07","0","734.44","734.44","0","0","organic","SanFrancisco"
"14","19095.21","10381.1","2017-09-24 00:00:00","2.06","8026.03","0","688.08","688.08","0","0","organic","SanFrancisco"
"7","26826.82","932.33","2017-11-12 00:00:00","2.06","10692.37","23.09","15179.03","1219.02","13948.61","11.4","organic","Seattle"
"3","2721.99","256.63","2017-12-10 00:00:00","2.06","832.45","0","1632.91","612.23","1020.68","0","organic","Spokane"
"17","1075538.53","113516","2017-09-03 00:00:00","2.06","256920.07","2256.96","702628.91","571725.58","130801.89","101.44","organic","TotalUS"
"11","16746.82","5150.82","2018-01-07 00:00:00","2.06","9366.31","0","2229.69","2229.69","0","0","organic","SanDiego"
"10","1169.26","10.44","2015-10-18 00:00:00","2.05","836.3","0","322.52","116.67","205.85","0","organic","Boise"
"24","1454.28","7.73","2015-07-12 00:00:00","2.05","1091.29","0","355.26","230","125.26","0","organic","Boise"
"23","3388.25","18.63","2015-07-19 00:00:00","2.05","2152.1","0","1217.52","1217.52","0","0","organic","Boston"
"23","3885.45","199.61","2015-07-19 00:00:00","2.05","1516.86","1018.6","1150.38","1150.38","0","0","organic","Charlotte"
"33","4245.72","465.84","2015-05-10 00:00:00","2.05","1282.98","1191.26","1305.64","1305.64","0","0","organic","Charlotte"
"6","4981.33","1845.67","2015-11-15 00:00:00","2.05","2977.95","0","157.71","43.33","114.38","0","organic","LasVegas"
"11","3285.94","1759.75","2015-10-11 00:00:00","2.05","50.57","0","1475.62","1475.62","0","0","organic","Orlando"
"27","3782.07","405.51","2015-06-21 00:00:00","2.05","1534.94","27.99","1813.63","1813.63","0","0","organic","Philadelphia"
"37","3217.19","1375.39","2015-04-12 00:00:00","2.05","1735.13","0","106.67","106.67","0","0","organic","StLouis"
"24","419.98","0","2015-07-12 00:00:00","2.05","63.42","0","356.56","356.56","0","0","organic","Syracuse"
"10","7346.43","1544.38","2015-10-11 00:00:00","2.05","3601.95","0","2200.1","2173.33","26.77","0","organic","WestTexNewMexico"
"17","14070.94","1227.93","2016-08-28 00:00:00","2.05","8991.09","300.67","3551.25","3534.48","16.77","0","organic","BaltimoreWashington"
"12","27147.49","100.4","2016-10-02 00:00:00","2.05","24049.87","0","2997.22","2997.22","0","0","organic","Chicago"
"13","26730.61","93.75","2016-09-25 00:00:00","2.05","24273.38","0","2363.48","2363.48","0","0","organic","Chicago"
"37","7871.28","1570.39","2016-04-10 00:00:00","2.05","5977.15","0","323.74","323.74","0","0","organic","Sacramento"
"41","3614.79","2.44","2017-03-19 00:00:00","2.05","292.72","0","3319.63","973.33","2346.3","0","organic","BuffaloRochester"
"42","2414.64","0","2017-03-12 00:00:00","2.05","286.14","0","2128.5","636.67","1491.83","0","organic","BuffaloRochester"
"14","138458.82","34599.22","2017-09-24 00:00:00","2.05","63107.77","1.57","40750.26","40700.41","49.85","0","organic","California"
"37","8797.77","300.02","2017-04-16 00:00:00","2.05","6234.75","655.14","1607.86","1600.21","7.65","0","organic","Charlotte"
"17","20131.27","107.44","2017-09-03 00:00:00","2.05","11896.8","0","8127.03","8127.03","0","0","organic","Chicago"
"8","15794.46","4139","2017-11-05 00:00:00","2.05","411.73","35.75","11207.98","11030.88","177.1","0","organic","Denver"
"40","2136.8","5.92","2017-03-26 00:00:00","2.05","1421.21","0","709.67","561.78","147.89","0","organic","GrandRapids"
"41","2395.16","27.77","2017-03-19 00:00:00","2.05","1593.25","0","774.14","689.51","84.63","0","organic","GrandRapids"
"20","6042.06","913.51","2017-08-13 00:00:00","2.05","2538.57","0","2589.98","2520.14","69.84","0","organic","LasVegas"
"7","74312.9","5949.51","2017-11-12 00:00:00","2.05","17740.19","170.06","50453.14","50266.64","186.5","0","organic","NewYork"
"8","71500.85","5539.92","2017-11-05 00:00:00","2.05","17479.3","118.99","48362.64","48214.28","148.36","0","organic","NewYork"
"49","49056.11","6679.14","2017-01-22 00:00:00","2.05","21232.95","1039.74","20104.28","19821.48","282.8","0","organic","NewYork"
"26","8342.87","139.69","2017-07-02 00:00:00","2.05","5019.56","219.17","2964.45","2841.94","122.51","0","organic","RaleighGreensboro"
"17","12472.67","654.67","2017-09-03 00:00:00","2.05","3231.63","56.08","8530.29","6523.37","2006.92","0","organic","RichmondNorfolk"
"3","13284.31","2436.56","2017-12-10 00:00:00","2.05","6895.21","0","3952.54","3952.54","0","0","organic","SanDiego"
"32","15451.08","853.03","2017-05-21 00:00:00","2.05","9892.77","1.65","4703.63","4700","3.63","0","organic","SanDiego"
"8","20213.21","10983.96","2017-11-05 00:00:00","2.05","8063.69","0","1165.56","1161.12","4.44","0","organic","SanFrancisco"
"16","28335.3","16389.89","2017-09-10 00:00:00","2.05","11491.2","0","454.21","454.21","0","0","organic","SanFrancisco"
"29","7973.35","2393.62","2017-06-11 00:00:00","2.05","2139.09","12.2","3428.44","2034.3","1394.14","0","organic","StLouis"
"37","3200.29","0","2017-04-16 00:00:00","2.05","177.01","0","3023.28","1159.85","1863.43","0","organic","Syracuse"
"42","2064.66","0","2017-03-12 00:00:00","2.05","128.22","0","1936.44","711.49","1224.95","0","organic","Syracuse"
"4","15721.06","213.6","2018-02-25 00:00:00","2.05","7229.28","0","8278.18","8278.18","0","0","organic","HartfordSpringfield"
"5","17875.93","946.25","2018-02-18 00:00:00","2.05","10002.06","0","6927.62","6917.62","10","0","organic","SanDiego"
"13","399836.65","254127.88","2017-10-01 00:00:00","2.04","48863.68","187.25","96657.84","54423.36","42234.48","0","conventional","MiamiFtLauderdale"
"25","1573.19","50.69","2015-07-05 00:00:00","2.04","183.9","0","1338.6","1338.6","0","0","organic","Albany"
"14","5705.15","2378.64","2015-09-20 00:00:00","2.04","3304.23","0","22.28","0","22.28","0","organic","Atlanta"
"19","4279.91","150.98","2015-08-16 00:00:00","2.04","1496.03","1269.58","1363.32","1363.32","0","0","organic","Charlotte"
"36","24265.78","2688.07","2015-04-19 00:00:00","2.04","16785.46","34.25","4758","4758","0","0","organic","NewYork"
"4","4643.81","872.55","2015-11-29 00:00:00","2.04","3592.5","0","178.76","112.09","66.67","0","organic","Sacramento"
"5","14355.23","791.25","2015-11-22 00:00:00","2.04","13499.38","0","64.6","37.93","26.67","0","organic","SanFrancisco"
"21","26756.69","8531.33","2015-08-02 00:00:00","2.04","14816.24","55.81","3353.31","0","3353.31","0","organic","Seattle"
"31","4105.58","1591.21","2015-05-24 00:00:00","2.04","2270.74","0","243.63","56.67","186.96","0","organic","StLouis"
"4","111851.52","21468.08","2016-11-27 00:00:00","2.04","49401.43","9.22","40972.79","34501.89","6470.9","0","organic","California"
"11","26995.26","79.04","2016-10-09 00:00:00","2.04","23403.99","0","3512.23","3512.23","0","0","organic","Chicago"
"0","1361.01","84.29","2016-12-25 00:00:00","2.04","813.39","0","463.33","463.33","0","0","organic","GrandRapids"
"23","12285.03","236.86","2016-07-17 00:00:00","2.04","185.69","536.89","11325.59","9574.3","1751.29","0","organic","HarrisburgScranton"
"14","6494.77","1493.45","2016-09-18 00:00:00","2.04","2657.83","0","2343.49","2279.81","63.68","0","organic","LasVegas"
"3","45383.62","9061.96","2016-12-04 00:00:00","2.04","24011.42","482.15","11828.09","11823.1","4.99","0","organic","NewYork"
"5","48364.4","8938.23","2016-11-20 00:00:00","2.04","28672.82","195.41","10557.94","10325.31","232.63","0","organic","NewYork"
"14","137076.37","6843.75","2016-09-18 00:00:00","2.04","22066.52","1272.87","106893.23","106402.46","490.77","0","organic","Northeast"
"2","8663.02","565.46","2016-12-11 00:00:00","2.04","2881.29","2.24","5214.03","5214.03","0","0","organic","Philadelphia"
"16","12126.24","1240.26","2016-09-04 00:00:00","2.04","4534.3","39.48","6312.2","6312.2","0","0","organic","Philadelphia"
"20","9269.42","729.49","2016-08-07 00:00:00","2.04","3821.28","3.83","4714.82","4646.5","68.32","0","organic","Philadelphia"
"10","8551.32","2904.44","2016-10-16 00:00:00","2.04","3741.95","0","1904.93","1845.51","59.42","0","organic","PhoenixTucson"
"41","7402.74","1313.23","2016-03-13 00:00:00","2.04","5918.66","0","170.85","170.85","0","0","organic","Sacramento"
"44","6818.11","1000.93","2016-02-21 00:00:00","2.04","5572.52","0","244.66","241.33","3.33","0","organic","Sacramento"
"29","2719.24","21.33","2017-06-11 00:00:00","2.04","248.87","0","2449.04","2449.04","0","0","organic","Albany"
"9","15731.26","319.28","2017-10-29 00:00:00","2.04","3788.49","0","11623.49","5403.29","6220.2","0","organic","Atlanta"
"30","22924.67","12.27","2017-06-04 00:00:00","2.04","1676.05","0","21236.35","19576.46","1659.89","0","organic","Boston"
"31","20860.14","20.57","2017-05-28 00:00:00","2.04","1658.97","0","19180.6","17542.21","1638.39","0","organic","Boston"
"30","11171.92","863.87","2017-06-04 00:00:00","2.04","269.83","16.96","10021.26","9961.14","60.12","0","organic","HarrisburgScranton"
"41","24796.8","604.48","2017-03-19 00:00:00","2.04","17563.18","45.65","6583.49","6460.53","122.96","0","organic","HartfordSpringfield"
"8","4224.3","115.85","2017-11-05 00:00:00","2.04","890.62","2.41","3215.42","1938.89","1276.53","0","organic","Jacksonville"
"23","1971.67","121.1","2017-07-23 00:00:00","2.04","583.91","0","1266.66","1266.66","0","0","organic","Jacksonville"
"20","72817.55","10764.58","2017-08-13 00:00:00","2.04","16810.19","0","45242.78","45097.35","145.43","0","organic","LosAngeles"
"17","8629.45","166.84","2017-09-03 00:00:00","2.04","2919.13","0","5543.48","1630.5","3912.98","0","organic","Nashville"
"13","63623.43","5060.7","2017-10-01 00:00:00","2.04","14782.9","90.07","43689.76","43667.44","22.32","0","organic","NewYork"
"51","10230.13","1445.86","2017-01-08 00:00:00","2.04","3282.72","8.16","5493.39","5425.61","67.78","0","organic","Philadelphia"
"23","10327.71","2881.74","2017-07-23 00:00:00","2.04","3345.03","0","4100.94","4090.02","10.92","0","organic","PhoenixTucson"
"13","22703.05","11899.79","2017-10-01 00:00:00","2.04","9824.74","0","978.52","978.52","0","0","organic","SanFrancisco"
"15","32191.54","18705.05","2017-09-17 00:00:00","2.04","12704.86","0","781.63","781.63","0","0","organic","SanFrancisco"
"12","14402.07","136.03","2017-10-08 00:00:00","2.04","3139.37","60.66","11066.01","10838.11","227.9","0","organic","SouthCarolina"
"5","3284.64","156.61","2017-11-26 00:00:00","2.04","1186.4","8.58","1933.05","560","1358.75","14.3","organic","Spokane"
"41","2460.96","0","2017-03-19 00:00:00","2.04","111.78","0","2349.18","917.98","1431.2","0","organic","Syracuse"
"6","11804.91","72.38","2018-02-11 00:00:00","2.04","4806.1","140.27","6786.16","6660.68","125.48","0","organic","RaleighGreensboro"
"28","1542.45","79.45","2015-06-14 00:00:00","2.03","211.46","0","1251.54","1251.54","0","0","organic","Albany"
"34","1798.99","57.93","2015-05-03 00:00:00","2.03","130.62","0","1610.44","1610.44","0","0","organic","Albany"
"34","3976.19","1325.62","2015-05-03 00:00:00","2.03","2650.57","0","0","0","0","0","organic","Atlanta"
"17","2633.6","20.81","2015-08-30 00:00:00","2.03","1081.19","0","1531.6","1531.6","0","0","organic","Boston"
"26","3045.1","13.15","2015-06-28 00:00:00","2.03","1625.69","0","1406.26","1406.26","0","0","organic","Boston"
"28","2943.18","71.77","2015-06-14 00:00:00","2.03","1018.87","0","1852.54","1852.54","0","0","organic","Boston"
"20","86211.24","23147.23","2015-08-09 00:00:00","2.03","52640.84","0","10423.17","10423.17","0","0","organic","California"
"5","4731.93","2047.55","2015-11-22 00:00:00","2.03","2644.38","0","40","40","0","0","organic","LasVegas"
"50","14817.97","1744.44","2015-01-11 00:00:00","2.03","10901.43","60.93","2111.17","2111.17","0","0","organic","NewYork"
"25","3075.46","318.9","2015-07-05 00:00:00","2.03","1596.46","12.91","1147.19","1147.19","0","0","organic","Philadelphia"
"28","31901.63","10611.58","2015-06-14 00:00:00","2.03","20743.71","197.26","349.08","0","349.08","0","organic","Seattle"
"35","3030.87","1096.55","2015-04-26 00:00:00","2.03","1659.18","0","275.14","73.33","201.81","0","organic","StLouis"
"5","13147.71","639.47","2016-11-20 00:00:00","2.03","6753.59","330.46","5424.19","5399.24","24.95","0","organic","BaltimoreWashington"
"16","19197.78","705.28","2016-09-04 00:00:00","2.03","9032.33","432.03","9028.14","9025.34","2.8","0","organic","BaltimoreWashington"
"4","6587.92","163.77","2016-11-27 00:00:00","2.03","2762.34","514.03","3147.78","2766.84","380.94","0","organic","Charlotte"
"20","1794.39","1069.54","2016-08-07 00:00:00","2.03","187.76","0","537.09","500","37.09","0","organic","GrandRapids"
"15","9668.53","414.94","2016-09-11 00:00:00","2.03","340.74","17.53","8895.32","8646.29","249.03","0","organic","HarrisburgScranton"
"13","3985.23","2263.93","2016-09-25 00:00:00","2.03","179.85","0","1541.45","1010","531.45","0","organic","Orlando"
"38","8108.18","1317.74","2016-04-03 00:00:00","2.03","6587.37","0","203.07","203.07","0","0","organic","Sacramento"
"31","5259.2","2152.85","2016-05-22 00:00:00","2.03","2715.23","3.51","387.61","304.62","82.99","0","organic","StLouis"
"26","2268.86","59.41","2017-07-02 00:00:00","2.03","278.04","0","1931.41","1931.41","0","0","organic","Albany"
"28","3185.1","366.52","2017-06-18 00:00:00","2.03","266.88","0","2551.7","2551.7","0","0","organic","Albany"
"28","8381.65","79.72","2017-06-18 00:00:00","2.03","4880.33","337.19","3084.41","3081.08","3.33","0","organic","Charlotte"
"15","7548.1","655.57","2017-09-17 00:00:00","2.03","1881.57","0","5010.96","4019.43","991.53","0","organic","Columbus"
"34","8314.41","2767.64","2017-05-07 00:00:00","2.03","3687.6","0","1859.17","389.78","1469.39","0","organic","LasVegas"
"14","73696.3","12051.52","2017-09-24 00:00:00","2.03","29225.85","1.59","32417.34","32377.02","40.32","0","organic","LosAngeles"
"39","4159.55","545.88","2017-04-02 00:00:00","2.03","36.18","0","3577.49","1622.22","1955.27","0","organic","MiamiFtLauderdale"
"16","168953.84","4000.03","2017-09-10 00:00:00","2.03","37302.61","622.28","127028.92","112342.72","14686.2","0","organic","Midsouth"
"36","107165.19","3840.93","2017-04-23 00:00:00","2.03","50473.85","1386.8","51463.61","36180.97","15282.64","0","organic","Midsouth"
"47","58560.14","7829.32","2017-02-05 00:00:00","2.03","20623.8","197.9","29909.12","29581.48","327.64","0","organic","NewYork"
"2","10729.32","77.21","2017-12-17 00:00:00","2.03","4392.7","150.91","6108.5","5862.83","245.67","0","organic","RaleighGreensboro"
"29","13340.43","296.11","2017-06-11 00:00:00","2.03","5183.19","293.94","7567.19","6798.17","769.02","0","organic","RaleighGreensboro"
"49","20441.93","8435.86","2017-01-22 00:00:00","2.03","9045.98","2.86","2957.23","2957.23","0","0","organic","SanFrancisco"
"6","27570.9","792.08","2017-11-19 00:00:00","2.03","10568.84","38.64","16171.34","985.11","15159.04","27.19","organic","Seattle"
"18","14071.97","225.39","2017-08-27 00:00:00","2.03","3924.73","86.75","9835.1","9260.43","574.67","0","organic","SouthCarolina"
"37","6470.01","1059.73","2017-04-16 00:00:00","2.03","2846.32","0","2563.96","2400.84","163.12","0","organic","StLouis"
"16","1093955.66","114942.21","2017-09-10 00:00:00","2.03","249231.14","940.89","728658.92","622445.79","106080.9","132.23","organic","TotalUS"
"11","15204.66","76.07","2018-01-07 00:00:00","2.03","4721.42","1.4","10405.77","10405.77","0","0","organic","HartfordSpringfield"
"10","36228.45","1147.33","2018-01-14 00:00:00","2.03","18370.39","9.23","16701.5","1630.19","15063.98","7.33","organic","Seattle"
"16","590590.1","65245.47","2017-09-10 00:00:00","2.02","318095.5","114858.97","92390.16","82436.76","7822.29","2131.11","conventional","Chicago"
"12","358445.95","66345.57","2017-10-08 00:00:00","2.02","129937.45","813.23","161349.7","102890.33","56577.6","1881.77","conventional","Seattle"
"26","1200.61","22.35","2015-06-28 00:00:00","2.02","124.7","0","1053.56","1053.56","0","0","organic","Albany"
"13","1137.03","17.54","2015-09-27 00:00:00","2.02","822.27","0","297.22","16.66","280.56","0","organic","Boise"
"20","2955.27","185.35","2015-08-09 00:00:00","2.02","1066.42","0","1703.5","1703.5","0","0","organic","Boston"
"22","3367.46","99.25","2015-07-26 00:00:00","2.02","1956.83","0","1311.38","1304.71","6.67","0","organic","Boston"
"33","3428.91","76.25","2015-05-10 00:00:00","2.02","1275.48","0","2077.18","2077.18","0","0","organic","Boston"
"24","614.3","90.49","2015-07-12 00:00:00","2.02","103.52","0","420.29","417.64","2.65","0","organic","BuffaloRochester"
"15","3992.43","327.06","2015-09-13 00:00:00","2.02","1255.8","928.56","1481.01","1481.01","0","0","organic","Charlotte"
"29","4369.42","278.55","2015-06-07 00:00:00","2.02","1378.4","1159.44","1553.03","1553.03","0","0","organic","Charlotte"
"8","971.81","148.85","2015-11-01 00:00:00","2.02","142.9","20.91","659.15","427.6","231.55","0","organic","HarrisburgScranton"
"12","1188.82","82.58","2015-10-04 00:00:00","2.02","186.17","9.38","910.69","910.69","0","0","organic","HarrisburgScranton"
"24","10799.02","2075.8","2015-07-12 00:00:00","2.02","8167.79","53.34","502.09","502.09","0","0","organic","NewYork"
"40","15438.68","2987.71","2015-03-22 00:00:00","2.02","11096.86","23.66","1330.45","1330.45","0","0","organic","NewYork"
"48","14337.32","1363.4","2015-01-25 00:00:00","2.02","10912.03","46.42","2015.47","2015.47","0","0","organic","NewYork"
"21","51879.97","3801.74","2015-08-02 00:00:00","2.02","18438.59","229.83","29409.81","29028.9","380.91","0","organic","Northeast"
"29","57645.02","4853.51","2015-06-07 00:00:00","2.02","17359.72","857.17","34574.62","34488.34","86.28","0","organic","Northeast"
"20","18149.27","4930.53","2015-08-09 00:00:00","2.02","10792.14","0","2426.6","0","2426.6","0","organic","Portland"
"48","3359.58","60.84","2015-01-25 00:00:00","2.02","1948.96","627.92","721.86","620.46","101.4","0","organic","RaleighGreensboro"
"15","6405.75","1364.77","2015-09-13 00:00:00","2.02","4883.81","0","157.17","157.17","0","0","organic","Sacramento"
"6","17078.8","1082.9","2015-11-15 00:00:00","2.02","15979.71","0","16.19","16.19","0","0","organic","SanFrancisco"
"30","3405.9","613.01","2015-05-31 00:00:00","2.02","1454.84","540.75","797.3","660.8","136.5","0","organic","SouthCarolina"
"35","3545.7","684.84","2015-04-26 00:00:00","2.02","1269.42","485.55","1105.89","1022.68","83.21","0","organic","SouthCarolina"
"9","7664.36","1523.54","2015-10-18 00:00:00","2.02","3491.3","0","2649.52","2606.66","42.86","0","organic","WestTexNewMexico"
"13","7914.63","1400.26","2016-09-25 00:00:00","2.02","4568.2","0","1946.17","83.67","1862.5","0","organic","Atlanta"
"21","14788.87","895.68","2016-07-31 00:00:00","2.02","10096.25","495.8","3301.14","3301.14","0","0","organic","BaltimoreWashington"
"25","5103.66","25.27","2016-07-03 00:00:00","2.02","263.51","0","4814.88","1055.38","3759.5","0","organic","BuffaloRochester"
"10","95599.25","13352.47","2016-10-16 00:00:00","2.02","54624.49","7.72","27614.57","27404.48","210.09","0","organic","California"
"16","9266.73","2868.88","2016-09-04 00:00:00","2.02","3199.25","0","3198.6","709.82","2488.78","0","organic","LasVegas"
"17","8132.79","2503.68","2016-08-28 00:00:00","2.02","2823.44","0","2805.67","411.15","2394.52","0","organic","LasVegas"
"32","34788.28","4328.47","2016-05-15 00:00:00","2.02","15961.11","2631.05","11867.65","11026.93","840.72","0","organic","NewYork"
"19","25520.8","1769.21","2016-08-14 00:00:00","2.02","21501.96","0","2249.63","2209.63","40","0","organic","SanFrancisco"
"7","1894.26","14.17","2016-11-06 00:00:00","2.02","965.27","0","914.82","26.67","888.15","0","organic","Spokane"
"40","2250.22","166.49","2017-03-26 00:00:00","2.02","263.32","0","1820.41","1820.41","0","0","organic","Albany"
"35","17863.55","85.6","2017-04-30 00:00:00","2.02","2341.26","0","15436.69","14866.04","570.65","0","organic","Boston"
"40","17307.58","182.23","2017-03-26 00:00:00","2.02","1192.32","0","15933.03","14681.31","1251.72","0","organic","Boston"
"9","11245.23","43.32","2017-10-29 00:00:00","2.02","3776.83","160.97","7264.11","7117.43","146.68","0","organic","Charlotte"
"38","8814.73","247.84","2017-04-09 00:00:00","2.02","5759.67","705.1","2102.12","1909.12","193","0","organic","Charlotte"
"15","22029.46","6551.62","2017-09-17 00:00:00","2.02","478.17","20.59","14979.08","14966.06","13.02","0","organic","Denver"
"17","17939.8","5319.9","2017-09-03 00:00:00","2.02","499.64","20.53","12099.73","12016.22","83.51","0","organic","Denver"
"10","2596.43","67.32","2017-10-22 00:00:00","2.02","531.36","7.21","1990.54","1812.23","178.31","0","organic","Jacksonville"
"24","75021.72","10041.65","2017-07-16 00:00:00","2.02","24449.24","0","40530.83","40510.47","20.36","0","organic","LosAngeles"
"27","5274.97","325.3","2017-06-25 00:00:00","2.02","1885.23","0","3064.44","3061.11","3.33","0","organic","MiamiFtLauderdale"
"19","138392","3383.69","2017-08-20 00:00:00","2.02","40533","660.73","93811.48","84138.69","9672.79","0","organic","Midsouth"
"5","63156","5280.67","2017-11-26 00:00:00","2.02","14350.39","178.15","43346.79","43299.16","47.63","0","organic","NewYork"
"26","10239.04","3244.01","2017-07-02 00:00:00","2.02","3587.62","0","3407.41","1813.81","1593.6","0","organic","PhoenixTucson"
"12","60256.56","1701.98","2017-10-08 00:00:00","2.02","14818.4","366.66","43369.52","34313.95","9055.57","0","organic","Plains"
"48","6748.27","1652.72","2017-01-29 00:00:00","2.02","4786.42","12.15","296.98","296.98","0","0","organic","Sacramento"
"16","14718.3","178.69","2017-09-10 00:00:00","2.02","2712.13","113.06","11714.42","11246.85","467.57","0","organic","SouthCarolina"
"10","6578.62","44.43","2017-10-22 00:00:00","2.02","1254.63","0","5279.56","1960.35","3319.21","0","organic","StLouis"
"10","14448.86","122.85","2018-01-14 00:00:00","2.02","4410.11","0","9915.9","9911.02","4.88","0","organic","HartfordSpringfield"
"0","13379.77","86.84","2018-03-25 00:00:00","2.02","5923.16","98.37","7271.4","6881.8","389.6","0","organic","RaleighGreensboro"
"2","13869.87","93.04","2018-03-11 00:00:00","2.02","6501.92","224.71","7050.2","6823.87","226.33","0","organic","RaleighGreensboro"
"9","33986.68","928.1","2018-01-21 00:00:00","2.02","12632.06","23.62","20402.9","1469.79","18905.41","27.7","organic","Seattle"
"13","363941.68","72930.41","2017-10-01 00:00:00","2.01","126903.44","659.39","163448.44","107521.77","54904.91","1021.76","conventional","Seattle"
"22","1449.04","99.16","2015-07-26 00:00:00","2.01","165.27","0","1184.61","1184.61","0","0","organic","Albany"
"24","1175.34","34.27","2015-07-12 00:00:00","2.01","92.17","0","1048.9","1048.9","0","0","organic","Albany"
"13","5392.63","2232.51","2015-09-27 00:00:00","2.01","3021","0","139.12","0","139.12","0","organic","Atlanta"
"20","5579.38","2291.03","2015-08-09 00:00:00","2.01","2855.35","0","433","49.96","383.04","0","organic","Atlanta"
"35","4447.09","1627.63","2015-04-26 00:00:00","2.01","2751.73","0","67.73","0","67.73","0","organic","Atlanta"
"14","2623.42","16.17","2015-09-20 00:00:00","2.01","1123.97","0","1483.28","1483.28","0","0","organic","Boston"
"48","1948.28","3.14","2015-01-25 00:00:00","2.01","760.39","0","1184.75","1184.75","0","0","organic","Boston"
"10","73799.28","15960.2","2015-10-18 00:00:00","2.01","48820.15","3.09","9015.84","7988.73","1027.11","0","organic","California"
"16","4259.63","250.27","2015-09-06 00:00:00","2.01","1331.42","1018.35","1659.59","1659.59","0","0","organic","Charlotte"
"17","4203.2","274.43","2015-08-30 00:00:00","2.01","1401.28","1025.96","1501.53","1501.53","0","0","organic","Charlotte"
"40","683.76","20.54","2015-03-22 00:00:00","2.01","659.89","0","3.33","3.33","0","0","organic","GrandRapids"
"48","711.52","59.16","2015-01-25 00:00:00","2.01","572.36","0","80","80","0","0","organic","GrandRapids"
"25","1841.62","65.57","2015-07-05 00:00:00","2.01","91.22","11.24","1673.59","1673.59","0","0","organic","HarrisburgScranton"
"14","17916.34","3810.93","2015-09-20 00:00:00","2.01","12299.01","1110.43","695.97","695.97","0","0","organic","NewYork"
"16","19296.46","3451.5","2015-09-06 00:00:00","2.01","11143.02","1178.79","3523.15","3330.55","192.6","0","organic","NewYork"
"17","50307.57","3998.98","2015-08-30 00:00:00","2.01","19017.27","852.47","26438.85","25235.11","1203.74","0","organic","Northeast"
"24","40245.19","4205.24","2015-07-12 00:00:00","2.01","19850.58","90.1","16099.27","16093.19","6.08","0","organic","Northeast"
"51","3397","58.22","2015-01-04 00:00:00","2.01","1493.9","772.21","1072.67","993.94","78.73","0","organic","RaleighGreensboro"
"12","6005.54","1289.92","2015-10-04 00:00:00","2.01","4536.12","0","179.5","179.5","0","0","organic","Sacramento"
"8","17582.93","1359.92","2015-11-01 00:00:00","2.01","16197.47","0","25.54","25.54","0","0","organic","SanFrancisco"
"29","33404.92","10962.3","2015-06-07 00:00:00","2.01","21345.94","37.39","1059.29","0","1059.29","0","organic","Seattle"
"48","2865.92","776.54","2015-01-25 00:00:00","2.01","621.95","450.46","1016.97","970","46.97","0","organic","SouthCarolina"
"13","22416.55","8882.43","2015-09-27 00:00:00","2.01","7230.75","736.12","5567.25","5374.98","192.27","0","organic","Southeast"
"32","3450.38","1372.22","2015-05-17 00:00:00","2.01","1813.6","0","264.56","116.67","147.89","0","organic","StLouis"
"11","8059.96","1690.85","2015-10-04 00:00:00","2.01","3621.73","0","2747.38","2723.34","24.04","0","organic","WestTexNewMexico"
"24","12651.27","40.37","2016-07-10 00:00:00","2.01","10422.02","0","2188.88","2184.44","4.44","0","organic","Chicago"
"3","5955.63","276.69","2016-12-04 00:00:00","2.01","184.01","11.25","5483.68","5483.68","0","0","organic","HarrisburgScranton"
"20","4141.49","2307.13","2016-08-07 00:00:00","2.01","134.95","62.74","1636.67","1620","16.67","0","organic","Jacksonville"
"31","44794.06","5435.81","2016-05-22 00:00:00","2.01","21065.01","2695.05","15598.19","15280.12","318.07","0","organic","NewYork"
"2","106002.64","6300.57","2016-12-11 00:00:00","2.01","23536.31","484.17","75681.59","75224.35","457.24","0","organic","Northeast"
"3","10385.65","1178.8","2016-12-04 00:00:00","2.01","5084.48","3.02","4119.35","4119.35","0","0","organic","Philadelphia"
"4","6470.08","2026.07","2016-11-27 00:00:00","2.01","2529.2","0","1914.81","1848.75","66.06","0","organic","PhoenixTucson"
"5","8076.24","2129.66","2016-11-20 00:00:00","2.01","3053.09","0","2893.49","2789.23","104.26","0","organic","PhoenixTucson"
"3","7632.36","154.37","2016-12-04 00:00:00","2.01","2819.23","259.21","4399.55","4028.71","370.84","0","organic","RaleighGreensboro"
"4","9854.3","194.1","2016-11-27 00:00:00","2.01","2960.92","331.04","6368.24","5708.72","659.52","0","organic","RaleighGreensboro"
"31","8439.22","1744.81","2016-05-22 00:00:00","2.01","6492.36","0","202.05","202.05","0","0","organic","Sacramento"
"35","8840.73","1726.1","2016-04-24 00:00:00","2.01","6795.19","0","319.44","319.44","0","0","organic","Sacramento"
"43","7998.27","1156.04","2016-02-28 00:00:00","2.01","6504.7","0","337.53","334.2","3.33","0","organic","Sacramento"
"7","8433.01","1281.15","2016-11-06 00:00:00","2.01","5281.54","8.56","1861.76","1804.65","57.11","0","organic","WestTexNewMexico"
"44","14572.36","13.18","2017-02-26 00:00:00","2.01","1274.78","0","13284.4","12821.72","462.68","0","organic","Boston"
"9","129602.47","29243.35","2017-10-29 00:00:00","2.01","48086.52","0","52272.6","52247.85","24.75","0","organic","California"
"40","8724","276.46","2017-03-26 00:00:00","2.01","5908.44","559.41","1979.69","1581.58","398.11","0","organic","Charlotte"
"13","12767.55","398.22","2017-10-01 00:00:00","2.01","4418.33","0","7940.18","6126.77","1813.41","0","organic","CincinnatiDayton"
"5","17421.87","4744.62","2017-11-26 00:00:00","2.01","393.21","85.58","12198.46","11998","200.46","0","organic","Denver"
"6","17640.41","4506.5","2017-11-19 00:00:00","2.01","340.39","16.1","12777.42","12689.75","87.67","0","organic","Denver"
"9","16981.94","4980.49","2017-10-29 00:00:00","2.01","572.15","26.58","11402.72","11256.31","146.41","0","organic","Denver"
"35","10347.85","1004.16","2017-04-30 00:00:00","2.01","300.86","11.54","9031.29","9031.29","0","0","organic","HarrisburgScranton"
"36","9509.86","356.73","2017-04-23 00:00:00","2.01","464.86","9.12","8679.15","8679.15","0","0","organic","HarrisburgScranton"
"5","59523.55","6444.55","2017-11-26 00:00:00","2.01","21218.64","0","31860.36","31835.6","24.76","0","organic","LosAngeles"
"8","7634.15","248.29","2017-11-05 00:00:00","2.01","1434.28","0","5951.58","4501.1","1450.48","0","organic","Orlando"
"9","6466.78","179.61","2017-10-29 00:00:00","2.01","1219.5","0","5067.67","3897.77","1169.9","0","organic","Orlando"
"30","21652.97","5098.14","2017-06-04 00:00:00","2.01","8574.42","6.96","7973.45","7734.66","238.79","0","organic","Philadelphia"
"20","9894.67","1907.11","2017-08-13 00:00:00","2.01","3464.06","0","4523.5","4431.26","92.24","0","organic","PhoenixTucson"
"18","60468.47","1074.2","2017-08-27 00:00:00","2.01","22609.26","1121.4","35663.61","25961.28","9697.03","5.3","organic","Plains"
"17","15165.11","1139.04","2017-09-03 00:00:00","2.01","10923.85","0","3102.22","3102.22","0","0","organic","SanDiego"
"1","18541.03","7759.8","2017-12-24 00:00:00","2.01","8376.79","0","2404.44","2404.44","0","0","organic","SanFrancisco"
"20","8435.52","1182.39","2017-08-13 00:00:00","2.01","3688.93","11.24","3552.96","3403.12","149.84","0","organic","WestTexNewMexico"
"8","5704.39","160.85","2018-01-28 00:00:00","2.01","1076.66","6.49","4460.39","1776.66","2683.73","0","organic","Jacksonville"
"17","614460.2","65246.8","2017-09-03 00:00:00","2","343566.36","114879.68","90767.36","79318.59","7988.55","3460.22","conventional","Chicago"
"13","128592.98","68330.79","2017-10-01 00:00:00","2","14372.21","49.83","45840.15","19480.95","26359.2","0","conventional","Jacksonville"
"13","262601.79","166612.29","2017-10-01 00:00:00","2","29616.83","15.2","66357.47","42497.48","23856.66","3.33","conventional","Orlando"
"19","1467.23","24.56","2015-08-16 00:00:00","2","168.41","0","1274.26","1274.26","0","0","organic","Albany"
"21","1223.94","17.66","2015-08-02 00:00:00","2","103.62","0","1102.66","1102.66","0","0","organic","Albany"
"15","5891.89","2340.17","2015-09-13 00:00:00","2","3395.62","0","156.1","11.15","144.95","0","organic","Atlanta"
"13","2023.36","15.19","2015-09-27 00:00:00","2","758.31","0","1249.86","1249.86","0","0","organic","Boston"
"15","3283.74","13.63","2015-09-13 00:00:00","2","1299.4","0","1970.71","1970.71","0","0","organic","Boston"
"18","3080.47","41.2","2015-08-23 00:00:00","2","1201.46","0","1837.81","1837.81","0","0","organic","Boston"
"29","3641","67.78","2015-06-07 00:00:00","2","1199.74","0","2373.48","2373.48","0","0","organic","Boston"
"49","2209.34","4.22","2015-01-18 00:00:00","2","834.34","0","1370.78","1370.78","0","0","organic","Boston"
"12","81751.48","18414.61","2015-10-04 00:00:00","2","57015.39","0","6321.48","6281.48","40","0","organic","California"
"2","4330.23","68.06","2015-12-13 00:00:00","2","235.65","19.56","4006.96","1597.46","2409.5","0","organic","HarrisburgScranton"
"28","22931.78","5012.28","2015-06-14 00:00:00","2","14260.6","923.15","2735.75","2735.75","0","0","organic","NewYork"
"43","20787.25","5138.97","2015-03-01 00:00:00","2","10612.61","10.07","5025.6","5025.6","0","0","organic","NewYork"
"21","4054.1","2241.33","2015-08-02 00:00:00","2","46.64","0","1766.13","1766.13","0","0","organic","Orlando"
"14","6595.69","1172.53","2015-09-20 00:00:00","2","5251.78","0","171.38","171.38","0","0","organic","Sacramento"
"16","4032.41","541.49","2015-09-06 00:00:00","2","1732.31","545.05","1213.56","1166.16","47.4","0","organic","SouthCarolina"
"20","3813.54","610.36","2015-08-09 00:00:00","2","1768.29","661.17","773.72","707.3","66.42","0","organic","SouthCarolina"
"26","3134.16","1101.75","2015-06-28 00:00:00","2","1669.42","0","362.99","63.33","299.66","0","organic","StLouis"
"33","3593.05","1577.96","2015-05-10 00:00:00","2","1820.99","0","194.1","80","114.1","0","organic","StLouis"
"34","3240.47","1378.06","2015-05-03 00:00:00","2","1720.88","0","141.53","56.67","84.86","0","organic","StLouis"
"8","6447.44","1235.04","2015-10-25 00:00:00","2","2895.73","0","2316.67","2316.67","0","0","organic","WestTexNewMexico"
"6","2084.37","75.8","2016-11-13 00:00:00","2","191.07","0","1817.5","1817.5","0","0","organic","Albany"
"7","1394.87","0","2016-11-06 00:00:00","2","726.7","0","668.17","40","628.17","0","organic","Boise"
"1","11811.4","30.82","2016-12-18 00:00:00","2","1065.46","1.24","10713.88","10535.61","178.27","0","organic","Boston"
"3","13905.77","29.69","2016-12-04 00:00:00","2","945.52","0","12930.56","12893.14","37.42","0","organic","Boston"
"49","4610.66","107.45","2016-01-17 00:00:00","2","294.08","12.85","4196.28","979","3217.28","0","organic","HarrisburgScranton"
"18","3378.48","1860.99","2016-08-21 00:00:00","2","108.09","9.4","1400","1370","30","0","organic","Jacksonville"
"33","39638.67","3876.06","2016-05-08 00:00:00","2","11969.29","2361.39","21431.93","20040.27","1391.66","0","organic","NewYork"
"0","109788.24","8251.79","2016-12-25 00:00:00","2","26476.86","716.82","74342.77","73179.47","1163.3","0","organic","Northeast"
"3","117562.6","11973.84","2016-12-04 00:00:00","2","36254.74","401.31","68932.71","68362.84","569.87","0","organic","Northeast"
"11","3382","1877.6","2016-10-09 00:00:00","2","136.29","0","1368.11","686.67","681.44","0","organic","Orlando"
"23","5499.33","1440.8","2016-07-17 00:00:00","2","2535.31","0","1523.22","1523.22","0","0","organic","StLouis"
"17","2022","112.42","2017-09-03 00:00:00","2","254.49","0","1655.09","1655.09","0","0","organic","Albany"
"25","1883.1","38.06","2017-07-09 00:00:00","2","187.9","0","1657.14","1657.14","0","0","organic","Albany"
"37","17641.48","67.56","2017-04-16 00:00:00","2","1173.89","0","16400.03","14424.78","1975.25","0","organic","Boston"
"38","17032.99","64.98","2017-04-09 00:00:00","2","1219.33","0","15748.68","13774.14","1974.54","0","organic","Boston"
"39","16320.74","80.78","2017-04-02 00:00:00","2","1392.51","0","14847.45","14307.53","539.92","0","organic","Boston"
"5","115472.08","23310.44","2017-11-26 00:00:00","2","47380.19","0","44781.45","44756.79","24.66","0","organic","California"
"10","132184.44","27492.71","2017-10-22 00:00:00","2","48684.87","0","56006.86","55961.39","45.47","0","organic","California"
"23","9135.63","22.63","2017-07-23 00:00:00","2","5297.61","390.71","3424.68","3424.68","0","0","organic","Charlotte"
"38","2038.99","43.45","2017-04-09 00:00:00","2","1224.09","0","771.45","599.98","171.47","0","organic","GrandRapids"
"37","26638.93","997.33","2017-04-16 00:00:00","2","18975.35","5.51","6660.74","6618.65","42.09","0","organic","HartfordSpringfield"
"20","1764.35","87.99","2017-08-13 00:00:00","2","447.2","3.62","1225.54","1222.21","3.33","0","organic","Jacksonville"
"16","3517.63","2.58","2017-09-10 00:00:00","2","948.75","0","2566.3","1066.09","1500.21","0","organic","Louisville"
"30","251838.53","28716.42","2017-06-04 00:00:00","2","70360.01","1020.12","151741.98","139084.38","12657.6","0","organic","Northeast"
"52","115256.09","9132.13","2017-01-01 00:00:00","2","36276.39","923.53","68924.04","65447.53","3476.51","0","organic","Northeast"
"49","10199.77","1524.38","2017-01-22 00:00:00","2","3321.89","13.78","5339.72","5279.57","60.15","0","organic","Philadelphia"
"50","11538.53","1218.57","2017-01-15 00:00:00","2","3918.11","15.5","6386.35","6361.46","24.89","0","organic","Philadelphia"
"18","16505.49","5358.19","2017-08-27 00:00:00","2","2591.23","0","8556.07","8501.9","54.17","0","organic","PhoenixTucson"
"16","13661.82","526.93","2017-09-10 00:00:00","2","3525.9","42.94","9566.05","7880.01","1686.04","0","organic","RichmondNorfolk"
"20","6017.04","295.77","2017-08-13 00:00:00","2","1577.89","0","4143.38","3871.36","272.02","0","organic","Roanoke"
"0","14150.95","2721.78","2017-12-31 00:00:00","2","7973.65","0","3455.52","3455.52","0","0","organic","SanDiego"
"26","19913.72","1108.18","2017-07-02 00:00:00","2","11656.52","0","7149.02","7124.38","24.64","0","organic","SanDiego"
"5","5337.53","654.85","2017-11-26 00:00:00","2","764.6","0","3918.08","1751.12","2166.96","0","organic","StLouis"
"33","4073.79","0","2017-05-14 00:00:00","2","349.93","0","3723.86","1435.66","2288.2","0","organic","Syracuse"
"15","1074567.7","140979.17","2017-09-17 00:00:00","2","243233.57","891.6","689301.75","582096.9","107163.76","41.09","organic","TotalUS"
"10","168954.65","23092.88","2017-10-22 00:00:00","2","31148.28","120.28","114593.21","79759.6","34775.7","57.91","organic","West"
"8","618279.77","9264.98","2016-10-30 00:00:00","1.99","435952.49","1595.64","171466.66","148756.72","21484.94","1225","conventional","NewYork"
"10","590535.06","141221.01","2016-10-16 00:00:00","1.99","362859.22","7787.57","78667.26","74349.15","3259.5","1058.61","conventional","SanFrancisco"
"15","100498.79","1713.76","2017-09-17 00:00:00","1.99","40378.99","23054.23","35351.81","25043.6","2910.5","7397.71","conventional","GrandRapids"
"14","367468.92","78736.2","2017-09-24 00:00:00","1.99","129549.89","781.61","158401.22","104351.01","53318.88","731.33","conventional","Seattle"
"15","902.5","13.86","2015-09-13 00:00:00","1.99","105.13","0","783.51","783.51","0","0","organic","Albany"
"41","1965.57","19.04","2015-03-15 00:00:00","1.99","904.23","0","1042.3","1042.3","0","0","organic","Boston"
"16","88963.61","23875.92","2015-09-06 00:00:00","1.99","56393.97","0","8693.72","8693.72","0","0","organic","California"
"21","89435.6","26067.67","2015-08-02 00:00:00","1.99","54133.2","0","9234.73","9234.73","0","0","organic","California"
"7","1162.68","165.99","2015-11-08 00:00:00","1.99","263.8","11.95","720.94","648.49","72.45","0","organic","HarrisburgScranton"
"1","4921.37","1672.16","2015-12-20 00:00:00","1.99","2841.33","0","407.88","258.73","149.15","0","organic","LasVegas"
"18","54255.52","4413.27","2015-08-23 00:00:00","1.99","19200.77","917.81","29723.67","29487.98","235.69","0","organic","Northeast"
"18","4617.21","490.29","2015-08-23 00:00:00","1.99","1959.09","15.9","2151.93","2140.52","11.41","0","organic","Philadelphia"
"16","23890.32","5475.25","2015-09-06 00:00:00","1.99","11441.26","5.31","6968.5","2.95","6965.55","0","organic","Seattle"
"28","3921.5","665.32","2015-06-14 00:00:00","1.99","1470.53","598.79","1186.86","1107.37","79.49","0","organic","SouthCarolina"
"31","3812.69","617.31","2015-05-24 00:00:00","1.99","1406.36","644.08","1144.94","1059.17","85.77","0","organic","SouthCarolina"
"9","1405.75","220.69","2015-10-25 00:00:00","1.99","810.37","0","374.69","0","374.69","0","organic","Spokane"
"14","6608.39","1309.78","2015-09-13 00:00:00","1.99","3114.34","0","2184.27","1763.34","420.93","0","organic","WestTexNewMexico"
"25","17234.83","888.9","2016-07-03 00:00:00","1.99","9004.84","454.36","6886.73","5720.46","1166.27","0","organic","BaltimoreWashington"
"45","4577.72","0","2016-02-14 00:00:00","1.99","246.79","0","4330.93","2769.87","1561.06","0","organic","BuffaloRochester"
"3","5851.2","93.04","2016-12-04 00:00:00","1.99","2472.52","346.29","2939.35","2603.32","336.03","0","organic","Charlotte"
"11","1434.77","83.91","2016-10-09 00:00:00","1.99","770.3","0","580.56","580.56","0","0","organic","GrandRapids"
"18","8861.21","2876.49","2016-08-21 00:00:00","1.99","2719.84","0","3264.88","458.25","2806.63","0","organic","LasVegas"
"1","51329.63","11645.06","2016-12-18 00:00:00","1.99","22852.9","190.58","16641.09","16086.71","554.38","0","organic","NewYork"
"12","100529.39","5768.29","2016-10-02 00:00:00","1.99","20282.07","1326","73153.03","72212.14","940.89","0","organic","Northeast"
"24","131639.67","7293.52","2016-07-10 00:00:00","1.99","31729.48","2223.61","90393.06","83325.05","7068.01","0","organic","Northeast"
"30","9333.72","1748.33","2016-05-29 00:00:00","1.99","7197.21","0","388.18","388.18","0","0","organic","Sacramento"
"12","12215.92","980.57","2016-10-02 00:00:00","1.99","7576.82","0","3658.53","3658.53","0","0","organic","SanDiego"
"22","16025.11","3853.35","2016-07-24 00:00:00","1.99","4310.26","8.49","7853.01","3647.77","4205.24","0","organic","WestTexNewMexico"
"33","21115.24","60.91","2017-05-14 00:00:00","1.99","1839.22","0","19215.11","16626.66","2588.45","0","organic","Boston"
"7","122017.93","29124.07","2017-11-12 00:00:00","1.99","43952.88","1.59","48939.39","48885.5","53.89","0","organic","California"
"24","9447.15","12.59","2017-07-16 00:00:00","1.99","5361.39","376.53","3696.64","3693.31","3.33","0","organic","Charlotte"
"27","9404.14","31.85","2017-06-25 00:00:00","1.99","5152.64","283.56","3936.09","3926.09","10","0","organic","Charlotte"
"25","34529.39","101.56","2017-07-09 00:00:00","1.99","33439.5","0","988.33","988.33","0","0","organic","Chicago"
"7","16859.85","4294.35","2017-11-12 00:00:00","1.99","411.81","20.71","12132.98","12014.56","118.42","0","organic","Denver"
"37","11419.61","928.33","2017-04-16 00:00:00","1.99","819.5","14.65","9657.13","9625.01","32.12","0","organic","HarrisburgScranton"
"1","12641.31","448.53","2017-12-24 00:00:00","1.99","3902.18","0","8290.6","8290.6","0","0","organic","HartfordSpringfield"
"11","6132.37","1113.04","2017-10-15 00:00:00","1.99","173.88","0","4845.45","4780.24","65.21","0","organic","LasVegas"
"6","61451.23","6477.51","2017-11-19 00:00:00","1.99","19956.35","0","35017.37","35003.39","13.98","0","organic","LosAngeles"
"9","67050.78","8078.35","2017-10-29 00:00:00","1.99","19540.98","0","39431.45","39411.01","20.44","0","organic","LosAngeles"
"10","68637.55","7845.81","2017-10-22 00:00:00","1.99","20466.32","0","40325.42","40286.28","39.14","0","organic","LosAngeles"
"13","149030.87","4351.29","2017-10-01 00:00:00","1.99","33501.74","592.25","110585.59","101954.05","8631.54","0","organic","Midsouth"
"51","132079.47","10600.01","2017-01-08 00:00:00","1.99","29899.55","310.93","91268.98","86129.69","5139.29","0","organic","Northeast"
"24","10827.99","148.68","2017-07-16 00:00:00","1.99","5715.34","222.11","4741.86","4579.11","162.75","0","organic","RaleighGreensboro"
"21","6886.41","1620.1","2017-08-06 00:00:00","1.99","2516","0","2750.31","2741.33","8.98","0","organic","Sacramento"
"11","72393.25","1416.56","2017-10-15 00:00:00","1.99","16951.37","118.81","53906.51","49798.36","4108.15","0","organic","Southeast"
"30","5574.93","1368.31","2017-06-04 00:00:00","1.99","156.3","0","4050.32","4050.32","0","0","organic","Tampa"
"5","14240.92","140.37","2018-02-18 00:00:00","1.99","5695.17","122.61","8282.77","8197.97","84.8","0","organic","RaleighGreensboro"
"8","7631.73","2280.4","2018-01-28 00:00:00","1.99","3098","0","2253.33","2253.33","0","0","organic","Sacramento"
"8","35988","954.77","2018-01-28 00:00:00","1.99","11558.54","32","23442.69","1487.79","21867.48","87.42","organic","Seattle"
"12","2063573.51","419515.35","2017-10-08 00:00:00","1.98","658131.8","166808.35","819118.01","531466.43","263131.15","24520.43","conventional","GreatLakes"
"12","52865.97","4093.28","2017-10-08 00:00:00","1.98","17191.2","71.23","31510.26","11687.9","19822.36","0","conventional","Louisville"
"17","465051.74","323445.92","2017-09-03 00:00:00","1.98","50947.85","284.53","90373.44","40450.86","46519.25","3403.33","conventional","MiamiFtLauderdale"
"12","1145.88","5.74","2015-10-04 00:00:00","1.98","165.26","0","974.88","964.68","10.2","0","organic","Albany"
"13","814.13","13.79","2015-09-27 00:00:00","1.98","140.23","0","660.11","660.11","0","0","organic","Albany"
"14","774.2","42.63","2015-09-20 00:00:00","1.98","228.13","0","503.44","503.44","0","0","organic","Albany"
"33","2117.48","46.8","2015-05-10 00:00:00","1.98","523.9","0","1546.78","1546.78","0","0","organic","Albany"
"16","6736.29","2522.07","2015-09-06 00:00:00","1.98","3851.76","0","362.46","147.77","214.69","0","organic","Atlanta"
"39","2121.96","22.27","2015-03-29 00:00:00","1.98","745.34","0","1354.35","1314.35","40","0","organic","Boston"
"17","90125.42","23449.1","2015-08-30 00:00:00","1.98","55879.18","0","10797.14","10797.14","0","0","organic","California"
"20","4920.3","374.39","2015-08-09 00:00:00","1.98","2116.41","1410.55","1018.95","1018.95","0","0","organic","Charlotte"
"20","3184.94","303.49","2015-08-09 00:00:00","1.98","2218.55","0","662.9","370","292.9","0","organic","Columbus"
"47","769.05","52.14","2015-02-01 00:00:00","1.98","620.24","0","96.67","96.67","0","0","organic","GrandRapids"
"9","3885.53","54.15","2015-10-25 00:00:00","1.98","2232.58","9.72","1589.08","339.5","1249.58","0","organic","HartfordSpringfield"
"20","17137.24","4053.69","2015-08-09 00:00:00","1.98","10634.97","760.12","1688.46","1688.46","0","0","organic","NewYork"
"24","2617.63","442.82","2015-07-12 00:00:00","1.98","1768.81","33.86","372.14","372.14","0","0","organic","Philadelphia"
"14","4881.79","3741.39","2015-09-20 00:00:00","1.98","890.96","0","249.44","193.33","56.11","0","organic","PhoenixTucson"
"50","3862.72","31.58","2015-01-11 00:00:00","1.98","1957.67","672.88","1200.59","1195.75","4.84","0","organic","RaleighGreensboro"
"23","9560.55","3147.29","2015-07-19 00:00:00","1.98","6150.55","0","262.71","262.71","0","0","organic","Sacramento"
"7","17886.78","1285.58","2015-11-08 00:00:00","1.98","16543.45","0","57.75","51.08","6.67","0","organic","SanFrancisco"
"25","29929.57","8841.34","2015-07-05 00:00:00","1.98","20807.76","280.47","0","0","0","0","organic","Seattle"
"15","3338.53","510.57","2015-09-13 00:00:00","1.98","1315.43","465.66","1046.87","1036.36","10.51","0","organic","SouthCarolina"
"21","894.87","5","2015-08-02 00:00:00","1.98","131.08","0","758.79","755.46","3.33","0","organic","Syracuse"
"6","7603.07","2198.14","2015-11-08 00:00:00","1.98","3139.24","26.37","2239.32","2223.34","15.98","0","organic","WestTexNewMexico"
"23","21633.42","692.39","2016-07-17 00:00:00","1.98","9119.83","716.33","11104.87","8595.72","2509.15","0","organic","BaltimoreWashington"
"0","11553.3","11.89","2016-12-25 00:00:00","1.98","938.02","0","10603.39","10593.78","9.61","0","organic","Boston"
"11","128966.95","15488.42","2016-10-09 00:00:00","1.98","67537.91","12.36","45928.26","45197.03","731.23","0","organic","California"
"22","1509.8","781.44","2016-07-24 00:00:00","1.98","199.22","0","529.14","516.67","12.47","0","organic","GrandRapids"
"9","1494.63","65.87","2016-10-23 00:00:00","1.98","897.05","1.38","530.33","472.82","57.51","0","organic","HartfordSpringfield"
"11","2187.6","1278.95","2016-10-09 00:00:00","1.98","60.28","1.18","847.19","180","667.19","0","organic","Jacksonville"
"36","40280.96","4725.66","2016-04-17 00:00:00","1.98","18018.14","2509.18","15027.98","13176.01","1851.97","0","organic","NewYork"
"32","10923.26","548.92","2016-05-15 00:00:00","1.98","3732.27","166.38","6475.69","5472.24","1003.45","0","organic","Philadelphia"
"45","7588.38","1013.96","2016-02-14 00:00:00","1.98","6423.04","0","151.38","148.47","2.91","0","organic","Sacramento"
"47","1871.93","0","2016-01-31 00:00:00","1.98","155.32","0","1716.61","642.19","1074.42","0","organic","Syracuse"
"21","2576.49","39.31","2017-08-06 00:00:00","1.98","331.89","0","2205.29","2205.29","0","0","organic","Albany"
"34","21056.26","82.39","2017-05-07 00:00:00","1.98","1772.56","0","19201.31","16567.99","2633.32","0","organic","Boston"
"45","4832.94","0","2017-02-19 00:00:00","1.98","1112.32","0","3720.62","1261.01","2459.61","0","organic","BuffaloRochester"
"6","122170.14","25968.52","2017-11-19 00:00:00","1.98","47146.26","0","49055.36","49022.35","33.01","0","organic","California"
"26","34696.48","88.99","2017-07-02 00:00:00","1.98","33041.8","0","1565.69","1565.69","0","0","organic","Chicago"
"27","34223.93","151.52","2017-06-25 00:00:00","1.98","33077.68","0","994.73","991.4","3.33","0","organic","Chicago"
"28","36015.84","47.8","2017-06-18 00:00:00","1.98","34824.05","0","1143.99","1143.99","0","0","organic","Chicago"
"9","13649.88","45.05","2017-10-29 00:00:00","1.98","2689","0","10915.83","10867.33","48.5","0","organic","HartfordSpringfield"
"35","7545.18","1049.39","2017-04-30 00:00:00","1.98","4429.33","2.58","2063.88","437.22","1626.66","0","organic","LasVegas"
"7","62337.67","8390.23","2017-11-12 00:00:00","1.98","17805.25","0","36142.19","36097.73","44.46","0","organic","LosAngeles"
"17","3581.73","7.74","2017-09-03 00:00:00","1.98","1116.53","0","2457.46","835.36","1622.1","0","organic","Louisville"
"46","59839.16","7402.11","2017-02-12 00:00:00","1.98","22697.49","514.41","29225.15","28971.43","253.72","0","organic","NewYork"
"28","307563.37","45284.06","2017-06-18 00:00:00","1.98","123914.52","265.91","138098.88","124213.2","13885.68","0","organic","Northeast"
"52","8600.66","1221.92","2017-01-01 00:00:00","1.98","3644.99","5.08","3728.67","3703.42","25.25","0","organic","Philadelphia"
"10","9883.94","1497.55","2018-01-14 00:00:00","1.98","2199.58","0","6186.81","6180.41","6.4","0","organic","LasVegas"
"3","15008.91","119.79","2018-03-04 00:00:00","1.98","6357.72","154.02","8377.38","8147.84","229.54","0","organic","RaleighGreensboro"
"12","105043.74","10071.88","2017-10-08 00:00:00","1.97","37063.61","607.85","57300.4","27891.17","29348.64","60.59","conventional","Indianapolis"
"10","969.29","10.31","2015-10-18 00:00:00","1.97","158.07","0","800.91","800.91","0","0","organic","Albany"
"31","1274.53","45.07","2015-05-24 00:00:00","1.97","1108.3","0","121.16","100","21.16","0","organic","Boise"
"16","3343.86","57.99","2015-09-06 00:00:00","1.97","1242.5","0","2043.37","2043.37","0","0","organic","Boston"
"15","95230.68","34760.74","2015-09-13 00:00:00","1.97","54821.89","0","5648.05","5608.05","40","0","organic","California"
"5","2798.21","234.13","2015-11-22 00:00:00","1.97","1454.12","728.78","381.18","377.85","3.33","0","organic","Charlotte"
"10","3681.19","336.37","2015-10-18 00:00:00","1.97","1394","1143.22","807.6","807.6","0","0","organic","Charlotte"
"14","4103.72","307.22","2015-09-20 00:00:00","1.97","1181.6","842.48","1772.42","1772.42","0","0","organic","Charlotte"
"3","4459.56","2223.41","2015-12-06 00:00:00","1.97","2159.48","0","76.67","76.67","0","0","organic","LasVegas"
"15","49376.19","3473.57","2015-09-13 00:00:00","1.97","18543.59","853.19","26505.84","26318.59","187.25","0","organic","Northeast"
"31","63674.1","5569.19","2015-05-24 00:00:00","1.97","18983.33","513.94","38607.64","38338.21","269.43","0","organic","Northeast"
"23","5289.63","250.13","2015-07-19 00:00:00","1.97","1960.21","11.59","3067.7","3067.7","0","0","organic","Philadelphia"
"49","3496.27","78.13","2015-01-18 00:00:00","1.97","1775.25","628.28","1014.61","925.39","89.22","0","organic","RaleighGreensboro"
"14","17859.24","4479.19","2015-09-20 00:00:00","1.97","8805.98","15.93","4558.14","2.95","4555.19","0","organic","Seattle"
"19","4371.78","751.43","2015-08-16 00:00:00","1.97","1634.13","550.28","1435.94","1321.88","114.06","0","organic","SouthCarolina"
"38","3601.21","581.39","2015-04-05 00:00:00","1.97","1475.46","517.88","1026.48","944.14","82.34","0","organic","SouthCarolina"
"18","4065.69","1953.8","2015-08-23 00:00:00","1.97","1730.71","0","381.18","151.3","229.88","0","organic","StLouis"
"20","3502.37","2208.98","2015-08-09 00:00:00","1.97","822.99","0","470.4","470.4","0","0","organic","StLouis"
"4","6249.43","1733.4","2015-11-22 00:00:00","1.97","2873.92","30.95","1611.16","1590","21.16","0","organic","WestTexNewMexico"
"3","1364.73","100.01","2016-12-04 00:00:00","1.97","99.17","0","1165.55","1165.55","0","0","organic","Albany"
"4","1646.78","50.76","2016-11-27 00:00:00","1.97","177.08","0","1418.94","1418.94","0","0","organic","Albany"
"2","16245.8","820.43","2016-12-11 00:00:00","1.97","6367.66","229.66","8828.05","8822.47","5.58","0","organic","BaltimoreWashington"
"2","1212.71","29.44","2016-12-11 00:00:00","1.97","855.06","0","328.21","160","168.21","0","organic","GrandRapids"
"13","3007.07","177.86","2016-09-25 00:00:00","1.97","1376.52","0","1452.69","793.58","659.11","0","organic","Indianapolis"
"31","11516.4","750.67","2016-05-22 00:00:00","1.97","4399.1","8.71","6357.92","6250.8","107.12","0","organic","Philadelphia"
"21","13275.24","1816.69","2016-07-31 00:00:00","1.97","9171.8","6.61","2280.14","657.38","1622.76","0","organic","SanDiego"
"19","7008.59","2390.91","2016-08-14 00:00:00","1.97","2720.52","16.27","1880.89","1526.11","354.78","0","organic","StLouis"
"42","2001.95","123.51","2017-03-12 00:00:00","1.97","206.64","0","1671.8","1671.8","0","0","organic","Albany"
"21","13998.62","451.86","2017-08-06 00:00:00","1.97","5641.82","0","7904.94","5936.32","1968.62","0","organic","Atlanta"
"39","23194.42","1558.12","2017-04-02 00:00:00","1.97","11581.01","275.8","9779.49","9768.59","10.9","0","organic","BaltimoreWashington"
"40","20770.15","1316.49","2017-03-26 00:00:00","1.97","9686.16","333.08","9434.42","9418.09","16.33","0","organic","BaltimoreWashington"
"43","18082.67","1280.17","2017-03-05 00:00:00","1.97","8000.14","234.64","8567.72","8562.17","5.55","0","organic","BaltimoreWashington"
"35","46274.23","39.74","2017-04-30 00:00:00","1.97","44553.79","0","1680.7","1680.7","0","0","organic","Chicago"
"20","7797.08","219.37","2017-08-13 00:00:00","1.97","4075.78","0","3432.91","2701.68","731.23","0","organic","CincinnatiDayton"
"12","22719.75","7350.34","2017-10-08 00:00:00","1.97","484.37","30.99","14854.05","14714.76","139.29","0","organic","Denver"
"29","18916.24","16512.7","2017-06-11 00:00:00","1.97","1809.94","103.26","490.34","225.56","264.78","0","organic","Denver"
"30","15024.27","13420.3","2017-06-04 00:00:00","1.97","1057.12","45.52","501.33","460.24","41.09","0","organic","Denver"
"26","4460.37","34.02","2017-07-02 00:00:00","1.97","4237.33","0","189.02","6.3","182.72","0","organic","GrandRapids"
"43","9363.96","948.51","2017-03-05 00:00:00","1.97","600.43","9.31","7805.71","7793.62","12.09","0","organic","HarrisburgScranton"
"12","3758.3","98.7","2017-10-08 00:00:00","1.97","435.16","0","3224.44","3221.11","3.33","0","organic","MiamiFtLauderdale"
"30","5428.05","1070.87","2017-06-04 00:00:00","1.97","139.61","0","4217.57","4215.74","1.83","0","organic","MiamiFtLauderdale"
"13","3769.02","207.39","2017-10-01 00:00:00","1.97","135.26","0","3426.37","3269.44","156.93","0","organic","NewOrleansMobile"
"29","5784.5","1583.21","2017-06-11 00:00:00","1.97","333.85","0","3867.44","3867.44","0","0","organic","Orlando"
"28","9720.05","3206.8","2017-06-18 00:00:00","1.97","3475.47","0","3037.78","1052.43","1985.35","0","organic","PhoenixTucson"
"25","10835.76","101.76","2017-07-09 00:00:00","1.97","5697.63","240.83","4795.54","3907.95","887.59","0","organic","RaleighGreensboro"
"23","7041.27","1474.65","2017-07-23 00:00:00","1.97","2451.59","0","3115.03","3115.03","0","0","organic","Sacramento"
"36","14541.16","1088.81","2017-04-23 00:00:00","1.97","9477.69","1.63","3973.03","719.12","3253.91","0","organic","SanDiego"
"31","8937.3","790.46","2017-05-28 00:00:00","1.97","4574.28","201.95","3370.61","953.24","2417.37","0","organic","SouthCarolina"
"36","6587.58","964.45","2017-04-23 00:00:00","1.97","4213.41","200.04","1209.68","173.84","1035.84","0","organic","SouthCarolina"
"41","3982.18","985.66","2017-03-19 00:00:00","1.97","41.8","0","2954.72","1333.33","1621.39","0","organic","Tampa"
"5","167193.75","27895.41","2018-02-18 00:00:00","1.97","73827.57","0","65470.77","65435.09","35.68","0","organic","California"
"11","82637.97","6158.73","2018-01-07 00:00:00","1.97","19251.81","47.04","57180.39","57180.39","0","0","organic","NewYork"
"4","14215.62","161.11","2018-02-25 00:00:00","1.97","5650.36","151.56","8252.59","7736.17","516.42","0","organic","RaleighGreensboro"
"10","8138.94","2054.96","2018-01-14 00:00:00","1.97","1185.62","0","4898.36","2004.4","2893.96","0","organic","StLouis"
"10","97132.42","2538.84","2017-10-22 00:00:00","1.96","37656.26","21937.7","34999.62","27100.47","2690.37","5208.78","conventional","GrandRapids"
"14","113272.89","2101.47","2017-09-24 00:00:00","1.96","48552.76","24966.57","37652.09","26290.1","3741.32","7620.67","conventional","GrandRapids"
"13","298663.48","184126.8","2017-10-01 00:00:00","1.96","34452.35","47.63","80036.7","52502.99","27533.71","0","conventional","Tampa"
"36","1516.24","18.01","2015-04-19 00:00:00","1.96","102.45","0","1395.78","1395.78","0","0","organic","Albany"
"19","90240.43","24630.76","2015-08-16 00:00:00","1.96","52035.43","0","13574.24","13574.24","0","0","organic","California"
"4","2617.44","142.69","2015-11-29 00:00:00","1.96","1404.09","638.12","432.54","425.87","6.67","0","organic","Charlotte"
"39","3493.98","267.8","2015-03-29 00:00:00","1.96","1467.6","1227.69","530.89","530.89","0","0","organic","Charlotte"
"21","2728.36","69.63","2015-08-02 00:00:00","1.96","198.74","11.44","2448.55","2448.55","0","0","organic","HarrisburgScranton"
"8","4177.83","88.45","2015-11-01 00:00:00","1.96","2399.47","9.72","1680.19","1390.22","289.97","0","organic","HartfordSpringfield"
"49","1083.8","45.28","2015-01-18 00:00:00","1.96","925.94","0","112.58","105.03","7.55","0","organic","Indianapolis"
"7","5599.48","2671.45","2015-11-08 00:00:00","1.96","2753.95","0","174.08","123.33","50.75","0","organic","LasVegas"
"35","53200.63","3100.23","2015-04-26 00:00:00","1.96","16190.74","438.48","33471.18","33361.61","109.57","0","organic","Northeast"
"14","6799.27","30.44","2015-09-20 00:00:00","1.96","656.38","0","6112.45","6112.45","0","0","organic","NorthernNewEngland"
"21","9346.73","87.59","2015-08-02 00:00:00","1.96","753.74","0","8505.4","8478.73","26.67","0","organic","NorthernNewEngland"
"23","8067.82","20.58","2015-07-19 00:00:00","1.96","1104.69","0","6942.55","6942.55","0","0","organic","NorthernNewEngland"
"18","3760.73","2043.73","2015-08-23 00:00:00","1.96","63.54","0","1653.46","1653.46","0","0","organic","Orlando"
"22","23093.97","6781.43","2015-07-26 00:00:00","1.96","14705.3","28.07","1579.17","0","1579.17","0","organic","Portland"
"29","26864.42","9745.48","2015-06-07 00:00:00","1.96","16510.02","0","608.92","0","608.92","0","organic","Portland"
"38","4859.09","152.04","2015-04-05 00:00:00","1.96","2540.93","930.22","1235.9","1086.58","149.32","0","organic","RaleighGreensboro"
"25","23306.75","13491.33","2015-07-05 00:00:00","1.96","9796.67","0","18.75","18.75","0","0","organic","SanFrancisco"
"26","19868.9","12195.44","2015-06-28 00:00:00","1.96","7667.22","0","6.24","6.24","0","0","organic","SanFrancisco"
"29","22886.87","14837.87","2015-06-07 00:00:00","1.96","8027.21","0","21.79","21.79","0","0","organic","SanFrancisco"
"20","27798.35","7894.55","2015-08-09 00:00:00","1.96","14573.33","17.25","5313.22","0","5313.22","0","organic","Seattle"
"12","3776.95","575.76","2015-10-04 00:00:00","1.96","1475.82","464.13","1261.24","1192.05","69.19","0","organic","SouthCarolina"
"16","4167.78","1926.96","2015-09-06 00:00:00","1.96","1973.83","0","266.99","46.67","220.32","0","organic","StLouis"
"23","6689.54","2449.63","2015-07-12 00:00:00","1.96","3542.77","0","697.14","553.33","143.81","0","organic","WestTexNewMexico"
"8","1326.8","57.66","2016-10-30 00:00:00","1.96","93.41","0","1175.73","1175.73","0","0","organic","Albany"
"24","17213.93","672.55","2016-07-10 00:00:00","1.96","9092.46","535.09","6913.83","6320.31","593.52","0","organic","BaltimoreWashington"
"16","1782.56","436.53","2016-09-04 00:00:00","1.96","784.93","0","561.1","526.67","34.43","0","organic","GrandRapids"
"14","2874.38","242.62","2016-09-18 00:00:00","1.96","1484.61","0","1147.15","514.7","632.45","0","organic","Indianapolis"
"41","33409.96","7270.09","2016-03-13 00:00:00","1.96","12040.43","2080.55","12018.89","10528.46","1490.43","0","organic","NewYork"
"43","32608.62","4923.95","2016-02-28 00:00:00","1.96","13005.25","1706.3","12973.12","9947.04","3026.08","0","organic","NewYork"
"8","72130.37","7965.62","2016-10-30 00:00:00","1.96","26563.78","67.48","37533.49","36379.22","1154.27","0","organic","Northeast"
"13","111261.71","6168.57","2016-09-25 00:00:00","1.96","19760.7","558.5","84773.94","84053.56","720.38","0","organic","Northeast"
"3","8741.54","15.93","2016-12-04 00:00:00","1.96","159.27","0","8566.34","8566.34","0","0","organic","NorthernNewEngland"
"3","7009.95","2315.4","2016-12-04 00:00:00","1.96","3214.55","0","1480","1469.13","10.87","0","organic","PhoenixTucson"
"19","7490.34","1651.39","2016-08-14 00:00:00","1.96","5561.63","0","277.32","277.32","0","0","organic","Sacramento"
"40","7688.54","1124.36","2016-03-20 00:00:00","1.96","6330.38","0","233.8","233.8","0","0","organic","Sacramento"
"29","7048.29","2336.22","2016-06-05 00:00:00","1.96","2701.21","0","2010.86","2010.86","0","0","organic","StLouis"
"45","1909.55","0","2016-02-14 00:00:00","1.96","141.31","0","1768.24","1309.94","458.3","0","organic","Syracuse"
"37","24454.71","1248.3","2017-04-16 00:00:00","1.96","11853.83","398.85","10953.73","10925.78","27.95","0","organic","BaltimoreWashington"
"41","6033.09","290.05","2017-03-19 00:00:00","1.96","4578.97","555.66","608.41","270.25","338.16","0","organic","Charlotte"
"16","26481.45","245.66","2017-09-10 00:00:00","1.96","17923.99","0","8311.8","8311.8","0","0","organic","Chicago"
"29","44859.81","68.64","2017-06-11 00:00:00","1.96","42911.11","0","1880.06","1880.06","0","0","organic","Chicago"
"15","18572.79","68.7","2017-09-17 00:00:00","1.96","4275.95","11.18","14216.96","14216.96","0","0","organic","HartfordSpringfield"
"8","6103.24","64.69","2017-11-05 00:00:00","1.96","911.14","0","5127.41","4226.66","900.75","0","organic","MiamiFtLauderdale"
"34","111062.12","2964.11","2017-05-07 00:00:00","1.96","48570.73","1704.61","57822.67","35661.6","22161.07","0","organic","Midsouth"
"35","117715.93","4131.4","2017-04-30 00:00:00","1.96","51699.07","1538.54","60346.92","36527.33","23819.59","0","organic","Midsouth"
"11","7545.78","67.23","2017-10-15 00:00:00","1.96","2947.41","0","4531.14","2567.53","1963.61","0","organic","Nashville"
"33","1745.63","900.99","2017-05-14 00:00:00","1.96","0","0","844.64","744.97","99.67","0","organic","NewOrleansMobile"
"10","56614.23","1352.09","2017-10-22 00:00:00","1.96","14045.55","375.42","40841.17","26362.82","14478.35","0","organic","Plains"
"18","11862.16","517","2017-08-27 00:00:00","1.96","3473.29","114.73","7757.14","6903.89","853.25","0","organic","RichmondNorfolk"
"16","8035.15","3074","2017-09-10 00:00:00","1.96","3484.74","0","1476.41","1476.41","0","0","organic","Sacramento"
"19","89270.61","2949.29","2017-08-20 00:00:00","1.96","23183.75","129.31","63008.26","59685.26","3323","0","organic","Southeast"
"7","5719.05","10.52","2017-11-12 00:00:00","1.96","1238.07","0","4470.46","2041.26","2429.2","0","organic","StLouis"
"39","1628.79","0","2017-04-02 00:00:00","1.96","326.09","0","1302.7","961.13","341.57","0","organic","Syracuse"
"33","4946.02","2198.76","2017-05-14 00:00:00","1.96","104.04","0","2643.22","2528.95","114.27","0","organic","Tampa"
"19","1071538.25","108658.66","2017-08-20 00:00:00","1.96","262747.8","1154.19","698734.9","608822.05","89904.05","8.8","organic","TotalUS"
"6","152431.73","19683.27","2017-11-19 00:00:00","1.96","31559.25","69.86","101119.35","60158.89","40770.88","189.58","organic","West"
"9","807564.93","11212.72","2016-10-23 00:00:00","1.95","512038.46","2086.69","282227.06","275967.53","5009.53","1250","conventional","NewYork"
"9","1106.41","14.34","2015-10-25 00:00:00","1.95","690.76","3.91","397.4","220","177.4","0","organic","Boise"
"11","1396.94","9.12","2015-10-11 00:00:00","1.95","1160.59","0","227.23","0","227.23","0","organic","Boise"
"3","2487.94","162.31","2015-12-06 00:00:00","1.95","1278.07","577.56","470","470","0","0","organic","Charlotte"
"40","964.25","76.53","2015-03-22 00:00:00","1.95","841.88","0","45.84","3.33","42.51","0","organic","Indianapolis"
"26","1774.27","1515.5","2015-06-28 00:00:00","1.95","85.02","16.09","157.66","150","7.66","0","organic","Jacksonville"
"46","22571.11","1793.84","2015-02-08 00:00:00","1.95","10974.3","16.7","9786.27","9786.27","0","0","organic","NewYork"
"39","46496.41","5533.31","2015-03-29 00:00:00","1.95","16533.45","90.99","24338.66","24298.66","40","0","organic","Northeast"
"16","6936.51","3.7","2015-09-06 00:00:00","1.95","669.84","0","6262.97","6262.97","0","0","organic","NorthernNewEngland"
"22","7510.46","94.34","2015-07-26 00:00:00","1.95","1065.74","0","6350.38","6313.71","36.67","0","organic","NorthernNewEngland"
"24","8821.58","20.44","2015-07-12 00:00:00","1.95","1072.94","0","7728.2","7728.2","0","0","organic","NorthernNewEngland"
"25","10419.6","6.33","2015-07-05 00:00:00","1.95","1080.43","0","9332.84","9332.84","0","0","organic","NorthernNewEngland"
"26","8515.11","1.25","2015-06-28 00:00:00","1.95","1099.96","0","7413.9","7413.9","0","0","organic","NorthernNewEngland"
"16","3337.29","1471.26","2015-09-06 00:00:00","1.95","66.51","0","1799.52","1799.52","0","0","organic","Orlando"
"15","4303.93","312.56","2015-09-13 00:00:00","1.95","1865.32","48.94","2077.11","2071.25","5.86","0","organic","Philadelphia"
"16","5552.08","73.34","2015-09-06 00:00:00","1.95","2705.46","821.09","1952.19","1931.19","21","0","organic","RaleighGreensboro"
"13","5472.45","1261.85","2015-09-27 00:00:00","1.95","3990.21","0","220.39","220.39","0","0","organic","Sacramento"
"27","23502.62","14256","2015-06-21 00:00:00","1.95","9227.71","0","18.91","15.58","3.33","0","organic","SanFrancisco"
"28","23972.69","15257.42","2015-06-14 00:00:00","1.95","8712.16","0","3.11","3.11","0","0","organic","SanFrancisco"
"29","3556.7","498.69","2015-06-07 00:00:00","1.95","1234.91","499.5","1323.6","1236.67","86.93","0","organic","SouthCarolina"
"15","25470.62","8641.1","2015-09-13 00:00:00","1.95","8109.19","712.41","8007.92","7672.74","335.18","0","organic","Southeast"
"10","16843.53","824.95","2016-10-16 00:00:00","1.95","9095.02","680.3","6243.26","6226.14","17.12","0","organic","BaltimoreWashington"
"13","123708","12970.52","2016-09-25 00:00:00","1.95","73572.34","10.84","37154.3","32296.6","4857.7","0","organic","California"
"5","7881.12","102.42","2016-11-20 00:00:00","1.95","2877.6","555.31","4345.79","3908.22","437.57","0","organic","Charlotte"
"46","30482.41","4811.67","2016-02-07 00:00:00","1.95","9963.04","1515.57","14192.13","8387.82","5804.31","0","organic","NewYork"
"15","165386.89","12483.37","2016-09-11 00:00:00","1.95","42591.1","429.8","109882.62","108494.91","1387.71","0","organic","Northeast"
"45","83662.7","7156.24","2016-02-14 00:00:00","1.95","19172.81","1054.63","56279.02","44768.7","11510.32","0","organic","Northeast"
"1","7450.03","6.19","2016-12-18 00:00:00","1.95","215.35","0","7228.49","7228.49","0","0","organic","NorthernNewEngland"
"37","10787.78","459.39","2016-04-10 00:00:00","1.95","2809.86","12.84","7505.69","5674.23","1831.46","0","organic","Philadelphia"
"39","10596.57","465.92","2016-03-27 00:00:00","1.95","2658.75","17.11","7454.79","6054.65","1400.14","0","organic","Philadelphia"
"36","8477.64","1585.91","2016-04-17 00:00:00","1.95","6479.19","0","412.54","412.54","0","0","organic","Sacramento"
"49","18983.23","1127.33","2016-01-17 00:00:00","1.95","17731.64","0","124.26","105.62","18.64","0","organic","SanFrancisco"
"22","28351.54","2911.49","2016-07-24 00:00:00","1.95","18679.58","77.4","6683.07","295.02","6388.05","0","organic","Seattle"
"18","2086.53","706.36","2016-08-21 00:00:00","1.95","614.47","0","765.7","765.7","0","0","organic","Spokane"
"8","28626.61","14.81","2017-11-05 00:00:00","1.95","1535.06","3.7","27073.04","25996.99","1076.05","0","organic","Boston"
"46","17727.36","13.45","2017-02-12 00:00:00","1.95","1111.3","13.52","16589.09","15419.88","1169.21","0","organic","Boston"
"51","17555.2","8.39","2017-01-08 00:00:00","1.95","1134.04","0","16412.77","15137.23","1275.54","0","organic","Boston"
"39","10320.1","277.75","2017-04-02 00:00:00","1.95","6849.46","639.44","2553.45","1828.88","724.57","0","organic","Charlotte"
"8","41108.47","24.68","2017-11-05 00:00:00","1.95","31160.28","0","9923.51","9915.74","7.77","0","organic","Chicago"
"34","42798.67","42.84","2017-05-07 00:00:00","1.95","39979.02","0","2776.81","2776.81","0","0","organic","Chicago"
"38","57024.53","298.8","2017-04-09 00:00:00","1.95","53040.02","0","3685.71","3685.71","0","0","organic","Chicago"
"18","11994.71","270.33","2017-08-27 00:00:00","1.95","3292.5","0","8389.08","2503.08","5886","0","organic","CincinnatiDayton"
"21","19766","9900.68","2017-08-06 00:00:00","1.95","1086.26","46.34","8732.72","8703.01","29.71","0","organic","Denver"
"39","9170.1","888.85","2017-04-02 00:00:00","1.95","665.19","9.27","7606.79","7606.79","0","0","organic","HarrisburgScranton"
"51","7366.35","403.32","2017-01-08 00:00:00","1.95","226.87","8.73","6727.43","6723.31","4.12","0","organic","HarrisburgScranton"
"23","17461.66","97.2","2017-07-23 00:00:00","1.95","4468.49","8.21","12887.76","12887.76","0","0","organic","HartfordSpringfield"
"5","6599.52","1613.28","2017-11-26 00:00:00","1.95","1302.68","0","3683.56","3683.56","0","0","organic","LasVegas"
"6","7753.84","1387.57","2017-11-19 00:00:00","1.95","1452.61","0","4913.66","4894.09","19.57","0","organic","LasVegas"
"32","8671.15","2887.66","2017-05-21 00:00:00","1.95","3339.62","0","2443.87","753.66","1690.21","0","organic","LasVegas"
"35","634.09","228.39","2017-04-30 00:00:00","1.95","24.04","0","381.66","381.66","0","0","organic","NewOrleansMobile"
"47","4611.95","1715.85","2017-02-05 00:00:00","1.95","210.43","0","2685.67","1271.11","1414.56","0","organic","Orlando"
"23","10503.59","159.08","2017-07-23 00:00:00","1.95","5194.4","192.67","4957.44","4642.47","314.97","0","organic","RaleighGreensboro"
"27","10089.71","173.53","2017-06-25 00:00:00","1.95","5355.82","266.79","4293.57","3840.94","452.63","0","organic","RaleighGreensboro"
"30","9652.72","2373.25","2017-06-04 00:00:00","1.95","2106.82","0","5172.65","2621.83","2550.82","0","organic","StLouis"
"8","6566.58","117.74","2017-11-05 00:00:00","1.95","949.73","0","5499.11","4451.12","1047.99","0","organic","Tampa"
"13","1072521.35","100319.38","2017-10-01 00:00:00","1.95","230053.24","1966.94","739701.61","658536.46","81088.57","76.58","organic","TotalUS"
"7","150594.48","20429.3","2017-11-12 00:00:00","1.95","29316.64","61.67","100786.87","64189.33","36581.15","16.39","organic","West"
"11","156341.57","42992.91","2018-01-07 00:00:00","1.95","56007.79","0","57340.87","57271.15","69.72","0","organic","California"
"9","18676.37","1088.49","2018-01-21 00:00:00","1.95","9282.37","0","8305.51","8305.51","0","0","organic","SanDiego"
"6","506543.8","118820.99","2016-11-13 00:00:00","1.94","308678.33","3208.3","75836.18","74569.34","976.56","290.28","conventional","SanFrancisco"
"9","551605.92","117423.1","2017-10-29 00:00:00","1.94","268773.52","88632.79","76776.51","74126.58","2647.71","2.22","conventional","Chicago"
"12","208300.17","55417.49","2017-10-08 00:00:00","1.94","17297.6","18345.32","117239.76","98662.02","10865.94","7711.8","conventional","Detroit"
"17","409075.07","83934.95","2017-09-03 00:00:00","1.94","146966.08","604.17","177569.87","113635.3","62704.47","1230.1","conventional","Seattle"
"4","831.69","0","2015-11-29 00:00:00","1.94","94.73","0","736.96","736.96","0","0","organic","Albany"
"5","858.83","13.84","2015-11-22 00:00:00","1.94","84.18","0","760.81","755.69","5.12","0","organic","Albany"
"10","5657.95","2169","2015-10-18 00:00:00","1.94","2870.36","0","618.59","63.33","555.26","0","organic","Atlanta"
"30","4235.93","45.51","2015-05-31 00:00:00","1.94","1123.51","0","3066.91","3066.91","0","0","organic","Boston"
"31","3507.89","28.09","2015-05-24 00:00:00","1.94","1052.29","0","2427.51","2427.51","0","0","organic","Boston"
"36","2696.21","13.06","2015-04-19 00:00:00","1.94","912.2","0","1770.95","1770.95","0","0","organic","Boston"
"40","2763.26","6.36","2015-03-22 00:00:00","1.94","1119.46","0","1637.44","1627.44","10","0","organic","Boston"
"50","2217.82","12.82","2015-01-11 00:00:00","1.94","956.07","0","1248.93","1248.93","0","0","organic","Boston"
"6","3002.61","244.63","2015-11-15 00:00:00","1.94","1295.86","828.52","633.6","633.6","0","0","organic","Charlotte"
"11","3614.95","253.41","2015-10-11 00:00:00","1.94","1370.54","1016.7","974.3","974.3","0","0","organic","Charlotte"
"14","1558.39","136.1","2015-09-20 00:00:00","1.94","215.36","15.42","1191.51","1191.51","0","0","organic","HarrisburgScranton"
"49","1355.5","50.54","2015-01-18 00:00:00","1.94","127.76","8.74","1168.46","1168.46","0","0","organic","HarrisburgScranton"
"0","4595.5","1188.98","2015-12-27 00:00:00","1.94","2391.02","0","1015.5","701.41","314.09","0","organic","LasVegas"
"9","15727.43","2675.93","2015-10-25 00:00:00","1.94","8966.26","411.18","3674.06","187","3487.06","0","organic","NewYork"
"22","45208.21","4767.51","2015-07-26 00:00:00","1.94","20119.18","87.72","20233.8","19658.12","575.68","0","organic","Northeast"
"36","60348.96","4357.54","2015-04-19 00:00:00","1.94","24247.68","50.04","31693.7","31416.66","277.04","0","organic","Northeast"
"49","35304.15","1461.14","2015-01-18 00:00:00","1.94","13317.36","73.5","20452.15","18457.1","1995.05","0","organic","Northeast"
"28","8633.7","36.88","2015-06-14 00:00:00","1.94","780.73","0","7816.09","7816.09","0","0","organic","NorthernNewEngland"
"21","5147.5","369.17","2015-08-02 00:00:00","1.94","1876.62","11.62","2890.09","2890.09","0","0","organic","Philadelphia"
"29","5043.08","608.81","2015-06-07 00:00:00","1.94","1221.46","14.31","3198.5","3198.5","0","0","organic","Philadelphia"
"21","18054.18","6605.19","2015-08-02 00:00:00","1.94","10611.69","0","837.3","0","837.3","0","organic","Portland"
"15","5345.41","28.2","2015-09-13 00:00:00","1.94","2870.92","683.44","1762.85","1762.85","0","0","organic","RaleighGreensboro"
"17","6106.73","46.87","2015-08-30 00:00:00","1.94","3098.11","750.91","2210.84","2132.13","78.71","0","organic","RaleighGreensboro"
"2","13713.65","1379.97","2015-12-13 00:00:00","1.94","12152.1","0","181.58","181.58","0","0","organic","SanFrancisco"
"9","19311.21","1334.41","2015-10-25 00:00:00","1.94","17960.82","0","15.98","15.98","0","0","organic","SanFrancisco"
"21","3856.28","636.53","2015-08-02 00:00:00","1.94","1406.72","535.15","1277.88","947.22","330.66","0","organic","SouthCarolina"
"37","4030.76","527.44","2015-04-12 00:00:00","1.94","1873.44","722.33","907.55","776.67","130.88","0","organic","SouthCarolina"
"13","3327.1","1305.23","2015-09-27 00:00:00","1.94","1606.29","0","415.58","40","375.58","0","organic","StLouis"
"4","9786.33","29.54","2016-11-27 00:00:00","1.94","907.66","0","8849.13","8776.1","73.03","0","organic","Boston"
"6","8516.76","177.79","2016-11-13 00:00:00","1.94","2996.77","615.32","4726.88","4083.07","643.81","0","organic","Charlotte"
"18","2096.45","1016.22","2016-08-21 00:00:00","1.94","378.84","0","701.39","600","101.39","0","organic","GrandRapids"
"7","6815.62","1815.17","2016-11-06 00:00:00","1.94","3164.88","0","1835.57","1827.56","8.01","0","organic","LasVegas"
"7","64388.86","9018.29","2016-11-06 00:00:00","1.94","23288.44","0","32082.13","21367.19","10714.94","0","organic","LosAngeles"
"28","28758.83","3909.23","2016-06-12 00:00:00","1.94","14358.57","177.64","10313.39","9034.74","1278.65","0","organic","NewYork"
"1","113583.14","14615.66","2016-12-18 00:00:00","1.94","33603.36","164.23","65199.89","63812.2","1387.69","0","organic","Northeast"
"34","151476.61","8435.32","2016-05-01 00:00:00","1.94","33077.84","2206.77","107756.68","95608.27","12148.41","0","organic","Northeast"
"51","2229.52","63.46","2017-01-08 00:00:00","1.94","478.31","0","1687.75","1687.75","0","0","organic","Albany"
"30","46993.63","41.82","2017-06-04 00:00:00","1.94","43896.68","0","3055.13","3050.69","4.44","0","organic","Chicago"
"32","44591.86","34.84","2017-05-21 00:00:00","1.94","40715.22","0","3841.8","3841.8","0","0","organic","Chicago"
"39","56046.88","538.54","2017-04-02 00:00:00","1.94","51259.58","0","4248.76","4248.76","0","0","organic","Chicago"
"12","8459.92","246.84","2017-10-08 00:00:00","1.94","4265.5","0","3947.58","3897.2","50.38","0","organic","CincinnatiDayton"
"25","14908.74","12539.43","2017-07-09 00:00:00","1.94","1475.09","80.56","813.66","90.25","723.41","0","organic","Denver"
"42","4146.49","39.1","2017-03-12 00:00:00","1.94","2890.46","0","1216.93","1163.95","52.98","0","organic","GrandRapids"
"24","15128.14","308.21","2017-07-16 00:00:00","1.94","4236.13","1.38","10582.42","10582.42","0","0","organic","HartfordSpringfield"
"6","3405.61","82.69","2017-11-19 00:00:00","1.94","757.57","3.65","2561.7","1519.99","1041.71","0","organic","Jacksonville"
"2","7541.05","1104.72","2017-12-17 00:00:00","1.94","1479.8","0","4956.53","4932.2","24.33","0","organic","LasVegas"
"7","6563.71","126.7","2017-11-12 00:00:00","1.94","908.55","0","5528.46","4652.23","876.23","0","organic","MiamiFtLauderdale"
"50","134840.81","9284.34","2017-01-15 00:00:00","1.94","31877.36","128.08","93551.03","91994.71","1556.32","0","organic","Northeast"
"36","7206.63","3447.75","2017-04-23 00:00:00","1.94","394.43","0","3364.45","3364.45","0","0","organic","Orlando"
"27","9483.22","3115.66","2017-06-25 00:00:00","1.94","3197.41","0","3170.15","1028.61","2141.54","0","organic","PhoenixTucson"
"29","10265.31","3437.29","2017-06-11 00:00:00","1.94","3283.35","0","3544.67","1695.24","1849.43","0","organic","PhoenixTucson"
"31","9976.29","3632.08","2017-05-28 00:00:00","1.94","3316","0","3028.21","729.36","2298.85","0","organic","PhoenixTucson"
"40","11276.9","236.74","2017-03-26 00:00:00","1.94","6075.77","440.09","4524.3","2563.32","1960.98","0","organic","RaleighGreensboro"
"38","13786.93","1208.64","2017-04-09 00:00:00","1.94","9538.85","1.65","3037.79","915.53","2122.26","0","organic","SanDiego"
"32","7221.48","1450.51","2017-05-21 00:00:00","1.94","2164.36","3.45","3603.16","1618.04","1985.12","0","organic","StLouis"
"9","6320.26","92.65","2017-10-29 00:00:00","1.94","741.78","0","5485.83","4392.21","1093.62","0","organic","Tampa"
"36","5282.78","2020.23","2017-04-23 00:00:00","1.94","169.22","0","3093.33","3093.33","0","0","organic","Tampa"
"14","1125443.38","116338.61","2017-09-24 00:00:00","1.94","237876.77","1182.85","769536.9","639021.62","130401.43","113.85","organic","TotalUS"
"7","17404.84","142.97","2018-02-04 00:00:00","1.94","8510.44","15.34","8736.09","8736.09","0","0","organic","HartfordSpringfield"
"7","767190.62","10277.48","2016-11-06 00:00:00","1.93","460230.47","3519.45","293163.22","250705.71","42457.51","0","conventional","NewYork"
"18","624618.47","87298.17","2017-08-27 00:00:00","1.93","336708.41","115570.89","85041","74670.87","8186.79","2183.34","conventional","Chicago"
"14","408851.65","291020.95","2017-09-24 00:00:00","1.93","42336.4","237.74","75256.56","33217.53","42039.03","0","conventional","MiamiFtLauderdale"
"35","612104.34","151929.31","2017-04-30 00:00:00","1.93","369058.38","4331.73","86784.92","84446.16","671.26","1667.5","conventional","SanFrancisco"
"29","1547.03","25.6","2015-06-07 00:00:00","1.93","125.66","0","1395.77","1395.77","0","0","organic","Albany"
"31","1628.65","24.09","2015-05-24 00:00:00","1.93","183.55","0","1421.01","1421.01","0","0","organic","Albany"
"38","1526.1","15.75","2015-04-05 00:00:00","1.93","202.52","0","1307.83","1307.83","0","0","organic","Albany"
"39","1082.44","24.75","2015-03-29 00:00:00","1.93","173.26","0","884.43","884.43","0","0","organic","Albany"
"49","1118.47","8.02","2015-01-18 00:00:00","1.93","178.78","0","931.67","931.67","0","0","organic","Albany"
"14","956.97","19.33","2015-09-20 00:00:00","1.93","723.01","0","214.63","16.66","197.97","0","organic","Boise"
"40","530.96","0","2015-03-22 00:00:00","1.93","147.63","0","383.33","383.33","0","0","organic","BuffaloRochester"
"22","98449.84","31604.24","2015-07-26 00:00:00","1.93","57990.08","0","8855.52","8855.52","0","0","organic","California"
"9","3851.01","342.3","2015-10-25 00:00:00","1.93","1551.67","1123.58","833.46","833.46","0","0","organic","Charlotte"
"47","3557.34","210.49","2015-02-01 00:00:00","1.93","1244.18","1457.98","644.69","644.69","0","0","organic","Charlotte"
"27","1235.29","47.51","2015-06-21 00:00:00","1.93","954.58","0","233.2","230","3.2","0","organic","GrandRapids"
"17","2451.63","1209.01","2015-08-30 00:00:00","1.93","51.63","20.65","1170.34","1170.34","0","0","organic","Jacksonville"
"1","24549.47","3571.41","2015-12-20 00:00:00","1.93","11118.88","1760.45","8098.73","7057.1","1041.63","0","organic","NewYork"
"26","16746.9","3320.1","2015-06-28 00:00:00","1.93","10764.53","457.76","2204.51","2204.51","0","0","organic","NewYork"
"30","17646.52","3348.56","2015-05-31 00:00:00","1.93","11206.98","649.64","2441.34","2441.34","0","0","organic","NewYork"
"33","23195","2719.15","2015-05-10 00:00:00","1.93","13976.67","7.75","6491.43","6481.1","10.33","0","organic","NewYork"
"47","24697.84","1867.35","2015-02-01 00:00:00","1.93","12683.96","7.36","10139.17","10139.17","0","0","organic","NewYork"
"51","17328.24","2357.18","2015-01-04 00:00:00","1.93","12692.21","9.47","2269.38","2269.38","0","0","organic","NewYork"
"14","47669.22","5964.9","2015-09-20 00:00:00","1.93","21233.25","1065.24","19405.83","18862.28","543.55","0","organic","Northeast"
"26","56485.02","5627.66","2015-06-28 00:00:00","1.93","22070.75","531.58","28255.03","28196.36","58.67","0","organic","Northeast"
"28","65593.37","7000.26","2015-06-14 00:00:00","1.93","25148.95","978.81","32465.35","32250.27","215.08","0","organic","Northeast"
"13","5374.57","6.05","2015-09-27 00:00:00","1.93","263.94","0","5104.58","5104.58","0","0","organic","NorthernNewEngland"
"15","7465.69","18.38","2015-09-13 00:00:00","1.93","687.37","0","6759.94","6759.94","0","0","organic","NorthernNewEngland"
"19","8259.26","16.42","2015-08-16 00:00:00","1.93","690.82","0","7552.02","7552.02","0","0","organic","NorthernNewEngland"
"27","8028.95","37.26","2015-06-21 00:00:00","1.93","722.78","0","7268.91","7268.91","0","0","organic","NorthernNewEngland"
"17","4426.44","421.42","2015-08-30 00:00:00","1.93","1691.1","17.75","2296.17","2207.12","89.05","0","organic","Philadelphia"
"49","1699","258.85","2015-01-18 00:00:00","1.93","731.44","19.58","689.13","689.13","0","0","organic","Philadelphia"
"12","6825.19","5605.54","2015-10-04 00:00:00","1.93","1059.09","0","160.56","143.33","17.23","0","organic","PhoenixTucson"
"26","33557.37","4415.32","2015-06-28 00:00:00","1.93","20984.14","7.02","8150.89","6061.76","2089.13","0","organic","Plains"
"30","31775.42","4847.34","2015-05-31 00:00:00","1.93","17449.33","53.66","9425.09","7198.51","2226.58","0","organic","Plains"
"32","30302.51","4649.22","2015-05-17 00:00:00","1.93","17148.75","48.82","8455.72","6285.96","2169.76","0","organic","Plains"
"35","30001.14","2749.61","2015-04-26 00:00:00","1.93","17543.74","48.5","9659.29","7742.3","1916.99","0","organic","Plains"
"25","24954.8","8938.08","2015-07-05 00:00:00","1.93","14928.33","3.33","1085.06","0","1085.06","0","organic","Portland"
"39","3194.76","727.42","2015-03-29 00:00:00","1.93","1386.26","623.33","457.75","455.03","2.72","0","organic","SouthCarolina"
"49","3024.32","686.69","2015-01-18 00:00:00","1.93","656.63","310.28","1370.72","1346","24.72","0","organic","SouthCarolina"
"47","2688.02","912.08","2015-02-01 00:00:00","1.93","1425.94","0","350","350","0","0","organic","StLouis"
"48","4131.86","1526.97","2015-01-25 00:00:00","1.93","2031.56","0","573.33","573.33","0","0","organic","StLouis"
"0","1714.92","77.5","2016-12-25 00:00:00","1.93","250.13","0","1387.29","1387.29","0","0","organic","Albany"
"5","1862.7","122.63","2016-11-20 00:00:00","1.93","197.39","0","1542.68","1542.68","0","0","organic","Albany"
"7","2674","60.08","2016-11-06 00:00:00","1.93","194.11","0","2419.81","2419.81","0","0","organic","Albany"
"22","24894.83","107.07","2016-07-24 00:00:00","1.93","20034.42","0","4753.34","4753.34","0","0","organic","Chicago"
"19","1958.5","1112.04","2016-08-14 00:00:00","1.93","207.99","0","638.47","456.67","181.8","0","organic","GrandRapids"
"49","20475.96","4864.18","2016-01-17 00:00:00","1.93","8524.31","1706.77","5380.7","1491.62","3889.08","0","organic","NewYork"
"5","119375.15","13475.67","2016-11-20 00:00:00","1.93","40040.38","185.9","65673.2","64603.48","1069.72","0","organic","Northeast"
"46","26088.82","1240.75","2016-02-07 00:00:00","1.93","24785.95","0","62.12","62.12","0","0","organic","SanFrancisco"
"50","17568.19","1183.68","2016-01-10 00:00:00","1.93","16067.37","0","317.14","233.19","83.95","0","organic","SanFrancisco"
"51","18894.27","1153.15","2016-01-03 00:00:00","1.93","17249.32","0","491.8","382.86","108.94","0","organic","SanFrancisco"
"16","2088.07","645.19","2016-09-04 00:00:00","1.93","996.54","0","446.34","22.53","423.81","0","organic","Spokane"
"8","647723.55","123815.8","2016-10-30 00:00:00","1.93","279842.5","5661.78","238403.47","180631.31","57772.16","0","organic","TotalUS"
"44","16773.14","1273.89","2017-02-26 00:00:00","1.93","7291.17","302.05","7906.03","7897.78","8.25","0","organic","BaltimoreWashington"
"49","15417.31","9.6","2017-01-22 00:00:00","1.93","969.46","0","14438.25","14438.25","0","0","organic","Boston"
"44","2099.67","4.86","2017-02-26 00:00:00","1.93","606.04","0","1488.77","966.18","522.59","0","organic","BuffaloRochester"
"31","48877.42","61.8","2017-05-28 00:00:00","1.93","43856.32","0","4959.3","4959.3","0","0","organic","Chicago"
"33","40490.25","71.71","2017-05-14 00:00:00","1.93","36510.68","0","3907.86","3907.86","0","0","organic","Chicago"
"42","33185.31","262.35","2017-03-12 00:00:00","1.93","29577.44","0","3345.52","3345.52","0","0","organic","Chicago"
"13","10632.88","3685.08","2017-10-01 00:00:00","1.93","235.65","11.49","6700.66","6690.16","10.5","0","organic","Denver"
"41","10371.35","790.16","2017-03-19 00:00:00","1.93","573.23","17.94","8990.02","8982.04","7.98","0","organic","HarrisburgScranton"
"52","5456.54","255.89","2017-01-01 00:00:00","1.93","189.26","6.76","5004.63","5004.63","0","0","organic","HarrisburgScranton"
"2","12068.26","183.22","2017-12-17 00:00:00","1.93","3070.56","0","8814.48","8784.92","29.56","0","organic","HartfordSpringfield"
"12","17346.22","52.43","2017-10-08 00:00:00","1.93","3324.46","7","13962.33","13882.94","79.39","0","organic","HartfordSpringfield"
"9","7138.49","1136.5","2017-10-29 00:00:00","1.93","1084.34","0","4917.65","4908.26","9.39","0","organic","LasVegas"
"15","158623.92","3307.02","2017-09-17 00:00:00","1.93","36351.09","628.33","118337.48","102794.03","15543.45","0","organic","Midsouth"
"48","132820.76","10226.18","2017-01-29 00:00:00","1.93","29196.51","90.66","93307.41","91291.73","2015.68","0","organic","Northeast"
"49","135079.52","10781.15","2017-01-22 00:00:00","1.93","31238","886.21","92174.16","91298.2","875.96","0","organic","Northeast"
"27","21227.79","7.83","2017-06-25 00:00:00","1.93","428.22","0","20791.74","20791.74","0","0","organic","NorthernNewEngland"
"35","23613.28","6569.77","2017-04-30 00:00:00","1.93","9746.86","10.04","7286.61","7286.61","0","0","organic","Philadelphia"
"8","10290.71","2207.93","2017-11-05 00:00:00","1.93","1811.7","0","6271.08","6267.02","4.06","0","organic","PhoenixTucson"
"26","35248.52","6316.51","2017-07-02 00:00:00","1.93","10620.11","5.02","18306.88","315.73","17991.15","0","organic","Portland"
"19","12811.35","573.89","2017-08-20 00:00:00","1.93","3458.89","59.59","8718.98","7254.65","1464.33","0","organic","RichmondNorfolk"
"36","5647.44","305.95","2017-04-23 00:00:00","1.93","2629.57","12.16","2699.76","2685.29","14.47","0","organic","StLouis"
"39","5864.06","1493.44","2017-04-02 00:00:00","1.93","74.28","0","4296.34","3517.43","778.91","0","organic","Tampa"
"47","4591.77","1500.06","2017-02-05 00:00:00","1.93","70.24","0","3021.47","1728.88","1292.59","0","organic","Tampa"
"27","188845.44","30258.04","2017-06-25 00:00:00","1.93","67981.62","110.31","90495.47","30115.47","60380","0","organic","West"
"1","14027.44","74.54","2018-03-18 00:00:00","1.93","5983.12","135.09","7834.69","7330.45","504.24","0","organic","RaleighGreensboro"
"10","16205.22","1527.63","2018-01-14 00:00:00","1.93","2981.04","727.01","10969.54","10919.54","50","0","organic","WestTexNewMexico"
"12","455831.94","302210.81","2017-10-08 00:00:00","1.92","44414.13","104.53","109102.47","80223.56","28878.91","0","conventional","MiamiFtLauderdale"
"32","1178.2","22.86","2015-05-17 00:00:00","1.92","1010.43","0","144.91","86.67","58.24","0","organic","Boise"
"14","94267.54","28489.91","2015-09-20 00:00:00","1.92","60941.41","0","4836.22","4802.89","33.33","0","organic","California"
"8","3507.63","317.46","2015-11-01 00:00:00","1.92","1300.88","1100.02","789.27","789.27","0","0","organic","Charlotte"
"45","3125.59","219.08","2015-02-15 00:00:00","1.92","1098.75","1056.49","751.27","751.27","0","0","organic","Charlotte"
"43","7174.35","386.65","2015-03-01 00:00:00","1.92","5898.07","0","889.63","516.67","372.96","0","organic","Detroit"
"26","1206.53","63.3","2015-06-28 00:00:00","1.92","873.23","0","270","270","0","0","organic","GrandRapids"
"6","1200","117.97","2015-11-15 00:00:00","1.92","290.51","6.13","785.39","723.13","62.26","0","organic","HarrisburgScranton"
"23","3151.22","79.11","2015-07-19 00:00:00","1.92","222.93","15.28","2833.9","2833.9","0","0","organic","HarrisburgScranton"
"24","1267.44","124.64","2015-07-12 00:00:00","1.92","166.18","6.53","970.09","970.09","0","0","organic","HarrisburgScranton"
"27","1989.25","1551.97","2015-06-21 00:00:00","1.92","114.32","10.39","312.57","310","2.57","0","organic","Jacksonville"
"23","5058.93","1717.89","2015-07-19 00:00:00","1.92","3137.14","0","203.9","23.99","179.91","0","organic","LasVegas"
"27","1415.1","1247.43","2015-06-21 00:00:00","1.92","6.2","0","161.47","161.47","0","0","organic","MiamiFtLauderdale"
"44","1386.85","1140.99","2015-02-22 00:00:00","1.92","19.2","0","226.66","223.33","3.33","0","organic","MiamiFtLauderdale"
"50","2892.29","204.75","2015-01-11 00:00:00","1.92","2168.33","80.56","438.65","435.54","3.11","0","organic","Nashville"
"32","68435.46","4444.73","2015-05-17 00:00:00","1.92","20525.36","119.96","43345.41","43257.15","88.26","0","organic","Northeast"
"40","44128.54","4956.8","2015-03-22 00:00:00","1.92","20884.49","28.16","18259.09","18247.64","11.45","0","organic","Northeast"
"48","40358.44","2519.17","2015-01-25 00:00:00","1.92","17147.02","73.05","20619.2","20455.66","163.54","0","organic","Northeast"
"17","8005.96","3.72","2015-08-30 00:00:00","1.92","675.06","0","7327.18","7327.18","0","0","organic","NorthernNewEngland"
"20","8552.32","21.61","2015-08-09 00:00:00","1.92","639.29","0","7891.42","7881.42","10","0","organic","NorthernNewEngland"
"29","8091.22","4.87","2015-06-07 00:00:00","1.92","848.18","0","7238.17","7238.17","0","0","organic","NorthernNewEngland"
"34","7982.59","6.9","2015-05-03 00:00:00","1.92","631.45","0","7344.24","7344.24","0","0","organic","NorthernNewEngland"
"50","1610.6","1290.27","2015-01-11 00:00:00","1.92","53.66","0","266.67","266.67","0","0","organic","Orlando"
"22","3072.46","280.52","2015-07-26 00:00:00","1.92","1802.84","28.73","960.37","960.37","0","0","organic","Philadelphia"
"3","21986.87","2915.26","2015-12-06 00:00:00","1.92","13652.88","368.09","5050.64","3518.24","1532.4","0","organic","Plains"
"18","31850.38","5171.5","2015-08-23 00:00:00","1.92","16543.46","14.28","10121.14","8311.71","1809.43","0","organic","Plains"
"25","40423.05","5132.41","2015-07-05 00:00:00","1.92","25315.81","77.27","9897.56","7044.08","2853.48","0","organic","Plains"
"31","31193.34","8773.67","2015-05-24 00:00:00","1.92","13683.89","11.65","8724.13","6649.48","2074.65","0","organic","Plains"
"34","27541.24","3463.32","2015-05-03 00:00:00","1.92","16891.72","18.52","7167.68","5360.43","1807.25","0","organic","Plains"
"18","6846.72","88.77","2015-08-23 00:00:00","1.92","3262.67","891.22","2604.06","2335.43","268.63","0","organic","RaleighGreensboro"
"3","15144.79","1663.88","2015-12-06 00:00:00","1.92","13355.31","0","125.6","125.6","0","0","organic","SanFrancisco"
"38","29692.3","6708.14","2015-04-05 00:00:00","1.92","22605.23","43.95","334.98","0","334.98","0","organic","Seattle"
"17","4295.83","659.34","2015-08-30 00:00:00","1.92","1483.81","554.79","1597.89","1457.97","139.92","0","organic","SouthCarolina"
"34","3336.76","451.09","2015-05-03 00:00:00","1.92","1266.75","750.85","868.07","862.69","5.38","0","organic","SouthCarolina"
"14","27123.43","8457.6","2015-09-20 00:00:00","1.92","7805.95","723.36","10136.52","10096.87","39.65","0","organic","Southeast"
"12","2887.52","283.25","2015-10-04 00:00:00","1.92","2418.74","3.78","181.75","12.59","169.16","0","organic","Spokane"
"17","4241.75","1560.1","2015-08-30 00:00:00","1.92","2046.5","0","635.15","84.69","550.46","0","organic","StLouis"
"24","4163.22","1501.88","2015-07-12 00:00:00","1.92","2048.18","0","613.16","20","593.16","0","organic","StLouis"
"29","3892.36","1910.2","2015-06-07 00:00:00","1.92","1704.54","0","277.62","103.33","174.29","0","organic","StLouis"
"49","2923.4","2410.28","2015-01-18 00:00:00","1.92","213.12","0","300","300","0","0","organic","StLouis"
"22","1069.67","55","2015-07-26 00:00:00","1.92","96.67","0","918","911.33","6.67","0","organic","Syracuse"
"1","6255.19","1512.45","2015-12-20 00:00:00","1.92","2407.32","11.78","2323.64","2213.72","109.92","0","organic","WestTexNewMexico"
"5","8175.94","1925.21","2015-11-15 00:00:00","1.92","3271.43","16.72","2962.58","2946.66","15.92","0","organic","WestTexNewMexico"
"7","7296.25","1652.42","2015-11-01 00:00:00","1.92","3123.83","0","2520","2520","0","0","organic","WestTexNewMexico"
"34","19634.24","3284.15","2015-04-26 00:00:00","1.92","12724.89","4.6","3620.6","2616.67","1003.93","0","organic","WestTexNewMexico"
"42","1704.24","65.94","2016-03-06 00:00:00","1.92","401.53","0","1236.77","1236.77","0","0","organic","Albany"
"6","1821.9","0","2016-11-13 00:00:00","1.92","653.76","0","1168.14","250","918.14","0","organic","Boise"
"22","1498.06","0","2016-07-24 00:00:00","1.92","991.53","0","506.53","489.7","16.83","0","organic","Boise"
"7","9664.27","208.66","2016-11-06 00:00:00","1.92","3144.06","728.54","5583.01","5234.36","348.65","0","organic","Charlotte"
"49","2997.36","469.83","2016-01-17 00:00:00","1.92","1659.7","587.83","280","276.67","3.33","0","organic","Charlotte"
"35","11095.97","179.81","2016-04-24 00:00:00","1.92","254.47","10.97","10650.72","9412.78","1237.94","0","organic","HarrisburgScranton"
"21","3706.68","1943.32","2016-07-31 00:00:00","1.92","112.23","37.8","1613.33","1593.33","20","0","organic","Jacksonville"
"40","31916.68","5059.5","2016-03-20 00:00:00","1.92","14570.79","2250.46","10035.93","9224.95","810.98","0","organic","NewYork"
"16","128284.46","8635.35","2016-09-04 00:00:00","1.92","30659.29","537.03","88452.79","87987.89","464.9","0","organic","Northeast"
"18","12240.19","3470.29","2016-08-21 00:00:00","1.92","6774.71","0","1995.19","1757.47","237.72","0","organic","SanDiego"
"9","101890.97","35139.81","2016-10-23 00:00:00","1.92","36768.19","153.5","29829.47","15072.18","14757.29","0","organic","West"
"17","125950.35","37698.95","2016-08-28 00:00:00","1.92","56204.07","486.07","31561.26","23214.22","8347.04","0","organic","West"
"36","2087.6","110.25","2017-04-23 00:00:00","1.92","182.56","0","1794.79","1794.79","0","0","organic","Albany"
"38","2209.82","159.65","2017-04-09 00:00:00","1.92","189.67","0","1860.5","1860.5","0","0","organic","Albany"
"52","13901.46","1420.47","2017-01-01 00:00:00","1.92","6298.07","325.44","5857.48","5857.48","0","0","organic","BaltimoreWashington"
"26","2765.03","41.84","2017-07-02 00:00:00","1.92","1111.25","0","1611.94","539.92","1072.02","0","organic","Boise"
"32","22165.79","19.5","2017-05-21 00:00:00","1.92","1408.91","0","20737.38","18624.83","2112.55","0","organic","Boston"
"14","33346.53","110.63","2017-09-24 00:00:00","1.92","25900.41","0","7335.49","7331.05","4.44","0","organic","Chicago"
"8","13199.3","194.06","2017-11-05 00:00:00","1.92","2940.82","0","10064.42","3749.04","6315.38","0","organic","CincinnatiDayton"
"19","8698.91","249.33","2017-08-20 00:00:00","1.92","3687.59","0","4705","1706.12","2998.88","0","organic","CincinnatiDayton"
"36","8616.1","195.2","2017-04-23 00:00:00","1.92","4322.55","0","4098.35","1158.88","2939.47","0","organic","CincinnatiDayton"
"15","23279.61","21890.54","2017-09-17 00:00:00","1.92","64.81","0","1324.26","1320.93","3.33","0","organic","Houston"
"26","6241.89","267.85","2017-07-02 00:00:00","1.92","1709.97","0","4264.07","4257.4","6.67","0","organic","MiamiFtLauderdale"
"17","223548.33","15489.31","2017-09-03 00:00:00","1.92","42399.85","207.82","165451.35","157440.62","8010.73","0","organic","Northeast"
"28","20003.65","14.31","2017-06-18 00:00:00","1.92","370.78","0","19618.56","19618.56","0","0","organic","NorthernNewEngland"
"18","22152.02","1564.81","2017-08-27 00:00:00","1.92","4602.16","12.86","15972.19","15972.19","0","0","organic","Philadelphia"
"19","64189.39","1398.68","2017-08-20 00:00:00","1.92","24463.43","114.98","38212.3","28827.29","9385.01","0","organic","Plains"
"9","19837.54","181.87","2017-10-29 00:00:00","1.92","4145.71","133.58","15376.38","15201.69","174.69","0","organic","RaleighGreensboro"
"11","6689.14","2439.7","2017-10-15 00:00:00","1.92","3012.02","0","1237.42","1237.42","0","0","organic","Sacramento"
"15","9174.58","3470.19","2017-09-17 00:00:00","1.92","3797.05","0","1907.34","1907.34","0","0","organic","Sacramento"
"4","2575.42","120.24","2017-12-03 00:00:00","1.92","813.79","0","1641.39","398.89","1240.11","2.39","organic","Spokane"
"3","23890.64","7.84","2018-03-04 00:00:00","1.92","2254.05","0","21628.75","18636.4","2992.35","0","organic","Boston"
"6","11216.56","7.2","2018-02-11 00:00:00","1.92","5645.05","238.86","5325.45","5176.75","148.7","0","organic","Charlotte"
"3","6562.68","176.31","2018-03-04 00:00:00","1.92","1177.74","0","5208.63","2442.22","2766.41","0","organic","Jacksonville"
"2","108114.03","10655.17","2018-03-11 00:00:00","1.92","33419.62","144.52","63894.72","63842.58","52.14","0","organic","NewYork"
"6","79877.83","6604.28","2018-02-11 00:00:00","1.92","15647.94","863.92","56761.69","55116.51","1645.18","0","organic","NewYork"
"20","1656.67","21.74","2015-08-09 00:00:00","1.91","1098.33","0","536.6","353.33","183.27","0","organic","Boise"
"32","4366.74","54.38","2015-05-17 00:00:00","1.91","1651.19","0","2661.17","2661.17","0","0","organic","Boston"
"38","3202.71","75.42","2015-04-05 00:00:00","1.91","932.58","0","2194.71","2194.71","0","0","organic","Boston"
"42","2566.9","29.07","2015-03-08 00:00:00","1.91","945.32","0","1592.51","1592.51","0","0","organic","Boston"
"45","2271.95","18.98","2015-02-15 00:00:00","1.91","678.93","0","1574.04","1574.04","0","0","organic","Boston"
"46","3098.29","15.18","2015-02-08 00:00:00","1.91","948.71","0","2134.4","2134.4","0","0","organic","Boston"
"23","1728.99","56.05","2015-07-19 00:00:00","1.91","123.39","0","1549.55","1549.55","0","0","organic","BuffaloRochester"
"25","1439.39","70.11","2015-07-05 00:00:00","1.91","149.73","0","1219.55","1216.91","2.64","0","organic","BuffaloRochester"
"7","3103.1","332.85","2015-11-08 00:00:00","1.91","1195.59","751.01","823.65","820.32","3.33","0","organic","Charlotte"
"40","2294.07","343.29","2015-03-22 00:00:00","1.91","1775.29","0","175.49","137.47","38.02","0","organic","Columbus"
"24","3753.82","1209.16","2015-07-12 00:00:00","1.91","47.86","18.23","2478.57","2478.57","0","0","organic","Jacksonville"
"50","1248.89","978.49","2015-01-11 00:00:00","1.91","24.55","5.85","240","240","0","0","organic","Jacksonville"
"22","12784.61","2931.11","2015-07-26 00:00:00","1.91","8850.03","45.12","958.35","958.35","0","0","organic","NewYork"
"45","25037.76","2255.75","2015-02-15 00:00:00","1.91","15250.35","49.9","7481.76","7481.76","0","0","organic","NewYork"
"38","52969.72","3446.17","2015-04-05 00:00:00","1.91","15316.65","48.13","34158.77","33977.73","181.04","0","organic","Northeast"
"18","9116.19","18.81","2015-08-23 00:00:00","1.91","769.98","0","8327.4","8327.4","0","0","organic","NorthernNewEngland"
"30","8889.38","4.82","2015-05-31 00:00:00","1.91","1045.37","0","7839.19","7839.19","0","0","organic","NorthernNewEngland"
"33","7575.34","41.86","2015-05-10 00:00:00","1.91","819.84","0","6713.64","6713.64","0","0","organic","NorthernNewEngland"
"11","6593.87","5438.94","2015-10-11 00:00:00","1.91","970.16","0","184.77","181.25","3.52","0","organic","PhoenixTucson"
"16","30307.58","5214.44","2015-09-06 00:00:00","1.91","15626.82","23.99","9442.33","7806.44","1635.89","0","organic","Plains"
"28","24034.25","8491.5","2015-06-14 00:00:00","1.91","14130.91","15.03","1396.81","0","1396.81","0","organic","Portland"
"14","3850.51","409.19","2015-09-20 00:00:00","1.91","1327.79","482.3","1631.23","1623.37","7.86","0","organic","SouthCarolina"
"18","4907.1","806.09","2015-08-23 00:00:00","1.91","1883.44","572.65","1644.92","1308.92","336","0","organic","SouthCarolina"
"10","29054.81","9310.61","2015-10-18 00:00:00","1.91","7824.11","841.73","11078.36","9871.25","1207.11","0","organic","Southeast"
"13","1992.05","333.19","2015-09-27 00:00:00","1.91","1381.73","0","277.13","0","277.13","0","organic","Spokane"
"14","4036.73","1640.48","2015-09-20 00:00:00","1.91","1871.23","0","525.02","99.38","425.64","0","organic","StLouis"
"22","3005.89","2170.18","2015-07-26 00:00:00","1.91","19.66","0","816.05","816.05","0","0","organic","StLouis"
"28","1365.23","1.24","2015-06-14 00:00:00","1.91","163.78","0","1200.21","1200.21","0","0","organic","Syracuse"
"14","8231.32","1392.93","2016-09-18 00:00:00","1.91","4819.24","0","2019.15","112.67","1906.48","0","organic","Atlanta"
"22","11619.75","2682.63","2016-07-24 00:00:00","1.91","6193.26","0","2743.86","1668.45","1075.41","0","organic","Atlanta"
"12","138994.56","15505.79","2016-10-02 00:00:00","1.91","70707.24","21.66","52759.87","46874.86","5885.01","0","organic","California"
"15","1765.13","203.67","2016-09-11 00:00:00","1.91","861.46","0","700","700","0","0","organic","GrandRapids"
"2","6893.99","193.63","2016-12-11 00:00:00","1.91","131.63","15.87","6552.86","6552.86","0","0","organic","HarrisburgScranton"
"13","6840.51","175.79","2016-09-25 00:00:00","1.91","157.45","24.9","6482.37","6473.88","8.49","0","organic","HarrisburgScranton"
"28","7873.7","284.07","2016-06-12 00:00:00","1.91","168.49","1273.02","6148.12","5204.32","943.8","0","organic","HarrisburgScranton"
"46","7315.19","174.72","2016-02-07 00:00:00","1.91","253.63","7.42","6879.42","2492.63","4386.79","0","organic","HarrisburgScranton"
"11","994.05","311.56","2016-10-09 00:00:00","1.91","2.91","0","679.58","659.58","20","0","organic","NewOrleansMobile"
"11","87711.53","6424.06","2016-10-09 00:00:00","1.91","21881.85","699.85","58705.77","57685.94","1019.83","0","organic","Northeast"
"26","115923.75","5040.13","2016-06-26 00:00:00","1.91","25774.91","533.88","84574.83","74389.86","10184.97","0","organic","Northeast"
"29","9901.74","401.54","2016-06-05 00:00:00","1.91","3388.66","12.55","6098.99","5183.48","915.51","0","organic","Philadelphia"
"19","15584.89","3489.41","2016-08-14 00:00:00","1.91","8753.2","4.95","3337.33","511.95","2825.38","0","organic","SanDiego"
"23","14864.69","1579.48","2016-07-17 00:00:00","1.91","10303.62","0","2981.59","2981.59","0","0","organic","SanDiego"
"29","2807.95","99.46","2016-06-05 00:00:00","1.91","2655.67","1.99","50.83","0","50.83","0","organic","Spokane"
"18","2525.28","44.15","2017-08-27 00:00:00","1.91","210.54","0","2270.59","2270.59","0","0","organic","Albany"
"3","10004.14","4.18","2017-12-10 00:00:00","1.91","4292.94","202.41","5504.61","5497.94","6.67","0","organic","Charlotte"
"13","9352.24","599.9","2017-10-01 00:00:00","1.91","2055.8","0","6696.54","6061.17","635.37","0","organic","Columbus"
"40","10043.21","388.01","2017-03-26 00:00:00","1.91","323.58","10.75","9320.87","9320.87","0","0","organic","HarrisburgScranton"
"14","28280.43","17784.07","2017-09-24 00:00:00","1.91","43.62","0","10452.74","10449.41","3.33","0","organic","Houston"
"38","2026.06","0","2017-04-09 00:00:00","1.91","1553.23","0","472.83","325.56","147.27","0","organic","Louisville"
"14","176556.11","4036.4","2017-09-24 00:00:00","1.91","34545.41","517.42","137448.65","115927.2","21521.45","0","organic","Midsouth"
"31","129046.19","4061.5","2017-05-28 00:00:00","1.91","52094.56","1610.71","71279.42","36140.3","35139.12","0","organic","Midsouth"
"27","1282.64","64.99","2017-06-25 00:00:00","1.91","472.65","0","745","738.34","6.66","0","organic","NewOrleansMobile"
"21","72075.29","3899.19","2017-08-06 00:00:00","1.91","18435.36","158.28","49582.46","49486.44","96.02","0","organic","NewYork"
"28","166308.13","32342.06","2017-06-18 00:00:00","1.91","94247.03","277.54","39441.5","38126.3","1315.2","0","organic","NewYork"
"35","278038.48","45273.02","2017-04-30 00:00:00","1.91","109485.34","1714.65","121565.47","116115.13","5450.34","0","organic","Northeast"
"37","265298.41","35022.89","2017-04-16 00:00:00","1.91","105350.43","204.47","124720.62","112364.58","12356.04","0","organic","Northeast"
"46","153268.97","11370.64","2017-02-12 00:00:00","1.91","34465.58","496.01","106936.74","102275.82","4660.92","0","organic","Northeast"
"26","16665.54","7.31","2017-07-02 00:00:00","1.91","469.07","0","16189.16","16189.16","0","0","organic","NorthernNewEngland"
"52","9214.09","6.23","2017-01-01 00:00:00","1.91","130.87","0","9076.99","9076.99","0","0","organic","NorthernNewEngland"
"46","12382.57","1625.07","2017-02-12 00:00:00","1.91","4126.39","0","6631.11","6540.08","91.03","0","organic","Philadelphia"
"28","10827.19","185.41","2017-06-18 00:00:00","1.91","5446.58","288.95","4906.25","4235.27","670.98","0","organic","RaleighGreensboro"
"25","19248.28","1037.82","2017-07-09 00:00:00","1.91","10325.37","0","7885.09","7885.09","0","0","organic","SanDiego"
"31","17421.67","843.78","2017-05-28 00:00:00","1.91","9946.37","1.66","6629.86","6629.86","0","0","organic","SanDiego"
"33","7927.37","998.2","2017-05-14 00:00:00","1.91","5280.45","259.53","1389.19","277.31","1111.88","0","organic","SouthCarolina"
"10","90426.45","1696.37","2017-10-22 00:00:00","1.91","17846.02","107.66","70776.4","57692.92","13083.48","0","organic","Southeast"
"41","3319.4","240.74","2017-03-19 00:00:00","1.91","1487.07","0","1591.59","23.33","1568.26","0","organic","Spokane"
"5","11191.35","2030.64","2017-11-26 00:00:00","1.91","2072.44","0","7088.27","7049.99","38.28","0","organic","WestTexNewMexico"
"11","30096","14.46","2018-01-07 00:00:00","1.91","2704.48","0","27377.06","25121.53","2255.53","0","organic","Boston"
"4","11946.22","36.46","2018-02-25 00:00:00","1.91","5987.21","190.71","5731.84","5667.58","64.26","0","organic","Charlotte"
"9","7491.53","1096.07","2018-01-21 00:00:00","1.91","1280.31","0","5115.15","5115.15","0","0","organic","LasVegas"
"9","71760.69","5732.09","2018-01-21 00:00:00","1.91","13124.59","157.72","52746.29","52130.98","615.31","0","organic","NewYork"
"10","86632.25","7433.43","2018-01-14 00:00:00","1.91","17885.26","49.43","61264.13","60763.71","500.42","0","organic","NewYork"
"8","17579.47","1145.64","2018-01-28 00:00:00","1.91","8284.41","0","8149.42","8149.42","0","0","organic","SanDiego"
"6","830018.48","12169.08","2016-11-13 00:00:00","1.9","523321.98","2970.03","291557.39","248573.27","42984.12","0","conventional","NewYork"
"12","170365.8","6658.45","2017-10-08 00:00:00","1.9","50674.92","588.2","112444.23","19544.28","92860.76","39.19","conventional","CincinnatiDayton"
"12","363427.67","92601.95","2017-10-08 00:00:00","1.9","111769.87","14976.51","144079.34","87516.85","54855.78","1706.71","conventional","Portland"
"11","1170.01","28.65","2015-10-11 00:00:00","1.9","88.25","0","1053.11","1035.28","17.83","0","organic","Albany"
"30","1752.14","82.3","2015-05-31 00:00:00","1.9","105.49","0","1564.35","1564.35","0","0","organic","Albany"
"35","929.61","27.01","2015-04-26 00:00:00","1.9","30.53","0","872.07","872.07","0","0","organic","Albany"
"27","1187.71","56.78","2015-06-21 00:00:00","1.9","126.69","0","1004.24","953.13","51.11","0","organic","BuffaloRochester"
"0","2948.39","389.52","2015-12-27 00:00:00","1.9","1416.49","682.38","460","460","0","0","organic","Charlotte"
"1","2940.47","326.79","2015-12-20 00:00:00","1.9","1462.14","604.87","546.67","546.67","0","0","organic","Charlotte"
"2","2720.17","321.35","2015-12-13 00:00:00","1.9","1353.35","527.18","518.29","473.33","44.96","0","organic","Charlotte"
"40","4289.1","329.84","2015-03-22 00:00:00","1.9","1603.42","1221.87","1133.97","1133.97","0","0","organic","Charlotte"
"43","3545.33","189.99","2015-03-01 00:00:00","1.9","1371.06","1099.96","884.32","884.32","0","0","organic","Charlotte"
"44","3180.29","198.13","2015-02-22 00:00:00","1.9","1119.06","992.87","870.23","870.23","0","0","organic","Charlotte"
"49","7656.72","376.08","2015-01-18 00:00:00","1.9","6430.19","0","850.45","446.67","403.78","0","organic","Detroit"
"23","1028.63","7.14","2015-07-19 00:00:00","1.9","885.31","0","136.18","126.66","9.52","0","organic","GrandRapids"
"27","3072.73","62.37","2015-06-21 00:00:00","1.9","243.82","4.66","2761.88","2761.88","0","0","organic","HarrisburgScranton"
"2","1478.7","1132.66","2015-12-13 00:00:00","1.9","42.17","10.54","293.33","293.33","0","0","organic","Jacksonville"
"5","1640.06","1257.57","2015-11-22 00:00:00","1.9","41.57","24.25","316.67","316.67","0","0","organic","Jacksonville"
"0","21565.58","1752.06","2015-12-27 00:00:00","1.9","6546.95","1319.02","11947.55","5757.79","6189.76","0","organic","NewYork"
"2","23927.09","2764.18","2015-12-13 00:00:00","1.9","6739.98","4130.01","10292.92","7553.74","2739.18","0","organic","NewYork"
"42","19904.38","2620.8","2015-03-08 00:00:00","1.9","8510.42","34.3","8738.86","8738.86","0","0","organic","NewYork"
"33","68804.21","4593.3","2015-05-10 00:00:00","1.9","25193.73","29.41","38987.77","38815.66","172.11","0","organic","Northeast"
"44","56898.92","5183.02","2015-02-22 00:00:00","1.9","17737.13","65.89","33912.88","33581.42","331.46","0","organic","Northeast"
"39","6433.37","24.76","2015-03-29 00:00:00","1.9","569.59","0","5839.02","5839.02","0","0","organic","NorthernNewEngland"
"41","5599.89","7.89","2015-03-15 00:00:00","1.9","687.58","0","4904.42","4904.42","0","0","organic","NorthernNewEngland"
"48","6757.39","0","2015-01-25 00:00:00","1.9","593.56","0","6163.83","6163.83","0","0","organic","NorthernNewEngland"
"31","5495.95","371.01","2015-05-24 00:00:00","1.9","1693.43","18.14","3413.37","3413.37","0","0","organic","Philadelphia"
"15","7622.55","5346.57","2015-09-13 00:00:00","1.9","1082.07","0","1193.91","968.39","225.52","0","organic","PhoenixTucson"
"17","34522.02","5108.15","2015-08-30 00:00:00","1.9","17178.11","16.73","12219.03","9923.77","2295.26","0","organic","Plains"
"29","30028","4282.27","2015-06-07 00:00:00","1.9","17080.62","41.89","8623.22","6108.64","2514.58","0","organic","Plains"
"36","29227.44","3334.06","2015-04-19 00:00:00","1.9","15998.87","48.37","9846.14","8530.66","1315.48","0","organic","Plains"
"19","6123.23","50.56","2015-08-16 00:00:00","1.9","2851.16","899.25","2322.26","2151.8","170.46","0","organic","RaleighGreensboro"
"8","5479.7","1136.13","2015-11-01 00:00:00","1.9","4277.28","0","66.29","66.29","0","0","organic","Sacramento"
"18","34978.87","5058.04","2015-08-23 00:00:00","1.9","23395.59","31.76","6493.48","0","6493.48","0","organic","Seattle"
"26","3772.87","686.65","2015-06-28 00:00:00","1.9","1498.15","548.6","1039.47","719.34","320.13","0","organic","SouthCarolina"
"16","30582.99","8521.29","2015-09-06 00:00:00","1.9","9414.03","830.21","11817.46","11330.12","487.34","0","organic","Southeast"
"20","29598.14","9939.07","2015-08-09 00:00:00","1.9","8881.24","1018.58","9759.25","8916.47","842.78","0","organic","Southeast"
"25","2108.32","1115.93","2015-07-05 00:00:00","1.9","2.39","0","990","990","0","0","organic","Tampa"
"20","8369.4","4238.86","2015-08-02 00:00:00","1.9","3463.41","0","667.13","596.67","70.46","0","organic","WestTexNewMexico"
"2","1886.63","42.26","2016-12-11 00:00:00","1.9","156.72","0","1687.65","1687.65","0","0","organic","Albany"
"7","5678.73","161.06","2016-11-06 00:00:00","1.9","118.1","24.62","5374.95","5374.95","0","0","organic","HarrisburgScranton"
"26","6794.88","205.15","2016-06-26 00:00:00","1.9","168.16","186.94","6234.63","5439.35","795.28","0","organic","HarrisburgScranton"
"27","8174.73","124.31","2016-06-19 00:00:00","1.9","170.04","180.1","7700.28","7112.85","587.43","0","organic","HarrisburgScranton"
"12","2988.84","149.34","2016-10-02 00:00:00","1.9","1570.51","0","1268.99","842.78","426.21","0","organic","Indianapolis"
"24","13234.04","4462.78","2016-07-10 00:00:00","1.9","4630","0","4141.26","676.76","3464.5","0","organic","LasVegas"
"44","26230.35","5043.6","2016-02-21 00:00:00","1.9","10101.04","1489.17","9596.54","5209.49","4387.05","0","organic","NewYork"
"27","116678.91","4676.97","2016-06-19 00:00:00","1.9","25454.23","332.09","86215.62","75420.09","10795.53","0","organic","Northeast"
"35","151219.06","7150.7","2016-04-24 00:00:00","1.9","24966.54","2442.94","116658.88","103152.4","13506.48","0","organic","Northeast"
"46","96595.25","7260.63","2016-02-07 00:00:00","1.9","23222.81","1329.99","64781.82","38548.58","26233.24","0","organic","Northeast"
"0","10968.74","9.92","2016-12-25 00:00:00","1.9","301.24","0","10657.58","10657.58","0","0","organic","NorthernNewEngland"
"20","6740.73","3067.98","2016-08-07 00:00:00","1.9","186.09","0","3486.66","3453.33","33.33","0","organic","Orlando"
"23","6345.68","3281.75","2016-07-17 00:00:00","1.9","175.52","0","2888.41","2875.08","13.33","0","organic","Orlando"
"0","11376.97","981.62","2016-12-25 00:00:00","1.9","3177.51","14.99","7202.85","7053.99","148.86","0","organic","Philadelphia"
"5","11621.1","1865.39","2016-11-20 00:00:00","1.9","4781.58","14.16","4959.97","4760.38","199.59","0","organic","Philadelphia"
"35","14651.93","1686.52","2016-04-24 00:00:00","1.9","3105.84","13.98","9845.59","9178.66","666.93","0","organic","Philadelphia"
"20","2259.92","42.86","2017-08-13 00:00:00","1.9","207.29","0","2009.77","2009.77","0","0","organic","Albany"
"48","15270.59","8.37","2017-01-29 00:00:00","1.9","1127","0","14135.22","13878.77","256.45","0","organic","Boston"
"4","9558.48","20.01","2017-12-03 00:00:00","1.9","4864.47","210.73","4463.27","4270.85","192.42","0","organic","Charlotte"
"11","42271.67","24.19","2017-10-15 00:00:00","1.9","30172.08","0","12075.4","12070.96","4.44","0","organic","Chicago"
"22","39043.11","93.55","2017-07-30 00:00:00","1.9","31700.84","0","7248.72","7248.72","0","0","organic","Chicago"
"18","20709.86","7685.44","2017-08-27 00:00:00","1.9","483.04","0","12541.38","12421.38","120","0","organic","DallasFtWorth"
"0","15471.76","59.88","2017-12-31 00:00:00","1.9","6811.37","0","8600.51","8600.51","0","0","organic","HartfordSpringfield"
"5","11541.99","31.69","2017-11-26 00:00:00","1.9","2682.97","0","8827.33","8827.33","0","0","organic","HartfordSpringfield"
"18","3628.25","1.28","2017-08-27 00:00:00","1.9","973.22","0","2653.75","1313.78","1339.97","0","organic","Louisville"
"14","2978.57","29.29","2017-09-24 00:00:00","1.9","319.28","0","2630","2630","0","0","organic","MiamiFtLauderdale"
"32","116849.77","3719.26","2017-05-21 00:00:00","1.9","48346.59","1603.39","63180.53","35445.81","27734.72","0","organic","Midsouth"
"35","156250.72","32215.02","2017-04-30 00:00:00","1.9","82983.52","1917.45","39134.73","39134.73","0","0","organic","NewYork"
"37","126408.2","21906.82","2017-04-16 00:00:00","1.9","72571.32","210.54","31719.52","31327.58","391.94","0","organic","NewYork"
"25","5505.07","262.72","2017-07-09 00:00:00","1.9","1460.13","0","3782.22","3778.89","3.33","0","organic","Orlando"
"37","25766.73","6434.9","2017-04-16 00:00:00","1.9","11652.22","11.63","7667.98","7475.66","192.32","0","organic","Philadelphia"
"48","11574.88","1374.83","2017-01-29 00:00:00","1.9","3255.7","9.02","6935.33","6844.43","90.9","0","organic","Philadelphia"
"6","12057.89","2224.57","2017-11-19 00:00:00","1.9","2164.09","0","7669.23","7651.82","17.41","0","organic","PhoenixTucson"
"7","12462.54","2436.77","2017-11-12 00:00:00","1.9","1918.4","0","8107.37","8096.02","11.35","0","organic","PhoenixTucson"
"22","10625.79","2777.53","2017-07-30 00:00:00","1.9","3021.23","0","4827.03","4821.85","5.18","0","organic","PhoenixTucson"
"42","6858.2","248.79","2017-03-12 00:00:00","1.9","4782.34","360.74","1466.33","1232.62","233.71","0","organic","RaleighGreensboro"
"15","7847.81","232.91","2017-09-17 00:00:00","1.9","1598.3","0","6016.6","4434.42","1582.18","0","organic","Roanoke"
"35","54311.43","11330.87","2017-04-30 00:00:00","1.9","18748.52","161.45","24070.59","9721.62","14348.97","0","organic","Southeast"
"31","7251.55","1901.01","2017-05-28 00:00:00","1.9","1675.52","1.74","3673.28","1672.25","2001.03","0","organic","StLouis"
"12","1164140.49","100744.58","2017-10-08 00:00:00","1.9","231652.64","1224.99","830309.99","771846.48","58417.76","45.75","organic","TotalUS"
"3","27608.16","622.71","2018-03-04 00:00:00","1.9","19631.02","0","7354.43","7354.43","0","0","organic","HartfordSpringfield"
"8","18973.89","468.61","2018-01-28 00:00:00","1.9","10161.69","2.79","8340.8","8340.8","0","0","organic","HartfordSpringfield"
"8","13996.05","145.91","2018-01-28 00:00:00","1.9","6494.37","156.02","7199.75","6924.72","275.03","0","organic","RaleighGreensboro"
"2","8634.75","2317.5","2018-03-11 00:00:00","1.9","3561.2","0","2756.05","2752.63","3.42","0","organic","Sacramento"
"10","969846.54","15611.16","2016-10-16 00:00:00","1.89","636341.88","1794.03","316099.47","279470.03","35805.83","823.61","conventional","NewYork"
"9","293380.24","13407.99","2016-10-23 00:00:00","1.89","179712.92","664.5","99594.83","97636.47","1958.36","0","conventional","Philadelphia"
"5","510752.32","120582.11","2016-11-20 00:00:00","1.89","308963.91","2239.28","78967.02","74502.41","1192.67","3271.94","conventional","SanFrancisco"
"12","56087.36","28952.89","2017-10-08 00:00:00","1.89","2680.35","6108","18346.12","13229.38","4986.8","129.94","conventional","Boise"
"20","640354.46","64033.75","2017-08-13 00:00:00","1.89","355733.16","135484.85","85102.7","72282.38","8346.94","4473.38","conventional","Chicago"
"13","2289168.77","444534.18","2017-10-01 00:00:00","1.89","780137.97","169347.13","895149.49","599057.03","269972.31","26120.15","conventional","GreatLakes"
"13","62180.5","3158.2","2017-10-01 00:00:00","1.89","25612","73.49","33336.81","14044.19","19292.62","0","conventional","Louisville"
"16","57493.94","15581.38","2017-09-10 00:00:00","1.89","21528.72","94.37","20289.47","11533","8688.6","67.87","conventional","Spokane"
"17","294705.99","203765.72","2017-09-03 00:00:00","1.89","31318.96","89.32","59531.99","41222.46","15912.86","2396.67","conventional","Tampa"
"1","1163.03","30.24","2015-12-20 00:00:00","1.89","172.14","0","960.65","960.65","0","0","organic","Albany"
"6","1208.54","20.71","2015-11-15 00:00:00","1.89","238.16","0","949.67","949.67","0","0","organic","Albany"
"48","1115.89","14.87","2015-01-25 00:00:00","1.89","148.72","0","952.3","952.3","0","0","organic","Albany"
"1","3973.64","2000.64","2015-12-20 00:00:00","1.89","1925.52","0","47.48","36.66","10.82","0","organic","Atlanta"
"19","716.29","46.05","2015-08-16 00:00:00","1.89","154.22","0","516.02","516.02","0","0","organic","BuffaloRochester"
"23","103081.23","33422.15","2015-07-19 00:00:00","1.89","59794.77","0","9864.31","9864.31","0","0","organic","California"
"44","950.14","46.37","2015-02-22 00:00:00","1.89","643.77","0","260","260","0","0","organic","GrandRapids"
"9","2089.47","1616.67","2015-10-25 00:00:00","1.89","27.1","9.03","436.67","436.67","0","0","organic","Jacksonville"
"37","1890.99","1407.49","2015-04-12 00:00:00","1.89","56.1","20.73","406.67","406.67","0","0","organic","Jacksonville"
"2","5606.22","1979.71","2015-12-13 00:00:00","1.89","3117.37","0","509.14","408.49","100.65","0","organic","LasVegas"
"41","4860.39","1974.44","2015-03-15 00:00:00","1.89","2783.78","0","102.17","66.67","35.5","0","organic","LasVegas"
"4","9962.63","1481.23","2015-11-29 00:00:00","1.89","4689.04","807.44","2984.92","336.18","2648.74","0","organic","NewYork"
"20","59179.16","8200.55","2015-08-09 00:00:00","1.89","20527.9","788.85","29661.86","29202.28","459.58","0","organic","Northeast"
"30","63807.3","5614.59","2015-05-31 00:00:00","1.89","21199.65","704.73","36288.33","36137.11","151.22","0","organic","Northeast"
"34","67904.99","3879.94","2015-05-03 00:00:00","1.89","25453.69","538.31","38033.05","37812.35","220.7","0","organic","Northeast"
"47","6551.44","4.49","2015-02-01 00:00:00","1.89","568.47","0","5978.48","5978.48","0","0","organic","NorthernNewEngland"
"1","2850.72","2169.48","2015-12-20 00:00:00","1.89","70.88","0","610.36","610.36","0","0","organic","Orlando"
"24","5281.36","1639.19","2015-07-12 00:00:00","1.89","49.62","0","3592.55","3592.55","0","0","organic","Orlando"
"27","2442.88","1841.47","2015-06-21 00:00:00","1.89","79.35","0","522.06","490","32.06","0","organic","Orlando"
"37","2310.76","1774.59","2015-04-12 00:00:00","1.89","84.17","0","452","452","0","0","organic","Orlando"
"39","2718.72","2081.41","2015-03-29 00:00:00","1.89","47.36","0","589.95","589.95","0","0","organic","Orlando"
"36","4548.77","386.51","2015-04-19 00:00:00","1.89","1671.71","12.7","2477.85","2477.85","0","0","organic","Philadelphia"
"4","5175.81","4379.15","2015-11-29 00:00:00","1.89","689.99","0","106.67","106.67","0","0","organic","PhoenixTucson"
"5","6755.96","5652.01","2015-11-22 00:00:00","1.89","901.74","0","202.21","196.67","5.54","0","organic","PhoenixTucson"
"6","7451.55","6237.29","2015-11-15 00:00:00","1.89","1005.37","0","208.89","203.33","5.56","0","organic","PhoenixTucson"
"24","34274.47","4653.22","2015-07-12 00:00:00","1.89","20980.13","28.11","8613.01","5262.78","3350.23","0","organic","Plains"
"5","3128.95","557.77","2015-11-22 00:00:00","1.89","1342.39","371.85","856.94","847.11","9.83","0","organic","SouthCarolina"
"10","1727.27","233.83","2015-10-18 00:00:00","1.89","1103.19","0","390.25","8.45","381.8","0","organic","Spokane"
"46","3707.77","1601.65","2015-02-08 00:00:00","1.89","1352.79","0","753.33","753.33","0","0","organic","StLouis"
"26","20251.16","1820.68","2016-06-26 00:00:00","1.89","9002.32","427.07","9001.09","7795.71","1205.38","0","organic","BaltimoreWashington"
"3","116895.28","24442.77","2016-12-04 00:00:00","1.89","50935.56","10.75","41506.2","38051.1","3455.1","0","organic","California"
"23","26249.13","60.77","2016-07-17 00:00:00","1.89","23561.14","0","2627.22","2627.22","0","0","organic","Chicago"
"22","88923.85","5082.1","2016-07-24 00:00:00","1.89","26745.37","2320.66","54775.72","51249.16","3526.56","0","organic","Northeast"
"36","11963.98","933.49","2016-04-17 00:00:00","1.89","3820.05","12.75","7197.69","6601.7","595.99","0","organic","Philadelphia"
"43","12313.5","1352.06","2016-02-28 00:00:00","1.89","10793.68","1.65","166.11","25.62","140.49","0","organic","Portland"
"17","14359.34","2605.56","2016-08-28 00:00:00","1.89","8258.88","0","3494.9","3283.42","211.48","0","organic","SanDiego"
"48","24292.32","1127.37","2016-01-24 00:00:00","1.89","22922.9","0","242.05","127.23","114.82","0","organic","SanFrancisco"
"28","2299.99","167.27","2016-06-12 00:00:00","1.89","1853.94","0","278.78","0","278.78","0","organic","Spokane"
"23","20129.64","4933.26","2016-07-17 00:00:00","1.89","4562.27","0","10634.11","5736.67","4897.44","0","organic","WestTexNewMexico"
"24","14396.43","471.9","2017-07-16 00:00:00","1.89","7657.36","0","6267.17","2880.81","3386.36","0","organic","Atlanta"
"38","19114.94","854.07","2017-04-09 00:00:00","1.89","10375.8","269.66","7615.41","7604.51","10.9","0","organic","BaltimoreWashington"
"43","3184.47","9.77","2017-03-05 00:00:00","1.89","1404.91","0","1769.79","910","859.79","0","organic","BuffaloRochester"
"3","125853.18","31270.64","2017-12-10 00:00:00","1.89","46280.63","0","48301.91","48263.46","38.45","0","organic","California"
"12","9142.31","583.62","2017-10-08 00:00:00","1.89","1941.13","0","6617.56","6597.37","20.19","0","organic","Columbus"
"14","179687.73","3756.3","2017-09-24 00:00:00","1.89","48823.74","0","126611.68","84494.08","42117.6","0","organic","GreatLakes"
"13","23587.7","11150.15","2017-10-01 00:00:00","1.89","8.31","0","12429.24","12429.24","0","0","organic","Houston"
"18","31276.86","11013","2017-08-27 00:00:00","1.89","67.22","0","20196.64","20189.98","6.66","0","organic","Houston"
"7","2438.21","66.6","2017-11-12 00:00:00","1.89","547.37","2.42","1821.82","1792.22","29.6","0","organic","Jacksonville"
"1","8393.5","1385.31","2017-12-24 00:00:00","1.89","1425.12","0","5583.07","5555.33","27.74","0","organic","LasVegas"
"23","8527.21","1379.57","2017-07-23 00:00:00","1.89","2862.27","0","4285.37","4248.87","36.5","0","organic","LasVegas"
"24","8618.45","1296.04","2017-07-16 00:00:00","1.89","2815.04","0","4507.37","4443.63","63.74","0","organic","LasVegas"
"33","8090.29","3039","2017-05-14 00:00:00","1.89","2852.86","0","2198.43","560","1638.43","0","organic","LasVegas"
"29","6104.29","837.58","2017-06-11 00:00:00","1.89","250.77","0","5015.94","5015.94","0","0","organic","MiamiFtLauderdale"
"18","9333.46","120.56","2017-08-27 00:00:00","1.89","2952.01","0","6260.89","3247.47","3013.42","0","organic","Nashville"
"14","6852.14","155.62","2017-09-24 00:00:00","1.89","218.47","0","6478.05","5656.66","821.39","0","organic","NewOrleansMobile"
"15","6311.86","313.42","2017-09-17 00:00:00","1.89","179.09","0","5819.35","5023.34","796.01","0","organic","NewOrleansMobile"
"26","2700.26","183.02","2017-07-02 00:00:00","1.89","838.35","0","1678.89","1662.22","16.67","0","organic","NewOrleansMobile"
"18","215129.8","8766.1","2017-08-27 00:00:00","1.89","36924.09","98.22","169341.39","164863.42","4477.97","0","organic","Northeast"
"39","256548.81","43055.81","2017-04-02 00:00:00","1.89","107196.78","121.64","106174.58","102577.8","3596.78","0","organic","Northeast"
"49","13492.85","2.54","2017-01-22 00:00:00","1.89","185.06","0","13305.25","13305.25","0","0","organic","NorthernNewEngland"
"28","29588.66","8254.77","2017-06-18 00:00:00","1.89","14019.73","11.83","7302.33","7014.14","288.19","0","organic","Philadelphia"
"9","12481.54","2450.25","2017-10-29 00:00:00","1.89","1503.06","0","8528.23","8522.17","6.06","0","organic","PhoenixTucson"
"7","51340.54","937.33","2017-11-12 00:00:00","1.89","18192","169.54","32041.67","19440.3","12601.37","0","organic","Plains"
"8","48099.91","1006.07","2017-11-05 00:00:00","1.89","13421.84","70.09","33601.91","23095.17","10506.74","0","organic","Plains"
"14","7344.32","2672.33","2017-09-24 00:00:00","1.89","3111.54","0","1560.45","1557.12","3.33","0","organic","Sacramento"
"49","6015.68","1800.88","2017-01-22 00:00:00","1.89","3930.91","0","283.89","283.89","0","0","organic","Sacramento"
"30","9543.8","761.59","2017-06-04 00:00:00","1.89","4252.82","128.16","4401.23","2476.04","1925.19","0","organic","SouthCarolina"
"12","5500.88","103.57","2017-10-08 00:00:00","1.89","527.61","0","4869.7","4750","119.7","0","organic","Tampa"
"9","11952.28","1424.2","2017-10-29 00:00:00","1.89","1259.66","0","9268.42","9071.16","168.43","28.83","organic","WestTexNewMexico"
"7","13273.93","26.28","2018-02-04 00:00:00","1.89","5187.8","201.87","7857.98","7613.73","244.25","0","organic","Charlotte"
"5","5389.68","149.89","2018-02-18 00:00:00","1.89","1094.56","2.62","4142.61","2283.94","1858.67","0","organic","Jacksonville"
"19","674811.14","91477.74","2017-08-20 00:00:00","1.88","349704","140354.25","93275.15","79635.38","9073.11","4566.66","conventional","Chicago"
"13","215840.47","56101.34","2017-10-01 00:00:00","1.88","24145.02","19204.17","116389.94","99539.53","8543.94","8306.47","conventional","Detroit"
"30","162051.09","2254.78","2017-06-04 00:00:00","1.88","74167.19","35468.43","50160.69","34931.43","7483.36","7745.9","conventional","GrandRapids"
"32","148499.08","1972.51","2017-05-21 00:00:00","1.88","64369.19","30992.24","51165.14","35805.71","6312.41","9047.02","conventional","GrandRapids"
"17","147242.45","82573.64","2017-09-03 00:00:00","1.88","14144.89","99.08","50424.84","20452.27","28919.24","1053.33","conventional","Jacksonville"
"14","59540.52","2256.64","2017-09-24 00:00:00","1.88","25575.25","82.79","31625.84","12529.29","19096.55","0","conventional","Louisville"
"17","288210.32","24015.11","2017-09-03 00:00:00","1.88","215287.21","1644.8","47263.2","16764.03","28132.5","2366.67","conventional","NorthernNewEngland"
"15","431277.46","101821.26","2017-09-17 00:00:00","1.88","168223.74","648.37","160584.09","96743.5","62936.39","904.2","conventional","Seattle"
"7","1332.27","20.08","2015-11-08 00:00:00","1.88","351.4","0","960.79","960.79","0","0","organic","Albany"
"8","1021.68","11.47","2015-11-01 00:00:00","1.88","137.58","0","872.63","872.63","0","0","organic","Albany"
"17","1239.16","17.27","2015-08-30 00:00:00","1.88","65.08","0","1156.81","1156.81","0","0","organic","Albany"
"20","1421.47","79.82","2015-08-09 00:00:00","1.88","106.81","0","1234.84","1234.84","0","0","organic","Albany"
"5","4015.99","1766.22","2015-11-22 00:00:00","1.88","2096.22","0","153.55","70","83.55","0","organic","Atlanta"
"39","5076.62","2016.24","2015-03-29 00:00:00","1.88","2847.3","0","213.08","40.41","172.67","0","organic","Atlanta"
"45","787.72","17.75","2015-02-15 00:00:00","1.88","566.64","0","203.33","203.33","0","0","organic","GrandRapids"
"49","706.15","20.71","2015-01-18 00:00:00","1.88","488.77","0","196.67","196.67","0","0","organic","GrandRapids"
"19","1721.57","101.04","2015-08-16 00:00:00","1.88","156.68","7.65","1456.2","1456.2","0","0","organic","HarrisburgScranton"
"32","3850.2","39.57","2015-05-17 00:00:00","1.88","251.83","8.35","3550.45","3550.45","0","0","organic","HarrisburgScranton"
"36","2901.35","96.21","2015-04-19 00:00:00","1.88","86.59","6.2","2712.35","2712.35","0","0","organic","HarrisburgScranton"
"6","1954.57","1446.83","2015-11-15 00:00:00","1.88","48.3","16.1","443.34","436.67","6.67","0","organic","Jacksonville"
"28","2208.88","1621.33","2015-06-14 00:00:00","1.88","60.35","16.25","510.95","480","30.95","0","organic","Jacksonville"
"35","2003.04","1426.4","2015-04-26 00:00:00","1.88","36.35","30.29","510","510","0","0","organic","Jacksonville"
"48","1140.32","853.38","2015-01-25 00:00:00","1.88","22.43","1.18","263.33","263.33","0","0","organic","Jacksonville"
"8","5003.8","1735.17","2015-11-01 00:00:00","1.88","3115.3","0","153.33","153.33","0","0","organic","LasVegas"
"25","1766.19","921.19","2015-07-05 00:00:00","1.88","5","0","840","840","0","0","organic","MiamiFtLauderdale"
"51","48280.46","4476.73","2015-01-04 00:00:00","1.88","22389.09","23.15","21391.49","21379.79","11.7","0","organic","Northeast"
"31","7515.96","5.95","2015-05-24 00:00:00","1.88","677.58","0","6832.43","6832.43","0","0","organic","NorthernNewEngland"
"32","8208.44","35.29","2015-05-17 00:00:00","1.88","879.99","0","7293.16","7293.16","0","0","organic","NorthernNewEngland"
"35","7583.31","6.83","2015-04-26 00:00:00","1.88","617.83","0","6958.65","6958.65","0","0","organic","NorthernNewEngland"
"36","7468.8","3.38","2015-04-19 00:00:00","1.88","643.91","0","6821.51","6821.51","0","0","organic","NorthernNewEngland"
"38","8444.82","56.28","2015-04-05 00:00:00","1.88","553.8","0","7834.74","7834.74","0","0","organic","NorthernNewEngland"
"40","8083.91","10.14","2015-03-22 00:00:00","1.88","977.2","0","7096.57","7096.57","0","0","organic","NorthernNewEngland"
"46","7856.82","0","2015-02-08 00:00:00","1.88","522.91","0","7333.91","7333.91","0","0","organic","NorthernNewEngland"
"49","7618.91","0","2015-01-18 00:00:00","1.88","569.28","0","7049.63","7049.63","0","0","organic","NorthernNewEngland"
"50","6485.3","1.13","2015-01-11 00:00:00","1.88","590.02","0","5894.15","5894.15","0","0","organic","NorthernNewEngland"
"32","2730.74","2073.98","2015-05-17 00:00:00","1.88","46","0","610.76","610.76","0","0","organic","Orlando"
"35","2490.11","1845.77","2015-04-26 00:00:00","1.88","57.67","0","586.67","586.67","0","0","organic","Orlando"
"26","4785.67","378.59","2015-06-28 00:00:00","1.88","1816.51","26.54","2564.03","2564.03","0","0","organic","Philadelphia"
"21","8593.93","6675.88","2015-08-02 00:00:00","1.88","1272.7","0","645.35","533.33","112.02","0","organic","PhoenixTucson"
"19","32159.33","5368.34","2015-08-16 00:00:00","1.88","15506.11","35.65","11249.23","9695.15","1554.08","0","organic","Plains"
"27","37004.14","5625.74","2015-06-21 00:00:00","1.88","21939.19","60.75","9378.46","7204.04","2174.42","0","organic","Plains"
"17","9085.45","1986.05","2015-08-30 00:00:00","1.88","6676.52","0","422.88","422.88","0","0","organic","SanDiego"
"0","14081.58","792.47","2015-12-27 00:00:00","1.88","13036.76","0","252.35","252.35","0","0","organic","SanFrancisco"
"10","23132.95","4351.2","2015-10-18 00:00:00","1.88","11840.73","19.98","6921.04","1027.09","5893.95","0","organic","Seattle"
"21","28234.61","9411.45","2015-08-02 00:00:00","1.88","7533.08","820.16","10469.92","8399.35","2070.57","0","organic","Southeast"
"27","25842.76","11964.63","2015-06-21 00:00:00","1.88","7758.68","832.22","5287.23","4198.25","1088.98","0","organic","Southeast"
"28","3099.58","911.46","2015-06-14 00:00:00","1.88","2160.38","0","27.74","0","27.74","0","organic","Spokane"
"29","3143.38","899.54","2015-06-07 00:00:00","1.88","2051.73","0","192.11","0","192.11","0","organic","Spokane"
"27","896.16","9","2015-06-21 00:00:00","1.88","67.14","0","820.02","738.91","81.11","0","organic","Syracuse"
"2","13714.62","22.64","2016-12-11 00:00:00","1.88","1093.69","0","12598.29","12593.46","4.83","0","organic","Boston"
"3","3713.49","25.44","2016-12-04 00:00:00","1.88","1091.53","0","2596.52","2521.8","74.72","0","organic","BuffaloRochester"
"24","7574.45","302.48","2016-07-10 00:00:00","1.88","199.16","203.97","6868.84","6723.47","145.37","0","organic","HarrisburgScranton"
"20","87942.88","6862.76","2016-08-07 00:00:00","1.88","28661.46","1614","50804.66","50509","295.66","0","organic","Northeast"
"37","114275.61","4209.39","2016-04-10 00:00:00","1.88","19961.97","2037.2","88067.05","70435.19","17631.86","0","organic","Northeast"
"38","124627.43","7547.6","2016-04-03 00:00:00","1.88","25271.64","2014.62","89793.57","79549.51","10244.06","0","organic","Northeast"
"19","6737.38","3004.19","2016-08-14 00:00:00","1.88","159.86","0","3573.33","3530","43.33","0","organic","Orlando"
"25","9151.31","241.13","2016-07-03 00:00:00","1.88","3230.39","722.22","4957.57","4771.44","186.13","0","organic","RaleighGreensboro"
"42","9728.1","1979.45","2016-03-06 00:00:00","1.88","7072.14","0","676.51","676.51","0","0","organic","Sacramento"
"18","8616.4","3154.25","2016-08-21 00:00:00","1.88","2593.44","70.63","2798.08","2788.08","10","0","organic","StLouis"
"22","168610.5","49512.52","2016-07-24 00:00:00","1.88","69123.8","186.93","49787.25","33356.15","16431.1","0","organic","West"
"7","1869.21","46.66","2017-11-12 00:00:00","1.88","484.39","0","1338.16","356.27","981.89","0","organic","Boise"
"4","21338.43","39.81","2017-12-03 00:00:00","1.88","1355.4","0","19943.22","18266.31","1676.91","0","organic","Boston"
"36","17773.38","138.28","2017-04-23 00:00:00","1.88","1028.1","0","16607","14864.78","1742.22","0","organic","Boston"
"50","17012.28","12.3","2017-01-15 00:00:00","1.88","1315.1","0","15684.88","15554.34","130.54","0","organic","Boston"
"23","36591.27","87.93","2017-07-23 00:00:00","1.88","31152.43","0","5350.91","5350.91","0","0","organic","Chicago"
"50","6349.77","364.39","2017-01-15 00:00:00","1.88","5229.29","0","756.09","715.87","40.22","0","organic","CincinnatiDayton"
"16","19288.09","434.78","2017-09-10 00:00:00","1.88","4007.28","0","14773.96","11927.03","2846.93","0","organic","Detroit"
"50","7875.36","790.85","2017-01-15 00:00:00","1.88","6131.31","0","953.2","937.88","15.32","0","organic","Detroit"
"50","8630.41","308.39","2017-01-15 00:00:00","1.88","178.54","9.18","8134.3","8134.3","0","0","organic","HarrisburgScranton"
"11","3665.19","2.59","2017-10-15 00:00:00","1.88","1120.58","0","2542.02","1647.11","894.91","0","organic","Louisville"
"28","6480.65","304.94","2017-06-18 00:00:00","1.88","1510.72","0","4664.99","4664.99","0","0","organic","MiamiFtLauderdale"
"31","6000.97","1096.73","2017-05-28 00:00:00","1.88","86.78","0","4817.46","4815.63","1.83","0","organic","MiamiFtLauderdale"
"21","147783.08","3190.54","2017-08-06 00:00:00","1.88","45905.95","871.79","97806.05","86645.75","11160.3","0","organic","Midsouth"
"25","109427.64","3114.64","2017-07-09 00:00:00","1.88","50540.83","1282.83","54489.34","35708.96","18780.38","0","organic","Midsouth"
"31","2367.07","367.18","2017-05-28 00:00:00","1.88","0","0","1999.89","1694.74","305.15","0","organic","NewOrleansMobile"
"22","71035.9","3407.72","2017-07-30 00:00:00","1.88","17677.84","285.56","49664.78","49656.41","8.37","0","organic","NewYork"
"41","276084.84","45037.68","2017-03-19 00:00:00","1.88","116111.93","163.76","114771.47","106097.64","8673.83","0","organic","Northeast"
"45","11527.69","2.6","2017-02-19 00:00:00","1.88","221.4","0","11303.69","11303.69","0","0","organic","NorthernNewEngland"
"7","5376.58","147.41","2017-11-12 00:00:00","1.88","871.4","0","4357.77","4351.1","6.67","0","organic","Orlando"
"39","23939.58","7379.43","2017-04-02 00:00:00","1.88","10469.59","7.13","6083.43","6059.69","23.74","0","organic","Philadelphia"
"30","11693.79","3852.69","2017-06-04 00:00:00","1.88","3456.64","0","4384.46","1035.19","3349.27","0","organic","PhoenixTucson"
"52","7740.98","2155.99","2017-01-01 00:00:00","1.88","3030.64","1.2","2553.15","2547.83","5.32","0","organic","PhoenixTucson"
"9","49301.56","995.63","2017-10-29 00:00:00","1.88","11209.3","273.81","36822.82","25519.81","11303.01","0","organic","Plains"
"39","16174.36","1779.7","2017-04-02 00:00:00","1.88","10473.46","0","3921.2","2792.24","1128.96","0","organic","SanDiego"
"19","14864.18","322.82","2017-08-20 00:00:00","1.88","3927.75","88.54","10525.07","10329.68","195.39","0","organic","SouthCarolina"
"35","1703.77","0","2017-04-30 00:00:00","1.88","160.66","0","1543.11","1061.85","481.26","0","organic","Syracuse"
"20","1014709.07","98007.24","2017-08-13 00:00:00","1.88","230106.14","1414.21","684998.04","612544.62","72449.02","4.4","organic","TotalUS"
"26","212196.16","45612.22","2017-07-02 00:00:00","1.88","67692.06","162.23","98729.65","34000.74","64728.91","0","organic","West"
"6","14228.82","1771.38","2017-11-19 00:00:00","1.88","2580.56","0","9876.88","9649.27","227.61","0","organic","WestTexNewMexico"
"3","11882.61","31.41","2018-03-04 00:00:00","1.88","6586.88","268.25","4996.07","4621.84","374.23","0","organic","Charlotte"
"1","31736.66","537.35","2018-03-18 00:00:00","1.88","22724.89","0","8474.42","8472.87","1.55","0","organic","HartfordSpringfield"
"5","88854.41","9009.79","2018-02-18 00:00:00","1.88","35316.2","0","44528.42","44519.43","8.99","0","organic","LosAngeles"
"5","8499.84","2140.53","2018-02-18 00:00:00","1.88","3537.09","0","2822.22","2818.89","3.33","0","organic","Sacramento"
"6","18517.54","1101.05","2018-02-11 00:00:00","1.88","8243.72","0","9172.77","9172.77","0","0","organic","SanDiego"
"9","411873.66","133676.77","2016-10-23 00:00:00","1.87","178795.94","4817.03","94583.92","89533.1","2966.65","2084.17","conventional","SanFrancisco"
"33","151273.21","1659.83","2017-05-14 00:00:00","1.87","68015.22","33883.15","47715.01","35585.87","6715.5","5413.64","conventional","GrandRapids"
"16","384536.99","103658.38","2017-09-10 00:00:00","1.87","106229.71","16044.05","158604.85","85879.75","71546.81","1178.29","conventional","Portland"
"18","341841.01","120934.07","2017-08-27 00:00:00","1.87","178392.05","1937.73","40577.16","39281.66","109.39","1186.11","conventional","Sacramento"
"18","1275.64","24.45","2015-08-23 00:00:00","1.87","97.82","0","1153.37","1153.37","0","0","organic","Albany"
"32","1881.08","19.51","2015-05-17 00:00:00","1.87","213.43","0","1648.14","1648.14","0","0","organic","Albany"
"9","5476.77","2441.49","2015-10-25 00:00:00","1.87","2684.67","0","350.61","180","170.61","0","organic","Atlanta"
"48","3047.38","1578.59","2015-01-25 00:00:00","1.87","735.23","0","733.56","533.33","200.23","0","organic","Atlanta"
"22","3413.88","80","2015-07-26 00:00:00","1.87","154.75","0","3179.13","3176.48","2.65","0","organic","BuffaloRochester"
"41","3890.97","205.39","2015-03-15 00:00:00","1.87","1300.42","1102.84","1282.32","1282.32","0","0","organic","Charlotte"
"46","4011.02","188.23","2015-02-08 00:00:00","1.87","1382.91","1092.82","1347.06","1347.06","0","0","organic","Charlotte"
"28","18374.82","502.87","2015-06-14 00:00:00","1.87","17175.28","0","696.67","696.67","0","0","organic","Chicago"
"50","6926.75","417.73","2015-01-11 00:00:00","1.87","5637.76","0","871.26","329.5","541.76","0","organic","Detroit"
"39","1005.21","46.7","2015-03-29 00:00:00","1.87","631.84","0","326.67","326.67","0","0","organic","GrandRapids"
"41","1329.82","94.18","2015-03-15 00:00:00","1.87","813.47","0","422.17","385.77","36.4","0","organic","GrandRapids"
"50","761.86","29.06","2015-01-11 00:00:00","1.87","539.72","0","193.08","190","3.08","0","organic","GrandRapids"
"44","1563.5","104.69","2015-02-22 00:00:00","1.87","1018.76","0","440.05","360","80.05","0","organic","Indianapolis"
"4","1303.04","925.68","2015-11-29 00:00:00","1.87","32.44","11.59","333.33","333.33","0","0","organic","Jacksonville"
"25","1787.44","1263.07","2015-07-05 00:00:00","1.87","65.22","9.15","450","450","0","0","organic","Jacksonville"
"5","1202.46","7.6","2015-11-22 00:00:00","1.87","1107.08","0","87.78","3.33","84.45","0","organic","Louisville"
"12","1155.28","23.52","2015-10-04 00:00:00","1.87","1114.66","0","17.1","0","17.1","0","organic","Louisville"
"49","1459.37","1054.78","2015-01-18 00:00:00","1.87","17.92","0","386.67","386.67","0","0","organic","MiamiFtLauderdale"
"37","7094.98","46.16","2015-04-12 00:00:00","1.87","444.69","0","6604.13","6604.13","0","0","organic","NorthernNewEngland"
"42","6756.78","32.68","2015-03-08 00:00:00","1.87","809.1","0","5915","5915","0","0","organic","NorthernNewEngland"
"45","7199.17","7.88","2015-02-15 00:00:00","1.87","590.77","0","6600.52","6600.52","0","0","organic","NorthernNewEngland"
"2","2437.13","1757.87","2015-12-13 00:00:00","1.87","80.84","0","598.42","598.42","0","0","organic","Orlando"
"4","2082.98","1491.38","2015-11-29 00:00:00","1.87","41.6","0","550","546.67","3.33","0","organic","Orlando"
"26","2804.46","2068.27","2015-06-28 00:00:00","1.87","79.52","0","656.67","656.67","0","0","organic","Orlando"
"7","2933.95","662.62","2015-11-08 00:00:00","1.87","1823.62","18.59","429.12","210.74","218.38","0","organic","Philadelphia"
"14","3957.04","620.65","2015-09-20 00:00:00","1.87","1921.1","24.64","1390.65","1390.65","0","0","organic","Philadelphia"
"3","5936.27","4843.94","2015-12-06 00:00:00","1.87","832.33","0","260","260","0","0","organic","PhoenixTucson"
"15","29440.58","4265.73","2015-09-13 00:00:00","1.87","14930.59","69.77","10174.49","8144.24","2030.25","0","organic","Plains"
"20","34667.31","5931","2015-08-09 00:00:00","1.87","16409.94","18.94","12307.43","10591.35","1716.08","0","organic","Plains"
"41","3851.7","96.29","2015-03-15 00:00:00","1.87","2298.83","886.27","570.31","550.86","19.45","0","organic","RaleighGreensboro"
"14","3201.26","69.37","2015-09-20 00:00:00","1.87","2727.16","345.61","59.12","26.67","32.45","0","organic","RichmondNorfolk"
"6","4984.88","969.68","2015-11-15 00:00:00","1.87","3931.5","0","83.7","54.81","28.89","0","organic","Sacramento"
"4","7022.99","1232.37","2015-11-29 00:00:00","1.87","5300.75","0","489.87","489.87","0","0","organic","SanDiego"
"1","13703.79","980.71","2015-12-20 00:00:00","1.87","12582.57","0","140.51","140.51","0","0","organic","SanFrancisco"
"33","3783.3","822.36","2015-05-10 00:00:00","1.87","1101.72","487.37","1371.85","1049.36","322.49","0","organic","SouthCarolina"
"36","4376.04","631.59","2015-04-19 00:00:00","1.87","1637.27","592.72","1514.46","1502.4","12.06","0","organic","SouthCarolina"
"28","27578.12","12628.72","2015-06-14 00:00:00","1.87","6490.53","877.52","7581.35","6625.22","956.13","0","organic","Southeast"
"15","4096.12","1750.38","2015-09-13 00:00:00","1.87","1766.6","0","579.14","223.62","355.52","0","organic","StLouis"
"21","3956.75","3129.57","2015-08-02 00:00:00","1.87","7.16","0","820.02","820.02","0","0","organic","StLouis"
"11","18612.87","691.87","2016-10-09 00:00:00","1.87","10306.33","575.87","7038.8","7004.96","33.84","0","organic","BaltimoreWashington"
"20","18071.5","644.21","2016-08-07 00:00:00","1.87","10561.49","472.39","6393.41","6379.45","13.96","0","organic","BaltimoreWashington"
"31","22054.1","623.71","2016-05-22 00:00:00","1.87","9582.05","278.07","11570.27","11243.91","326.36","0","organic","BaltimoreWashington"
"8","872.07","0","2016-10-30 00:00:00","1.87","349.89","0","522.18","0","522.18","0","organic","Boise"
"19","2142.35","2.53","2016-08-14 00:00:00","1.87","1243.41","0","896.41","335.76","560.65","0","organic","Boise"
"44","5950.64","150.33","2016-02-21 00:00:00","1.87","264.13","23.92","5512.26","1915.54","3596.72","0","organic","HarrisburgScranton"
"15","2614.82","1225.28","2016-09-11 00:00:00","1.87","71.87","3.53","1314.14","923.33","390.81","0","organic","Jacksonville"
"16","2670.47","1152.74","2016-09-04 00:00:00","1.87","97.73","0","1420","1416.67","3.33","0","organic","Jacksonville"
"12","1610.43","4","2016-10-02 00:00:00","1.87","1353.25","0","253.18","226.67","26.51","0","organic","Louisville"
"21","73835.93","5541.31","2016-07-31 00:00:00","1.87","26016.6","1541.33","40736.69","40157.15","579.54","0","organic","Northeast"
"30","111097.01","6196.59","2016-05-29 00:00:00","1.87","27663.4","2315.53","74921.49","61555.62","13365.87","0","organic","Northeast"
"1","10810.89","1455.03","2016-12-18 00:00:00","1.87","4382.02","0","4973.84","4794.78","179.06","0","organic","Philadelphia"
"18","10605.21","882.35","2016-08-21 00:00:00","1.87","4181.99","6.88","5533.99","5365.02","168.97","0","organic","Philadelphia"
"34","13101.38","1713.54","2016-05-01 00:00:00","1.87","3814.81","2.26","7570.77","7400.31","170.46","0","organic","Philadelphia"
"13","44993.62","4312.89","2016-09-25 00:00:00","1.87","19596.71","1090.56","19993.46","11441.45","8552.01","0","organic","Plains"
"5","12021.69","145.29","2016-11-20 00:00:00","1.87","3001.66","444.56","8430.18","7327.79","1102.39","0","organic","RaleighGreensboro"
"12","10464.63","190","2016-10-02 00:00:00","1.87","4744.03","452.15","5078.45","4848.48","229.97","0","organic","RaleighGreensboro"
"24","10162.11","331.62","2016-07-10 00:00:00","1.87","3715.44","647.37","5467.68","5254.34","213.34","0","organic","RaleighGreensboro"
"28","30958.84","655","2016-06-12 00:00:00","1.87","26109.16","51.95","4142.73","359.21","3783.52","0","organic","Seattle"
"12","8341.95","761.23","2016-10-02 00:00:00","1.87","3710.83","378.8","3491.09","3318.47","172.62","0","organic","SouthCarolina"
"15","13156.18","2037.56","2016-09-11 00:00:00","1.87","3390.26","0","7728.36","5526.32","2202.04","0","organic","WestTexNewMexico"
"24","2889.03","155.1","2017-07-16 00:00:00","1.87","274.95","0","2458.98","2458.98","0","0","organic","Albany"
"31","3365.45","11.93","2017-05-28 00:00:00","1.87","344.88","0","3008.64","3008.64","0","0","organic","Albany"
"41","2763.38","503.14","2017-03-19 00:00:00","1.87","175.98","0","2084.26","2084.26","0","0","organic","Albany"
"52","1376.7","71.65","2017-01-01 00:00:00","1.87","192.63","0","1112.42","1112.42","0","0","organic","Albany"
"7","26148.28","24.04","2017-11-12 00:00:00","1.87","1429.61","0","24694.63","21304.78","3389.85","0","organic","Boston"
"9","12170.52","171.76","2017-10-29 00:00:00","1.87","3285.31","0","8713.45","3873.14","4840.31","0","organic","CincinnatiDayton"
"18","7110.89","547.67","2017-08-27 00:00:00","1.87","1241.77","0","5321.45","4030.1","1291.35","0","organic","Columbus"
"17","21749.1","500.27","2017-09-03 00:00:00","1.87","2793.67","0","18394.08","12468.55","5925.53","0","organic","Detroit"
"1","3639.23","80.45","2017-12-24 00:00:00","1.87","643.63","3.77","2911.38","1784.19","1127.19","0","organic","Jacksonville"
"5","2926.9","64.58","2017-11-26 00:00:00","1.87","550.77","1.22","2310.33","1527.77","782.56","0","organic","Jacksonville"
"12","176218.89","4376.74","2017-10-08 00:00:00","1.87","35185.02","566.08","136087.82","131997.28","4090.54","0","organic","Midsouth"
"42","14773.91","119.61","2017-03-12 00:00:00","1.87","198.91","0","14455.39","14455.39","0","0","organic","NorthernNewEngland"
"5","11120.24","2272.35","2017-11-26 00:00:00","1.87","2038.36","0","6809.53","6809.53","0","0","organic","PhoenixTucson"
"35","10199.4","2979.75","2017-04-30 00:00:00","1.87","5256.95","0","1962.7","700.97","1261.73","0","organic","PhoenixTucson"
"35","6798.65","353.77","2017-04-30 00:00:00","1.87","2775.79","0","3669.09","2372.94","1296.15","0","organic","Roanoke"
"35","7072.22","600.75","2017-04-30 00:00:00","1.87","4505.47","112.36","1853.64","194.65","1658.99","0","organic","SouthCarolina"
"36","58969.91","17692.58","2017-04-23 00:00:00","1.87","18109.96","279.38","22887.99","14573.23","8314.76","0","organic","Southeast"
"8","170998.81","30070.62","2018-01-28 00:00:00","1.87","58357.89","0","82570.3","82563.11","7.19","0","organic","California"
"6","7802.04","2208.31","2018-02-11 00:00:00","1.87","3192.62","0","2401.11","2401.11","0","0","organic","Sacramento"
"9","13766.76","1191.92","2018-01-21 00:00:00","1.87","2452.79","727.94","9394.11","9351.8","42.31","0","organic","WestTexNewMexico"
"8","522546.62","58412.45","2016-10-30 00:00:00","1.86","304616.52","27903.69","131613.96","130682.92","565.76","365.28","conventional","BaltimoreWashington"
"7","269770.44","14395.76","2016-11-06 00:00:00","1.86","162910.57","1465.76","90998.35","83528.25","7238.16","231.94","conventional","Philadelphia"
"13","183683.68","7514.77","2017-10-01 00:00:00","1.86","58917.31","626.22","116625.38","22881.73","93645.32","98.33","conventional","CincinnatiDayton"
"16","111733.79","2360.3","2017-09-10 00:00:00","1.86","46227.08","23127.7","40018.71","29053.6","3726.39","7238.72","conventional","GrandRapids"
"11","2221613.58","446922.8","2017-10-15 00:00:00","1.86","801194.66","160272.53","813223.59","525270.57","272860.81","15092.21","conventional","GreatLakes"
"15","2358162.43","421369.74","2017-09-17 00:00:00","1.86","851995.69","199189.12","885607.88","597800.84","252502.35","35304.69","conventional","GreatLakes"
"15","126434.16","7889.87","2017-09-17 00:00:00","1.86","55951.98","800.26","61792.05","31782.33","29745.79","263.93","conventional","Indianapolis"
"16","139315.43","8832.22","2017-09-10 00:00:00","1.86","60421.9","787.37","69273.94","35802.73","32306.29","1164.92","conventional","Indianapolis"
"32","652301.59","167436.19","2017-05-21 00:00:00","1.86","380367.23","4360.17","100138","97322.16","1157.23","1658.61","conventional","SanFrancisco"
"14","293617.05","196122.05","2017-09-24 00:00:00","1.86","29716.98","28.49","67749.53","32356.64","35372.89","20","conventional","Tampa"
"16","1168.86","30.13","2015-09-06 00:00:00","1.86","96.18","0","1042.55","1042.55","0","0","organic","Albany"
"40","1375.02","40.57","2015-03-22 00:00:00","1.86","326.78","0","1007.67","1007.67","0","0","organic","Albany"
"49","4294.01","2138.51","2015-01-18 00:00:00","1.86","989.4","0","1166.1","1019.34","146.76","0","organic","Atlanta"
"35","3517.6","4.29","2015-04-26 00:00:00","1.86","956.52","0","2556.79","2556.79","0","0","organic","Boston"
"37","3619.27","44.38","2015-04-12 00:00:00","1.86","915.97","0","2658.92","2658.92","0","0","organic","Boston"
"21","3348.4","78.56","2015-08-02 00:00:00","1.86","154.19","0","3115.65","3115.65","0","0","organic","BuffaloRochester"
"31","20871.17","552.15","2015-05-24 00:00:00","1.86","19632.59","0","686.43","680","6.43","0","organic","Chicago"
"43","4054.67","397.22","2015-03-01 00:00:00","1.86","2681.49","0","975.96","664.76","311.2","0","organic","Columbus"
"14","7310.16","1647.88","2015-09-20 00:00:00","1.86","5145.47","0","516.81","486.67","30.14","0","organic","Detroit"
"46","6499.18","509.02","2015-02-08 00:00:00","1.86","4643.12","0","1347.04","913.33","433.71","0","organic","Detroit"
"22","1070.6","9.96","2015-07-26 00:00:00","1.86","793.97","0","266.67","266.67","0","0","organic","GrandRapids"
"24","1328.38","5.73","2015-07-12 00:00:00","1.86","999.76","0","322.89","313.34","9.55","0","organic","GrandRapids"
"37","823.5","0","2015-04-12 00:00:00","1.86","606.83","0","216.67","216.67","0","0","organic","GrandRapids"
"41","1891.49","1284.83","2015-03-15 00:00:00","1.86","60.6","32.73","513.33","513.33","0","0","organic","Jacksonville"
"26","1627.96","1181.34","2015-06-28 00:00:00","1.86","9.95","0","436.67","436.67","0","0","organic","MiamiFtLauderdale"
"38","1702","1231.96","2015-04-05 00:00:00","1.86","22.7","0","447.34","447.34","0","0","organic","MiamiFtLauderdale"
"21","1577.51","468.74","2015-08-02 00:00:00","1.86","258.34","0","850.43","850.43","0","0","organic","NewOrleansMobile"
"37","25674.65","3711.04","2015-04-12 00:00:00","1.86","14390.54","22.19","7550.88","7550.88","0","0","organic","NewYork"
"16","64445.98","5543.4","2015-09-06 00:00:00","1.86","21432.21","1136.01","36334.36","35519.22","815.14","0","organic","Northeast"
"50","50079.81","3611.57","2015-01-11 00:00:00","1.86","20043.89","65.93","26358.42","26332.17","26.25","0","organic","Northeast"
"28","3012.55","2115.25","2015-06-14 00:00:00","1.86","67.3","0","830","830","0","0","organic","Orlando"
"9","3254.64","441.78","2015-10-25 00:00:00","1.86","1817.74","15.61","979.51","72.11","907.4","0","organic","Philadelphia"
"30","5461.83","508.05","2015-05-31 00:00:00","1.86","1828.02","3.83","3121.93","3121.93","0","0","organic","Philadelphia"
"35","4698.5","305.19","2015-04-26 00:00:00","1.86","1171.58","3.46","3218.27","3218.27","0","0","organic","Philadelphia"
"14","5430.92","44.6","2015-09-20 00:00:00","1.86","2235.5","660.36","2490.46","2490.46","0","0","organic","RaleighGreensboro"
"21","6466.04","88.22","2015-08-02 00:00:00","1.86","3021.26","690.11","2666.45","2588.48","77.97","0","organic","RaleighGreensboro"
"9","5859.11","1291.46","2015-10-25 00:00:00","1.86","4345.56","0","222.09","222.09","0","0","organic","Sacramento"
"25","9756.1","4437.96","2015-07-05 00:00:00","1.86","5180.96","0","137.18","137.18","0","0","organic","Sacramento"
"21","10242.52","2569.77","2015-08-02 00:00:00","1.86","7080.66","0","592.09","592.09","0","0","organic","SanDiego"
"51","3351.76","355.79","2015-01-04 00:00:00","1.86","754.78","439.19","1802","1768.67","33.33","0","organic","SouthCarolina"
"23","3095.1","1758.23","2015-07-19 00:00:00","1.86","910.36","0","426.51","109.17","317.34","0","organic","StLouis"
"25","4129.23","2030.29","2015-07-05 00:00:00","1.86","1664.7","0","434.24","30","404.24","0","organic","StLouis"
"19","588.87","0","2015-08-16 00:00:00","1.86","67.66","0","521.21","521.21","0","0","organic","Syracuse"
"26","1643.24","3.73","2015-06-28 00:00:00","1.86","80.85","0","1558.66","1536.44","22.22","0","organic","Syracuse"
"22","159233.08","60875.67","2015-07-26 00:00:00","1.86","63812.49","130.63","34414.29","2726.04","31688.25","0","organic","West"
"19","10167.7","3994.02","2015-08-09 00:00:00","1.86","3545.8","0","2627.88","2516.67","111.21","0","organic","WestTexNewMexico"
"1","1472.84","111.34","2016-12-18 00:00:00","1.86","198.07","0","1163.43","1163.43","0","0","organic","Albany"
"9","1913.99","37.83","2016-10-23 00:00:00","1.86","80.72","0","1795.44","1795.44","0","0","organic","Albany"
"1","14030.99","968.91","2016-12-18 00:00:00","1.86","5004.91","302.95","7754.22","7711.79","42.43","0","organic","BaltimoreWashington"
"14","18371.82","8.37","2016-09-18 00:00:00","1.86","704.63","0","17658.82","17658.82","0","0","organic","Boston"
"21","1853.41","885.09","2016-07-31 00:00:00","1.86","214.99","0","753.33","753.33","0","0","organic","GrandRapids"
"8","112134.82","3718.89","2016-10-30 00:00:00","1.86","73774.98","0","34640.95","19270.51","15370.44","0","organic","GreatLakes"
"12","4651.52","199.5","2016-10-02 00:00:00","1.86","142.72","18.24","4291.06","4282.53","8.53","0","organic","HarrisburgScranton"
"12","89438.27","2371.95","2016-10-02 00:00:00","1.86","47496.95","2342.29","37227.08","33589.15","3637.93","0","organic","Midsouth"
"42","41547.14","8104.1","2016-03-06 00:00:00","1.86","16993.79","2071.16","14378.09","9996.91","4381.18","0","organic","NewYork"
"10","73430.26","5942.36","2016-10-16 00:00:00","1.86","21092.43","93.89","46301.58","45250.04","1051.54","0","organic","Northeast"
"25","152428.41","6218.3","2016-07-03 00:00:00","1.86","33938.57","1960.35","110311.19","98420.14","11891.05","0","organic","Northeast"
"33","8514.81","479.64","2016-05-08 00:00:00","1.86","3608.21","7.17","4419.79","3417.39","1002.4","0","organic","Philadelphia"
"46","9387.43","793.09","2016-02-07 00:00:00","1.86","2576.33","10.97","6007.04","1132.99","4874.05","0","organic","Philadelphia"
"6","11446.65","3176.7","2016-11-13 00:00:00","1.86","3129.58","0","5140.37","4928.5","211.87","0","organic","PhoenixTucson"
"15","46267.04","3553.09","2016-09-11 00:00:00","1.86","23352.95","77.93","19283.07","8714.08","10568.99","0","organic","Plains"
"23","29018.17","4204.19","2016-07-17 00:00:00","1.86","15792.98","26.31","8994.69","113.33","8881.36","0","organic","Portland"
"4","775.8","0","2016-11-27 00:00:00","1.86","101.8","0","674","674","0","0","organic","Syracuse"
"19","2584.08","61.21","2017-08-20 00:00:00","1.86","143.82","0","2379.05","2379.05","0","0","organic","Albany"
"39","3492.87","885.46","2017-04-02 00:00:00","1.86","362.37","0","2245.04","2245.04","0","0","organic","Albany"
"48","1795.81","32.53","2017-01-29 00:00:00","1.86","123.14","0","1640.14","1640.14","0","0","organic","Albany"
"8","11588.38","447.38","2017-11-05 00:00:00","1.86","3686.33","0","7454.67","5330.44","2124.23","0","organic","Atlanta"
"0","25275.08","9.19","2017-12-31 00:00:00","1.86","2796.62","0","22469.27","20109.15","2360.12","0","organic","Boston"
"2","9678.6","1.2","2017-12-17 00:00:00","1.86","4729.56","227.56","4720.28","4720.28","0","0","organic","Charlotte"
"42","7142.45","226.55","2017-03-12 00:00:00","1.86","4485.51","589.46","1840.93","1840.93","0","0","organic","Charlotte"
"10","14482.57","265.15","2017-10-22 00:00:00","1.86","3671.03","0","10546.39","5671.95","4874.44","0","organic","CincinnatiDayton"
"19","3115.79","0","2017-08-20 00:00:00","1.86","1114.13","0","2001.66","971.97","1029.69","0","organic","Louisville"
"39","140039.98","28190.77","2017-04-02 00:00:00","1.86","80969.6","128.39","30751.22","30716.93","34.29","0","organic","NewYork"
"41","147248.57","30270.92","2017-03-19 00:00:00","1.86","85793.31","114.28","31070.06","30832.74","237.32","0","organic","NewYork"
"41","16064.02","168.09","2017-03-19 00:00:00","1.86","170.68","0","15725.25","15725.25","0","0","organic","NorthernNewEngland"
"51","12777.93","3.76","2017-01-08 00:00:00","1.86","254.54","0","12519.63","12519.63","0","0","organic","NorthernNewEngland"
"24","4968.49","191.79","2017-07-16 00:00:00","1.86","1118.94","0","3657.76","3651.1","6.66","0","organic","Orlando"
"47","11862.24","1770.92","2017-02-05 00:00:00","1.86","3440.94","8.1","6642.28","6544.18","98.1","0","organic","Philadelphia"
"17","11276.86","3334.5","2017-09-03 00:00:00","1.86","787.62","0","7154.74","7097.64","57.1","0","organic","PhoenixTucson"
"6","21054.36","1267.18","2017-11-19 00:00:00","1.86","3948.46","3.35","15835.37","1427.56","14258.78","149.03","organic","Portland"
"7","18769.43","1791.82","2017-11-12 00:00:00","1.86","2951.24","0","14026.37","1655.19","12367.46","3.72","organic","Portland"
"9","7341.92","2787.56","2017-10-29 00:00:00","1.86","2909.91","0","1644.45","1644.45","0","0","organic","Sacramento"
"13","7334.65","2464.29","2017-10-01 00:00:00","1.86","2785.94","0","2084.42","2077.75","6.67","0","organic","Sacramento"
"22","5676.06","811.56","2017-07-30 00:00:00","1.86","2096.87","0","2767.63","2755.65","11.98","0","organic","Sacramento"
"32","8777.8","744.08","2017-05-21 00:00:00","1.86","4624.3","193.97","3215.45","916.5","2298.95","0","organic","SouthCarolina"
"29","4577.12","933.06","2017-06-11 00:00:00","1.86","206.39","0","3437.67","3434.34","3.33","0","organic","Tampa"
"0","118503.55","12695.3","2018-03-25 00:00:00","1.86","35094.5","205.59","70508.16","70377.52","130.64","0","organic","NewYork"
"9","14627.48","167.64","2018-01-21 00:00:00","1.86","5921.25","176.32","8362.27","8026.25","336.02","0","organic","RaleighGreensboro"
"1","38845.77","10129.17","2018-03-18 00:00:00","1.86","10074.1","0","18642.5","18639.17","3.33","0","organic","SanFrancisco"
"5","40425.93","1033.98","2018-02-18 00:00:00","1.86","12852.51","33.58","26505.86","11523.9","14950.62","31.34","organic","Seattle"
"9","584275.61","56864.06","2016-10-23 00:00:00","1.85","336433.69","27036.54","163941.32","163070.93","382.89","487.5","conventional","BaltimoreWashington"
"31","165718.77","1824.13","2017-05-28 00:00:00","1.85","70747.33","36364.98","56782.33","41977.67","6300.99","8503.67","conventional","GrandRapids"
"31","304340.56","10672.4","2017-05-28 00:00:00","1.85","225753.07","210.84","67704.25","67319.99","27.59","356.67","conventional","HartfordSpringfield"
"12","304863.13","195935.23","2017-10-08 00:00:00","1.85","23473.26","50.59","85404.05","63299.53","22104.52","0","conventional","Orlando"
"2","995.96","10.44","2015-12-13 00:00:00","1.85","178.7","0","806.82","806.82","0","0","organic","Albany"
"6","3888.18","1643.11","2015-11-15 00:00:00","1.85","1661.96","0","583.11","470","113.11","0","organic","Atlanta"
"28","4484.76","1646.73","2015-06-14 00:00:00","1.85","2236.3","0","601.73","2.73","599","0","organic","Atlanta"
"43","3024.12","8.47","2015-03-01 00:00:00","1.85","932.5","0","2083.15","2083.15","0","0","organic","Boston"
"33","2161.08","32.79","2015-05-10 00:00:00","1.85","183.76","0","1944.53","1944.53","0","0","organic","BuffaloRochester"
"13","80734.58","20639.23","2015-09-27 00:00:00","1.85","50992.3","0","9103.05","9093.05","10","0","organic","California"
"18","107431.24","30454.79","2015-08-23 00:00:00","1.85","63850.97","3.11","13122.37","13122.37","0","0","organic","California"
"29","19636.24","857.74","2015-06-07 00:00:00","1.85","18325.17","0","453.33","453.33","0","0","organic","Chicago"
"30","18625.81","599.1","2015-05-31 00:00:00","1.85","17156.71","0","870","870","0","0","organic","Chicago"
"8","8109.3","1553.13","2015-11-01 00:00:00","1.85","5744.36","0","811.81","190","621.81","0","organic","Detroit"
"20","5912.34","556.67","2015-08-09 00:00:00","1.85","4367.33","0","988.34","636.67","351.67","0","organic","Detroit"
"44","7176.69","651.55","2015-02-22 00:00:00","1.85","5368.11","0","1157.03","340","817.03","0","organic","Detroit"
"30","1082.52","22.99","2015-05-31 00:00:00","1.85","722.86","0","336.67","336.67","0","0","organic","GrandRapids"
"32","1338.84","0","2015-05-17 00:00:00","1.85","969.48","0","369.36","356.67","12.69","0","organic","GrandRapids"
"26","3388.83","119.9","2015-06-28 00:00:00","1.85","155.59","12.85","3100.49","3100.49","0","0","organic","HarrisburgScranton"
"13","5756.8","1243.87","2015-09-27 00:00:00","1.85","4399.58","0","113.35","103.33","10.02","0","organic","LasVegas"
"22","6775.02","3052.48","2015-07-26 00:00:00","1.85","3504.8","0","217.74","16.67","201.07","0","organic","LasVegas"
"50","1614.56","1091.28","2015-01-11 00:00:00","1.85","49.95","0","473.33","473.33","0","0","organic","MiamiFtLauderdale"
"43","56799.83","5884.52","2015-03-01 00:00:00","1.85","17398.87","26.54","33489.9","33457.94","31.96","0","organic","Northeast"
"46","65898.99","2547.81","2015-02-08 00:00:00","1.85","19979.96","38.35","43332.87","43044.39","288.48","0","organic","Northeast"
"3","2811.06","1961.6","2015-12-06 00:00:00","1.85","52.79","0","796.67","796.67","0","0","organic","Orlando"
"9","2905.07","2019.57","2015-10-25 00:00:00","1.85","8.83","0","876.67","876.67","0","0","organic","Orlando"
"45","2038.24","1386.9","2015-02-15 00:00:00","1.85","41.34","0","610","610","0","0","organic","Orlando"
"32","5578.04","293.24","2015-05-17 00:00:00","1.85","1605.75","11.3","3667.75","3667.75","0","0","organic","Philadelphia"
"34","5737.78","247.58","2015-05-03 00:00:00","1.85","1531.18","18.86","3940.16","3940.16","0","0","organic","Philadelphia"
"13","7128.73","5085.59","2015-09-27 00:00:00","1.85","1578.82","0","464.32","442.37","21.95","0","organic","PhoenixTucson"
"22","7178.36","5314.12","2015-07-26 00:00:00","1.85","1303.35","0","560.89","290","270.89","0","organic","PhoenixTucson"
"23","6428.81","4840.08","2015-07-19 00:00:00","1.85","1182.27","0","406.46","223.33","183.13","0","organic","PhoenixTucson"
"13","28183.63","2948.96","2015-09-27 00:00:00","1.85","14238.72","19.35","10976.6","8593.72","2382.88","0","organic","Plains"
"14","30393.35","3928.04","2015-09-20 00:00:00","1.85","15101.88","45.84","11317.59","8824.73","2492.86","0","organic","Plains"
"23","28602.01","4969.23","2015-07-19 00:00:00","1.85","14692.47","11.72","8928.59","6599.43","2329.16","0","organic","Plains"
"33","32022.52","3961.71","2015-05-10 00:00:00","1.85","16857.65","85.87","11117.29","8533.47","2583.82","0","organic","Plains"
"39","34062.08","3489.99","2015-03-29 00:00:00","1.85","17818.18","20.63","12733.28","12479.89","253.39","0","organic","Plains"
"40","4249.61","83.02","2015-03-22 00:00:00","1.85","2618.03","902.2","646.36","485.59","160.77","0","organic","RaleighGreensboro"
"16","5114.38","56.23","2015-09-06 00:00:00","1.85","3368.09","386.24","1303.82","1263.33","40.49","0","organic","RichmondNorfolk"
"14","4691.87","67.48","2015-09-20 00:00:00","1.85","4246.85","0","377.54","350","27.54","0","organic","Roanoke"
"29","9557.56","4934.71","2015-06-07 00:00:00","1.85","4500.75","0","122.1","122.1","0","0","organic","Sacramento"
"5","7438.22","1689","2015-11-22 00:00:00","1.85","5341.01","0","408.21","397.37","10.84","0","organic","SanDiego"
"10","7576.11","1707.43","2015-10-18 00:00:00","1.85","5314.68","0","554","554","0","0","organic","SanDiego"
"12","8490.07","1759.06","2015-10-04 00:00:00","1.85","6195.85","0","535.16","535.16","0","0","organic","SanDiego"
"16","9341.22","2333.68","2015-09-06 00:00:00","1.85","6614.63","0","392.91","392.91","0","0","organic","SanDiego"
"23","9159.44","2480.07","2015-07-19 00:00:00","1.85","6332.4","0","346.97","346.97","0","0","organic","SanDiego"
"31","30993.39","10926.16","2015-05-24 00:00:00","1.85","17449.97","33.16","2584.1","0","2584.1","0","organic","Seattle"
"25","3162.45","799.67","2015-07-05 00:00:00","1.85","2362.78","0","0","0","0","0","organic","Spokane"
"28","2937.84","1911.17","2015-06-14 00:00:00","1.85","826.83","0","199.84","92.79","107.05","0","organic","StLouis"
"43","3534.37","1100.28","2015-03-01 00:00:00","1.85","2330.76","0","103.33","103.33","0","0","organic","StLouis"
"33","2269.27","1.24","2015-05-10 00:00:00","1.85","229.94","0","2038.09","2038.09","0","0","organic","Syracuse"
"8","17148.36","546.41","2016-10-30 00:00:00","1.85","12485.25","681.32","3435.38","3424.06","11.32","0","organic","BaltimoreWashington"
"5","6445.71","418.98","2016-11-20 00:00:00","1.85","235","17.56","5774.17","5718.34","55.83","0","organic","HarrisburgScranton"
"16","7464.59","276.48","2016-09-04 00:00:00","1.85","260.91","21.38","6905.82","6530.46","375.36","0","organic","HarrisburgScranton"
"10","56666.92","8637.11","2016-10-16 00:00:00","1.85","27140.31","0","20889.5","20720.21","169.29","0","organic","LosAngeles"
"49","1241.24","67.79","2016-01-17 00:00:00","1.85","1037.86","0","135.59","0","135.59","0","organic","Louisville"
"19","76276.8","7745.48","2016-08-14 00:00:00","1.85","27894.37","1324.71","39312.24","38367.69","944.55","0","organic","Northeast"
"39","114767.54","4081","2016-03-27 00:00:00","1.85","20857.17","2136.08","87693.29","77619.07","10074.22","0","organic","Northeast"
"2","10526.21","6.16","2016-12-11 00:00:00","1.85","172.36","0","10347.69","10347.69","0","0","organic","NorthernNewEngland"
"16","6266.14","2496.83","2016-09-04 00:00:00","1.85","245.98","0","3523.33","3500","23.33","0","organic","Orlando"
"18","6359.75","2642.82","2016-08-21 00:00:00","1.85","176.93","0","3540","3503.33","36.67","0","organic","Orlando"
"28","9058.23","938.76","2016-06-12 00:00:00","1.85","4044.17","0","4075.3","3296.9","778.4","0","organic","Philadelphia"
"0","8657.87","2182.46","2016-12-25 00:00:00","1.85","3344.01","0","3131.4","3116.68","14.72","0","organic","PhoenixTucson"
"6","10276.83","180.62","2016-11-13 00:00:00","1.85","3018.43","418.35","6659.43","5476.23","1183.2","0","organic","RaleighGreensboro"
"7","13651.72","181.02","2016-11-06 00:00:00","1.85","3574.45","446.81","9449.44","8399.24","1050.2","0","organic","RaleighGreensboro"
"14","12131.33","209.13","2016-09-18 00:00:00","1.85","5138.18","450.72","6333.3","5827.18","506.12","0","organic","RaleighGreensboro"
"23","179798.46","51709.18","2016-07-17 00:00:00","1.85","80874.26","91.31","47123.71","23318.33","23805.38","0","organic","West"
"37","2886.48","265.82","2017-04-16 00:00:00","1.85","203.84","0","2416.82","2416.82","0","0","organic","Albany"
"23","17588.07","609.88","2017-07-23 00:00:00","1.85","7547.2","0","9430.99","4594.8","4836.19","0","organic","Atlanta"
"46","18596.41","1309.1","2017-02-12 00:00:00","1.85","7233.7","244.98","9808.63","9707.07","101.56","0","organic","BaltimoreWashington"
"47","17974.51","1373.51","2017-02-05 00:00:00","1.85","6610.53","202.88","9787.59","9782.06","5.53","0","organic","BaltimoreWashington"
"48","17293.49","1050.68","2017-01-29 00:00:00","1.85","7816.85","330.58","8095.38","8090.55","4.83","0","organic","BaltimoreWashington"
"49","18486.41","1219.26","2017-01-22 00:00:00","1.85","8061.11","345.66","8860.38","8826.54","33.84","0","organic","BaltimoreWashington"
"51","17989.43","1325.19","2017-01-08 00:00:00","1.85","7679.48","444.8","8539.96","8534.42","5.54","0","organic","BaltimoreWashington"
"6","1863.13","55.94","2017-11-19 00:00:00","1.85","538.92","0","1268.27","46.42","1221.85","0","organic","Boise"
"50","38542.5","78.31","2017-01-15 00:00:00","1.85","34378.08","0","4086.11","4086.11","0","0","organic","Chicago"
"22","14874.38","286.35","2017-07-30 00:00:00","1.85","6566.23","0","7882.3","2278.78","5603.52","0","organic","CincinnatiDayton"
"15","17461.53","432.3","2017-09-17 00:00:00","1.85","3502.18","0","13499.2","11092.84","2406.36","0","organic","Detroit"
"17","16832.81","6566.3","2017-09-03 00:00:00","1.85","58.92","0","10207.59","10207.59","0","0","organic","Houston"
"8","137573.44","3560.76","2017-11-05 00:00:00","1.85","36025.34","677.79","97301.09","91436.08","5865.01","0","organic","Midsouth"
"20","129688.16","2791.66","2017-08-13 00:00:00","1.85","38100","837.16","87959.34","85427.32","2532.02","0","organic","Midsouth"
"30","127811.15","3976.74","2017-06-04 00:00:00","1.85","55615.87","1415.12","66803.42","33346.76","33456.66","0","organic","Midsouth"
"1","74779.73","9007.76","2017-12-24 00:00:00","1.85","20286.73","241.8","45243.44","45130.97","112.47","0","organic","NewYork"
"19","107274.72","11650.4","2017-08-20 00:00:00","1.85","43213.82","149.8","52260.7","52260.7","0","0","organic","NewYork"
"23","87888.29","5573.31","2017-07-23 00:00:00","1.85","20491.42","1314.87","60508.69","60473.16","35.53","0","organic","NewYork"
"16","244428.88","10454.25","2017-09-10 00:00:00","1.85","38728.87","60.38","195185.38","188367.7","6817.68","0","organic","Northeast"
"20","200716.07","7031.08","2017-08-13 00:00:00","1.85","35496.01","220.3","157968.68","146634.24","11334.44","0","organic","Northeast"
"25","13592.4","3.94","2017-07-09 00:00:00","1.85","277.31","0","13311.15","13311.15","0","0","organic","NorthernNewEngland"
"40","14479.04","126.1","2017-03-26 00:00:00","1.85","228.24","0","14124.7","14124.7","0","0","organic","NorthernNewEngland"
"44","12277.49","10.34","2017-02-26 00:00:00","1.85","263.6","0","12003.55","12003.55","0","0","organic","NorthernNewEngland"
"17","27086.89","2163.23","2017-09-03 00:00:00","1.85","5781.12","4.81","19137.73","19137.73","0","0","organic","Philadelphia"
"16","11906.54","3667.46","2017-09-10 00:00:00","1.85","633.24","0","7605.84","7554.42","51.42","0","organic","PhoenixTucson"
"20","76353.2","2129.87","2017-08-13 00:00:00","1.85","17537.18","183.1","56503.05","56394.33","108.72","0","organic","Southeast"
"14","4633.29","96.46","2017-09-24 00:00:00","1.85","399.84","0","4136.99","3827.77","309.22","0","organic","Tampa"
"11","1172057.19","103557.18","2017-10-15 00:00:00","1.85","218881.54","1369.62","848040.34","771105.65","76927.27","7.42","organic","TotalUS"
"25","203127.73","36979.31","2017-07-09 00:00:00","1.85","62194.83","199.61","103753.98","36610.96","67143.02","0","organic","West"
"1","16740.76","1904.47","2017-12-24 00:00:00","1.85","2246.26","0","12590.03","12235.55","354.48","0","organic","WestTexNewMexico"
"1","2550.59","89.14","2018-03-18 00:00:00","1.85","898.36","0","1563.09","287.9","1258.17","17.02","organic","Boise"
"2","30476.66","8.51","2018-03-11 00:00:00","1.85","2114.28","0","28353.87","22732.95","5620.92","0","organic","Boston"
"6","24728.12","3.67","2018-02-11 00:00:00","1.85","1795.79","3.67","22924.99","19367.62","3557.37","0","organic","Boston"
"6","168311.26","30354","2018-02-11 00:00:00","1.85","56580.92","0","81376.34","81344.22","32.12","0","organic","California"
"10","4412.54","150.54","2018-01-14 00:00:00","1.85","1948.36","0","2313.64","564.45","1749.19","0","organic","Spokane"
"9","431274.2","46708.92","2016-10-23 00:00:00","1.84","251074.82","68234.94","65255.52","55554.23","790","8911.29","conventional","Chicago"
"15","231672.3","56672.38","2017-09-17 00:00:00","1.84","29720.64","23010.55","122268.73","101940.75","8905.77","11422.21","conventional","Detroit"
"13","128999.95","9051.01","2017-10-01 00:00:00","1.84","53986.11","972.08","64990.75","33550.42","31111.99","328.34","conventional","Indianapolis"
"15","409206.24","278164.17","2017-09-17 00:00:00","1.84","53156.3","50.37","77835.4","16642.51","61152.89","40","conventional","MiamiFtLauderdale"
"35","1228100.25","48042.72","2017-04-30 00:00:00","1.84","808258.75","2747.33","369051.45","314750.54","44523.13","9777.78","conventional","NewYork"
"13","362296.15","97772.92","2017-10-01 00:00:00","1.84","104336.09","14152.16","146034.98","92339.3","52994.8","700.88","conventional","Portland"
"14","54348.48","13393.92","2017-09-24 00:00:00","1.84","20303.31","124.02","20527.23","13723.75","6762.47","41.01","conventional","Spokane"
"3","1158.42","90.29","2015-12-06 00:00:00","1.84","104.18","0","963.95","948.52","15.43","0","organic","Albany"
"0","3195","1366.31","2015-12-27 00:00:00","1.84","1652.5","0","176.19","103.33","72.86","0","organic","Atlanta"
"30","4803.11","1744.63","2015-05-31 00:00:00","1.84","2484.81","0","573.67","97.88","475.79","0","organic","Atlanta"
"50","3743.82","1613.69","2015-01-11 00:00:00","1.84","1207.72","0","922.41","865","57.41","0","organic","Atlanta"
"35","2560.97","29.08","2015-04-26 00:00:00","1.84","204.73","0","2327.16","2327.16","0","0","organic","BuffaloRochester"
"42","4143.11","215.98","2015-03-08 00:00:00","1.84","1312.61","1163.42","1451.1","1451.1","0","0","organic","Charlotte"
"42","4518.71","317.1","2015-03-08 00:00:00","1.84","2943.26","7.45","1250.9","1130.31","120.59","0","organic","Columbus"
"49","4027.45","279.22","2015-01-18 00:00:00","1.84","2959.75","0","788.48","213.33","575.15","0","organic","Columbus"
"5","6871.97","1822.5","2015-11-22 00:00:00","1.84","4568.82","0","480.65","83.33","397.32","0","organic","Detroit"
"6","6564.71","1658.29","2015-11-15 00:00:00","1.84","4577.75","0","328.67","140","188.67","0","organic","Detroit"
"25","1296.65","7.18","2015-07-05 00:00:00","1.84","923.24","0","366.23","356.66","9.57","0","organic","GrandRapids"
"43","849.44","32.69","2015-03-01 00:00:00","1.84","506.75","0","310","310","0","0","organic","GrandRapids"
"15","2056.82","83.47","2015-09-13 00:00:00","1.84","177.37","8.35","1787.63","1787.63","0","0","organic","HarrisburgScranton"
"29","3485.54","35.17","2015-06-07 00:00:00","1.84","122.39","0","3327.98","3327.98","0","0","organic","HarrisburgScranton"
"31","4440.45","75.43","2015-05-24 00:00:00","1.84","178.79","15.02","4171.21","4171.21","0","0","organic","HarrisburgScranton"
"34","3547.22","38.69","2015-05-03 00:00:00","1.84","132.65","0","3375.88","3375.88","0","0","organic","HarrisburgScranton"
"48","1648.84","1091.95","2015-01-25 00:00:00","1.84","26.89","0","530","530","0","0","organic","MiamiFtLauderdale"
"51","3966","244.34","2015-01-04 00:00:00","1.84","2700.02","76.21","945.43","838.34","107.09","0","organic","Nashville"
"5","13438.23","2862.55","2015-11-22 00:00:00","1.84","8165.16","209.37","2201.15","260.45","1940.7","0","organic","NewYork"
"45","57627.38","3633.89","2015-02-15 00:00:00","1.84","21385.14","78.86","32529.49","32381.03","148.46","0","organic","Northeast"
"5","2375.83","1572.06","2015-11-22 00:00:00","1.84","43.77","0","760","726.67","33.33","0","organic","Orlando"
"30","3350.22","2221.2","2015-05-31 00:00:00","1.84","89.02","0","1040","1040","0","0","organic","Orlando"
"28","6353.19","534.82","2015-06-14 00:00:00","1.84","2127.85","7.81","3682.71","3682.71","0","0","organic","Philadelphia"
"40","2777.38","454.68","2015-03-22 00:00:00","1.84","1885.25","7.52","429.93","429.93","0","0","organic","Philadelphia"
"10","12357.55","10832.2","2015-10-18 00:00:00","1.84","1317.09","0","208.26","166.14","42.12","0","organic","PhoenixTucson"
"21","32696.45","6338.67","2015-08-02 00:00:00","1.84","13870.67","37.76","12449.35","10259.64","2189.71","0","organic","Plains"
"22","27102.7","5869.72","2015-07-26 00:00:00","1.84","12085.34","61.16","9086.48","7498.39","1588.09","0","organic","Plains"
"15","4609.25","52.27","2015-09-13 00:00:00","1.84","3412.43","414.55","730","730","0","0","organic","RichmondNorfolk"
"15","5971.62","89.37","2015-09-13 00:00:00","1.84","5082.81","0","799.44","793.33","6.11","0","organic","Roanoke"
"18","9578.9","2933.89","2015-08-23 00:00:00","1.84","6146.39","0","498.62","498.62","0","0","organic","Sacramento"
"26","9219.97","4916.07","2015-06-28 00:00:00","1.84","4050.11","0","253.79","253.79","0","0","organic","Sacramento"
"10","4333.43","519.94","2015-10-18 00:00:00","1.84","1511.8","500.03","1801.66","1726.19","75.47","0","organic","SouthCarolina"
"24","4614.82","585.84","2015-07-12 00:00:00","1.84","1449.2","538.65","2041.13","1609.25","431.88","0","organic","SouthCarolina"
"25","3840.59","535.36","2015-07-05 00:00:00","1.84","1440.42","595.37","1269.44","909.33","360.11","0","organic","SouthCarolina"
"12","31299.72","9535.47","2015-10-04 00:00:00","1.84","8541.06","722.63","12500.56","10505.17","1995.39","0","organic","Southeast"
"39","29745.23","14076.38","2015-03-29 00:00:00","1.84","7149.66","865.07","7654.12","7384.28","269.84","0","organic","Southeast"
"50","3762.18","1908.7","2015-01-11 00:00:00","1.84","1590.15","0","263.33","263.33","0","0","organic","StLouis"
"25","1014.02","1.24","2015-07-05 00:00:00","1.84","64.68","0","948.1","948.1","0","0","organic","Syracuse"
"34","2721.25","6.17","2015-05-03 00:00:00","1.84","101.63","0","2613.45","2613.45","0","0","organic","Syracuse"
"49","627.8","0","2015-01-18 00:00:00","1.84","151.46","0","476.34","476.34","0","0","organic","Syracuse"
"27","1346.16","915.05","2015-06-21 00:00:00","1.84","16.56","0","414.55","414.55","0","0","organic","Tampa"
"50","1258.62","814.13","2015-01-11 00:00:00","1.84","44.49","0","400","400","0","0","organic","Tampa"
"21","7977.11","2951.21","2015-07-26 00:00:00","1.84","3851.35","0","1174.55","960","214.55","0","organic","WestTexNewMexico"
"39","7771.97","2209.54","2015-03-22 00:00:00","1.84","3525.73","0","2036.7","2036.7","0","0","organic","WestTexNewMexico"
"49","5227.45","2279.53","2016-01-17 00:00:00","1.84","2471.83","0","476.09","203.33","272.76","0","organic","Atlanta"
"43","566.57","45.47","2016-02-28 00:00:00","1.84","514.08","0","7.02","0","7.02","0","organic","Boise"
"15","16980.59","39.64","2016-09-11 00:00:00","1.84","888.2","0","16052.75","16052.75","0","0","organic","Boston"
"14","139322.81","19979.78","2016-09-18 00:00:00","1.84","76879.66","3.11","42460.26","36711.51","5748.75","0","organic","California"
"17","71636.65","4850.25","2016-08-28 00:00:00","1.84","24189.84","1136.25","41460.31","41025.5","434.81","0","organic","Northeast"
"36","119446.75","6852.49","2016-04-17 00:00:00","1.84","28274.04","2138.19","82182.03","68444.04","13737.99","0","organic","Northeast"
"4","8724.65","46.37","2016-11-27 00:00:00","1.84","226.99","0","8451.29","8451.29","0","0","organic","NorthernNewEngland"
"7","12574.7","6.06","2016-11-06 00:00:00","1.84","335.57","0","12233.07","12233.07","0","0","organic","NorthernNewEngland"
"21","7013.82","3289.24","2016-07-31 00:00:00","1.84","134.58","0","3590","3543.33","46.67","0","organic","Orlando"
"19","11554.22","265.19","2016-08-14 00:00:00","1.84","5472.76","699.26","5117.01","4511.11","605.9","0","organic","RaleighGreensboro"
"7","140457.87","32388.45","2016-11-06 00:00:00","1.84","43773.59","89.29","64206.54","14689.35","49517.19","0","organic","West"
"21","16389.34","3381.02","2016-07-31 00:00:00","1.84","3234.02","28.27","9746.03","5696.67","4049.36","0","organic","WestTexNewMexico"
"32","3184.37","20.33","2017-05-21 00:00:00","1.84","385.05","0","2778.99","2778.99","0","0","organic","Albany"
"43","2228.14","241","2017-03-05 00:00:00","1.84","208.79","0","1778.35","1778.35","0","0","organic","Albany"
"50","1982.65","82.3","2017-01-15 00:00:00","1.84","328.02","0","1572.33","1572.33","0","0","organic","Albany"
"8","35881.7","1134.54","2017-11-05 00:00:00","1.84","8053.87","75.7","26617.59","26614.26","3.33","0","organic","BaltimoreWashington"
"13","31903.97","61.05","2017-10-01 00:00:00","1.84","25186.76","0","6656.16","6656.16","0","0","organic","Chicago"
"15","151888.89","3588.06","2017-09-17 00:00:00","1.84","43683.43","0","104460.38","81696.7","22763.68","0","organic","GreatLakes"
"35","142607.19","3777.12","2017-04-30 00:00:00","1.84","84783.68","0","54046.39","23231.28","30815.11","0","organic","GreatLakes"
"44","8615.54","618.55","2017-02-26 00:00:00","1.84","655.92","14.64","7326.43","7322.43","4","0","organic","HarrisburgScranton"
"12","23699.39","7124.21","2017-10-08 00:00:00","1.84","56.18","0","16519","16519","0","0","organic","Houston"
"9","3691.45","1.3","2017-10-29 00:00:00","1.84","740.67","0","2949.48","1739.58","1209.9","0","organic","Louisville"
"9","5595.86","32.98","2017-10-29 00:00:00","1.84","424.67","0","5138.21","4908.88","229.33","0","organic","MiamiFtLauderdale"
"11","174355","2928.11","2017-10-15 00:00:00","1.84","35554.07","556.45","135316.37","127686.14","7630.23","0","organic","Midsouth"
"19","7240","80.4","2017-08-20 00:00:00","1.84","2884.69","0","4274.91","1925","2349.91","0","organic","Nashville"
"2","75462.11","7786.02","2017-12-17 00:00:00","1.84","22015.68","96.31","45564.1","44572.56","991.54","0","organic","NewYork"
"6","204565.99","10459.16","2017-11-19 00:00:00","1.84","25861.92","114.95","168129.96","157175.48","10954.48","0","organic","Northeast"
"8","24687.17","0","2017-11-05 00:00:00","1.84","148.57","0","24538.6","20317.99","4220.61","0","organic","NorthernNewEngland"
"48","12789.12","3.82","2017-01-29 00:00:00","1.84","333.23","0","12452.07","12452.07","0","0","organic","NorthernNewEngland"
"21","10737.76","2862.01","2017-08-06 00:00:00","1.84","2743","0","5132.75","5095.53","37.22","0","organic","PhoenixTucson"
"25","11854.84","2378.75","2017-07-09 00:00:00","1.84","4376.29","0","5099.8","2688.05","2411.75","0","organic","PhoenixTucson"
"26","10106.75","649.11","2017-07-02 00:00:00","1.84","4909","127.57","4421.07","3123.96","1297.11","0","organic","RichmondNorfolk"
"12","7804.28","2487.05","2017-10-08 00:00:00","1.84","2762.42","0","2554.81","2551.48","3.33","0","organic","Sacramento"
"9","92281.1","1300.49","2017-10-29 00:00:00","1.84","15386.24","96.43","75497.94","58528.26","16969.68","0","organic","Southeast"
"43","1817.84","0","2017-03-05 00:00:00","1.84","380.92","0","1436.92","887.72","549.2","0","organic","Syracuse"
"45","2030.59","0","2017-02-19 00:00:00","1.84","257.11","0","1773.48","1021.7","751.78","0","organic","Syracuse"
"9","1123703.61","88668.95","2017-10-29 00:00:00","1.84","218858.34","1150.03","814723.26","718162","96481.09","80.17","organic","TotalUS"
"12","509215.79","37926.13","2016-10-02 00:00:00","1.83","311085.71","90495.41","69708.54","58004.41","530.52","11173.61","conventional","Chicago"
"7","173620.97","3070.78","2016-11-06 00:00:00","1.83","119662.41","161.73","50726.05","50160.37","565.68","0","conventional","HartfordSpringfield"
"8","254423.1","13468.37","2016-10-30 00:00:00","1.83","150271.02","701.32","89982.39","86874.6","3107.79","0","conventional","Philadelphia"
"11","58062.2","30892.83","2017-10-15 00:00:00","1.83","2910.65","5019.97","19238.75","13508.39","5695.44","34.92","conventional","Boise"
"12","103123.48","46870.14","2017-10-08 00:00:00","1.83","8224.8","765.87","47262.67","40288.38","6950.95","23.34","conventional","Columbus"
"35","157868.62","2008.8","2017-04-30 00:00:00","1.83","72819.17","33054.67","49985.98","36778.97","7109.08","6097.93","conventional","GrandRapids"
"14","2415482.04","458465.32","2017-09-24 00:00:00","1.83","895147.87","165462.95","896405.9","603851.22","258959.51","33595.17","conventional","GreatLakes"
"30","1335461.36","51740.89","2017-06-04 00:00:00","1.83","834879.59","3267.53","445573.35","345141.25","90033.49","10398.61","conventional","NewYork"
"18","277558.13","11729.61","2017-08-27 00:00:00","1.83","202013.68","1677.75","62137.09","19695.46","41491.63","950","conventional","NorthernNewEngland"
"14","263801.67","172557.9","2017-09-24 00:00:00","1.83","22851.75","114.09","68277.93","39067.53","29207.07","3.33","conventional","Orlando"
"15","378220.95","99284.19","2017-09-17 00:00:00","1.83","104444.53","12499.89","161992.34","91160.7","70070.11","761.53","conventional","Portland"
"12","314828.77","114286.86","2017-10-08 00:00:00","1.83","122377.33","21165.55","56999.03","52846.67","4152.36","0","conventional","SanDiego"
"30","650426.37","200052.18","2017-06-04 00:00:00","1.83","350369.35","6248.07","93756.77","89727.13","1108.81","2920.83","conventional","SanFrancisco"
"36","613563.9","178827.43","2017-04-23 00:00:00","1.83","347730.09","4219.92","82786.46","79196.1","550.08","3040.28","conventional","SanFrancisco"
"13","55420.33","13935.32","2017-10-01 00:00:00","1.83","20908.42","26.77","20549.82","13317.33","7186.61","45.88","conventional","Spokane"
"12","127591.09","50280.03","2017-10-08 00:00:00","1.83","6489.27","77.53","70744.26","51510.04","19224.32","9.9","conventional","StLouis"
"13","129576.56","53230.11","2017-10-01 00:00:00","1.83","6365.22","139.39","69841.84","48257.51","21570.51","13.82","conventional","StLouis"
"14","144890.83","55004.63","2017-09-24 00:00:00","1.83","7796.72","126.19","81963.29","58921.39","23031.97","9.93","conventional","StLouis"
"0","989.55","8.16","2015-12-27 00:00:00","1.83","88.59","0","892.8","892.8","0","0","organic","Albany"
"9","1161.9","49.27","2015-10-25 00:00:00","1.83","148.96","0","963.67","963.67","0","0","organic","Albany"
"47","1228.51","33.12","2015-02-01 00:00:00","1.83","99.36","0","1096.03","1096.03","0","0","organic","Albany"
"19","6627.48","1953.69","2015-08-16 00:00:00","1.83","3335.84","0","1337.95","1087.61","250.34","0","organic","Atlanta"
"27","5003.46","1804.59","2015-06-21 00:00:00","1.83","2660.93","0","537.94","0","537.94","0","organic","Atlanta"
"12","1802.83","11.69","2015-10-04 00:00:00","1.83","1456.26","0","334.88","0","334.88","0","organic","Boise"
"38","1701.31","6.35","2015-04-05 00:00:00","1.83","1216.07","0","478.89","296.67","182.22","0","organic","Boise"
"51","2192.13","8.66","2015-01-04 00:00:00","1.83","939.43","0","1244.04","1244.04","0","0","organic","Boston"
"26","3567.3","49.83","2015-06-28 00:00:00","1.83","125.23","0","3392.24","3388.91","3.33","0","organic","BuffaloRochester"
"28","3436.93","71.91","2015-06-14 00:00:00","1.83","137.92","0","3227.1","3227.1","0","0","organic","BuffaloRochester"
"36","2731.48","38.27","2015-04-19 00:00:00","1.83","156.12","0","2537.09","2537.09","0","0","organic","BuffaloRochester"
"39","1642.66","13.88","2015-03-29 00:00:00","1.83","128.39","0","1500.39","1500.39","0","0","organic","BuffaloRochester"
"44","10235.09","511.72","2015-02-22 00:00:00","1.83","8648.92","0","1074.45","1074.45","0","0","organic","Chicago"
"48","10951.51","711.63","2015-01-25 00:00:00","1.83","9515.44","0","724.44","724.44","0","0","organic","Chicago"
"42","8433.78","517.12","2015-03-08 00:00:00","1.83","6512.03","0","1404.63","1140","264.63","0","organic","Detroit"
"31","1417.63","10.03","2015-05-24 00:00:00","1.83","983.02","0","424.58","418.21","6.37","0","organic","GrandRapids"
"38","934.95","11.05","2015-04-05 00:00:00","1.83","617.23","0","306.67","306.67","0","0","organic","GrandRapids"
"28","3495.22","87.55","2015-06-14 00:00:00","1.83","165.22","10.76","3231.69","3231.69","0","0","organic","HarrisburgScranton"
"30","3046.57","91.11","2015-05-31 00:00:00","1.83","173.81","0","2781.65","2781.65","0","0","organic","HarrisburgScranton"
"50","1410.31","95.46","2015-01-11 00:00:00","1.83","921.79","0","393.06","357.75","35.31","0","organic","Indianapolis"
"1","1742.99","1078.97","2015-12-20 00:00:00","1.83","55.37","15.32","593.33","593.33","0","0","organic","Jacksonville"
"7","1746.27","1112.72","2015-11-08 00:00:00","1.83","34.38","9.17","590","590","0","0","organic","Jacksonville"
"22","2841.57","1275.61","2015-07-26 00:00:00","1.83","44.38","25.03","1496.55","1496.55","0","0","organic","Jacksonville"
"30","2053.94","1343.65","2015-05-31 00:00:00","1.83","17.59","22.28","670.42","670.42","0","0","organic","Jacksonville"
"31","2450.71","1521.36","2015-05-24 00:00:00","1.83","68.51","14.17","846.67","846.67","0","0","organic","Jacksonville"
"6","1155.99","2.54","2015-11-15 00:00:00","1.83","1014.34","0","139.11","106.67","32.44","0","organic","Louisville"
"39","2723.62","1818.87","2015-03-29 00:00:00","1.83","35.41","0","869.34","849.67","19.67","0","organic","MiamiFtLauderdale"
"41","43012.32","2925","2015-03-15 00:00:00","1.83","16559.95","26.02","23501.35","23398.38","102.97","0","organic","Northeast"
"51","7301.3","6.81","2015-01-04 00:00:00","1.83","630.24","0","6664.25","6664.25","0","0","organic","NorthernNewEngland"
"6","2903.44","1908.51","2015-11-15 00:00:00","1.83","44.94","0","949.99","946.66","3.33","0","organic","Orlando"
"7","3067.94","1987.03","2015-11-08 00:00:00","1.83","27.58","0","1053.33","1053.33","0","0","organic","Orlando"
"1","6900.94","719.56","2015-12-20 00:00:00","1.83","2853.84","522","2805.54","1195.09","1610.45","0","organic","Philadelphia"
"39","4310.34","382.81","2015-03-29 00:00:00","1.83","1310.14","17.23","2600.16","2600.16","0","0","organic","Philadelphia"
"43","3448.63","227.3","2015-03-01 00:00:00","1.83","1390.5","7.42","1823.41","1823.41","0","0","organic","Philadelphia"
"23","753.64","516.18","2015-07-19 00:00:00","1.83","46.15","0","191.31","153.33","37.98","0","organic","Pittsburgh"
"25","1383.67","751.58","2015-07-05 00:00:00","1.83","204.51","0","427.58","423.79","3.79","0","organic","Pittsburgh"
"27","5444.87","233.94","2015-06-21 00:00:00","1.83","3039.41","803.22","1368.3","1007.8","360.5","0","organic","RaleighGreensboro"
"3","5564.87","1256.25","2015-12-06 00:00:00","1.83","3763.92","0","544.7","541.37","3.33","0","organic","SanDiego"
"50","23690.65","10166.46","2015-01-11 00:00:00","1.83","4678.19","524.42","8321.58","8164.48","157.1","0","organic","Southeast"
"27","3485.49","2154.15","2015-06-21 00:00:00","1.83","1059.48","0","271.86","125.2","146.66","0","organic","StLouis"
"40","3795.21","1305.95","2015-03-22 00:00:00","1.83","2489.26","0","0","0","0","0","organic","StLouis"
"36","1062.54","3.46","2015-04-19 00:00:00","1.83","57.81","0","1001.27","1001.27","0","0","organic","Syracuse"
"15","135524.9","39528.09","2015-09-13 00:00:00","1.83","48060.97","51.1","47884.74","4197.01","43687.73","0","organic","West"
"16","147088.73","42937.96","2015-09-06 00:00:00","1.83","53808.76","33.63","50308.38","3184.13","47124.25","0","organic","West"
"33","2103.64","0","2016-05-08 00:00:00","1.83","536.2","0","1567.44","1567.44","0","0","organic","Albany"
"48","1506.87","23.39","2016-01-24 00:00:00","1.83","294.7","0","1188.78","1180.98","7.8","0","organic","Albany"
"50","1676.05","35.03","2016-01-10 00:00:00","1.83","329.33","0","1311.69","1311.69","0","0","organic","Albany"
"0","17061.38","802.28","2016-12-25 00:00:00","1.83","5202.23","232.29","10824.58","10821.11","3.47","0","organic","BaltimoreWashington"
"43","3584.6","290.68","2016-02-28 00:00:00","1.83","2007.09","559.81","727.02","727.02","0","0","organic","Charlotte"
"37","6966","93.75","2016-04-10 00:00:00","1.83","191.64","11.15","6669.46","5468.47","1200.99","0","organic","HarrisburgScranton"
"38","9154.93","238.58","2016-04-03 00:00:00","1.83","154.46","13.18","8748.71","7752.72","995.99","0","organic","HarrisburgScranton"
"39","8688.2","116.04","2016-03-27 00:00:00","1.83","116.04","17.93","8438.19","7986.91","451.28","0","organic","HarrisburgScranton"
"43","7183.79","169.67","2016-02-28 00:00:00","1.83","204.73","23.09","6786.3","3361.73","3424.57","0","organic","HarrisburgScranton"
"42","2650.6","1984.85","2016-03-06 00:00:00","1.83","111.88","17.21","536.66","533.33","3.33","0","organic","Jacksonville"
"5","6717.05","885.91","2016-11-20 00:00:00","1.83","2371.08","0","3460.06","3460.06","0","0","organic","LasVegas"
"47","24749.38","2126.26","2016-01-31 00:00:00","1.83","7493.14","1235.89","13894.09","3842.94","10051.15","0","organic","NewYork"
"1","6977.44","1652.6","2016-12-18 00:00:00","1.83","2712.82","0","2612.02","2609.34","2.68","0","organic","PhoenixTucson"
"2","8087.23","1880.06","2016-12-11 00:00:00","1.83","3240.23","0","2966.94","2915.48","51.46","0","organic","PhoenixTucson"
"8","13196.5","181.18","2016-10-30 00:00:00","1.83","5746.73","603.36","6665.23","6482.54","182.69","0","organic","RaleighGreensboro"
"16","14951.65","202.29","2016-09-04 00:00:00","1.83","5615.18","591.32","8542.86","7280.01","1262.85","0","organic","RaleighGreensboro"
"18","15042.9","392.74","2016-08-21 00:00:00","1.83","5555.08","665.32","8429.76","7972.64","457.12","0","organic","RaleighGreensboro"
"18","30611.93","5087.77","2016-08-21 00:00:00","1.83","14464.37","55.62","11004.17","10937.33","66.84","0","organic","Seattle"
"10","2160.64","99.83","2016-10-16 00:00:00","1.83","918.48","11.98","1130.35","4.44","1125.91","0","organic","Spokane"
"27","7924.1","2678.04","2016-06-19 00:00:00","1.83","2060.17","8.9","3176.99","3176.99","0","0","organic","StLouis"
"3","1687.32","0","2016-12-04 00:00:00","1.83","186.86","0","1500.46","1471.39","29.07","0","organic","Syracuse"
"1","25639.14","29.37","2017-12-24 00:00:00","1.83","1723.76","0","23886.01","23597.12","288.89","0","organic","Boston"
"9","34011.21","7.41","2017-10-29 00:00:00","1.83","1225.55","0","32778.25","32401.82","376.43","0","organic","Boston"
"1","9064.06","6.59","2017-12-24 00:00:00","1.83","3987.42","214.4","4855.65","4855.65","0","0","organic","Charlotte"
"24","43700.57","84.45","2017-07-16 00:00:00","1.83","35396.03","0","8192.12","8192.12","0","0","organic","Chicago"
"22","21925.58","8612.69","2017-07-30 00:00:00","1.83","1388.86","54.11","11869.92","11787.29","82.63","0","organic","Denver"
"23","16147.91","8533.77","2017-07-23 00:00:00","1.83","3419.39","214.84","3979.91","3899.04","78.36","2.51","organic","Denver"
"24","7653.26","3638.11","2017-07-16 00:00:00","1.83","1154.29","99.49","2761.37","1215.02","1546.35","0","organic","Denver"
"35","14530.73","582.47","2017-04-30 00:00:00","1.83","5993.76","0","7954.5","816.2","7138.3","0","organic","Detroit"
"47","8210.15","362.18","2017-02-05 00:00:00","1.83","140.49","6.18","7701.3","7677.16","24.14","0","organic","HarrisburgScranton"
"4","14089.35","288.44","2017-12-03 00:00:00","1.83","5155.12","1.39","8644.4","8644.4","0","0","organic","HartfordSpringfield"
"8","7034.87","1540.11","2017-11-05 00:00:00","1.83","1637.33","0","3857.43","3852.92","4.51","0","organic","LasVegas"
"10","7131.28","1255.39","2017-10-22 00:00:00","1.83","358.12","0","5517.77","5486.54","31.23","0","organic","LasVegas"
"0","69777.3","6476.19","2017-12-31 00:00:00","1.83","16996.47","134.7","46169.94","46167.94","2","0","organic","NewYork"
"29","15591.67","2.59","2017-06-11 00:00:00","1.83","304.24","0","15284.84","15284.84","0","0","organic","NorthernNewEngland"
"4","10324.49","1850.85","2017-12-03 00:00:00","1.83","1949.93","0","6523.71","6523.71","0","0","organic","PhoenixTucson"
"41","6478.95","251.2","2017-03-19 00:00:00","1.83","4806.55","342.44","1078.76","102.5","976.26","0","organic","RaleighGreensboro"
"13","7771.43","271.56","2017-10-01 00:00:00","1.83","1683.7","0","5816.17","4753.12","1063.05","0","organic","Roanoke"
"35","17826.5","1461.21","2017-04-30 00:00:00","1.83","10052.54","1.61","6311.14","5252.77","1058.37","0","organic","SanDiego"
"28","44487.33","1540.72","2017-06-18 00:00:00","1.83","14636.84","33.95","28275.82","302.04","27973.78","0","organic","Seattle"
"24","12087.77","69.9","2017-07-16 00:00:00","1.83","4666.74","116.89","7234.24","6789.03","445.21","0","organic","SouthCarolina"
"21","1059971.14","112592.04","2017-08-06 00:00:00","1.83","236015.15","1552.51","709619.31","598479.83","111139.48","0","organic","TotalUS"
"1","34809.9","20.31","2018-03-18 00:00:00","1.83","2456.48","0","32333.11","25094.65","7238.46","0","organic","Boston"
"5","27960.77","11.63","2018-02-18 00:00:00","1.83","1603.22","0","26345.92","22938.29","3407.63","0","organic","Boston"
"7","28934.01","9.14","2018-02-04 00:00:00","1.83","2504.27","3.66","26416.94","20660.94","5756","0","organic","Boston"
"5","12417.57","22.67","2018-02-18 00:00:00","1.83","5878.08","232.08","6284.74","5981.3","303.44","0","organic","Charlotte"
"11","41573.25","118.84","2018-01-07 00:00:00","1.83","29600.36","0","11854.05","11850.72","3.33","0","organic","Chicago"
"6","5216.61","165.47","2018-02-11 00:00:00","1.83","836.48","6.51","4208.15","2420.23","1787.92","0","organic","Jacksonville"
"7","93204.08","9300.64","2018-02-04 00:00:00","1.83","21428.22","814.47","61660.75","61516.19","144.56","0","organic","NewYork"
"3","9611.48","2391.35","2018-03-04 00:00:00","1.83","3880.13","0","3340","3340","0","0","organic","Sacramento"
"4","20171.93","1274.61","2018-02-25 00:00:00","1.83","13035.32","0","5862","5858.67","3.33","0","organic","SanDiego"
"1","45893.2","1490.12","2018-03-18 00:00:00","1.83","15816.48","32.34","28554.26","2763.22","25662.29","128.75","organic","Seattle"
"9","189317.99","27049.44","2018-01-21 00:00:00","1.83","33561.32","439.47","128267.76","76091.99","51947.5","228.27","organic","West"
"6","436710.91","34384.62","2016-11-13 00:00:00","1.82","265006.85","73021.81","64297.63","63465.65","593.89","238.09","conventional","Chicago"
"11","515146.04","40105.31","2016-10-09 00:00:00","1.82","314006.07","90031.8","71002.86","60216.05","968.89","9817.92","conventional","Chicago"
"6","184928.64","3119.08","2016-11-13 00:00:00","1.82","129123.05","107.47","52579.04","52391.67","187.37","0","conventional","HartfordSpringfield"
"10","208966.36","4396.67","2016-10-16 00:00:00","1.82","148210.67","239.04","56119.98","56021.42","98.56","0","conventional","HartfordSpringfield"
"11","673082.26","163264.54","2016-10-09 00:00:00","1.82","409307.88","9771.72","90738.12","89663.48","1055.05","19.59","conventional","SanFrancisco"
"14","234792.97","61575.52","2017-09-24 00:00:00","1.82","32561.28","24622.65","116033.52","100643.36","4399.41","10990.75","conventional","Detroit"
"14","130570.77","82615.31","2017-09-24 00:00:00","1.82","12009.49","64.82","35881.15","18592.21","17288.94","0","conventional","Jacksonville"
"28","1242160.85","55732.76","2017-06-18 00:00:00","1.82","765117.64","3600.65","417709.8","290382.6","113734.72","13592.48","conventional","NewYork"
"19","322962.89","5632.85","2017-08-20 00:00:00","1.82","242365.82","2441.56","72522.66","22942.48","46083.51","3496.67","conventional","NorthernNewEngland"
"14","354180.85","93965.86","2017-09-24 00:00:00","1.82","95406.48","13094.82","151713.69","93608.45","57417.88","687.36","conventional","Portland"
"19","331372.05","117500.89","2017-08-20 00:00:00","1.82","164389.32","4321.75","45160.09","41838.76","1275.43","2045.9","conventional","Sacramento"
"13","2755546.6","1532669.78","2017-10-01 00:00:00","1.82","403538.05","3143.68","816195.09","534947.07","281145.63","102.39","conventional","Southeast"
"12","56315.89","13845.14","2017-10-08 00:00:00","1.82","22168.16","38.94","20263.65","13676.09","6543.06","44.5","conventional","Spokane"
"44","1152.33","11.34","2015-02-22 00:00:00","1.82","31.76","0","1109.23","1109.23","0","0","organic","Albany"
"33","5067.95","1878","2015-05-10 00:00:00","1.82","2479.23","0","710.72","0","710.72","0","organic","Atlanta"
"48","1174.53","1.26","2015-01-25 00:00:00","1.82","858.4","0","314.87","133.33","181.54","0","organic","Boise"
"34","4123.17","20.35","2015-05-03 00:00:00","1.82","1934.87","0","2167.95","2167.95","0","0","organic","Boston"
"27","16136.49","655.45","2015-06-21 00:00:00","1.82","15171.04","0","310","310","0","0","organic","Chicago"
"43","11842.47","637.51","2015-03-01 00:00:00","1.82","9823.85","0","1381.11","1381.11","0","0","organic","Chicago"
"14","2435.16","511.87","2015-09-20 00:00:00","1.82","1610.65","0","312.64","53.78","258.86","0","organic","Columbus"
"45","7038.51","434.7","2015-02-15 00:00:00","1.82","5742.58","0","861.23","293.33","567.9","0","organic","Detroit"
"0","1754.98","1154.87","2015-12-27 00:00:00","1.82","45.01","28.43","526.67","526.67","0","0","organic","Jacksonville"
"8","2109.04","1331.43","2015-11-01 00:00:00","1.82","21.71","12.57","743.33","743.33","0","0","organic","Jacksonville"
"18","3056.14","1313.07","2015-08-23 00:00:00","1.82","55","25.21","1662.86","1662.86","0","0","organic","Jacksonville"
"34","2078.99","1314.35","2015-05-03 00:00:00","1.82","26.5","30.11","708.03","708.03","0","0","organic","Jacksonville"
"36","2076.77","1375.82","2015-04-19 00:00:00","1.82","35.37","13.42","652.16","652.16","0","0","organic","Jacksonville"
"45","1758.64","1079.86","2015-02-15 00:00:00","1.82","45.39","16.72","616.67","616.67","0","0","organic","Jacksonville"
"49","1403.1","846.65","2015-01-18 00:00:00","1.82","55.27","1.18","500","500","0","0","organic","Jacksonville"
"20","7773.81","4016.18","2015-08-09 00:00:00","1.82","3256.86","0","500.77","413.41","87.36","0","organic","LasVegas"
"0","862.59","9.98","2015-12-27 00:00:00","1.82","690.02","0","162.59","60","102.59","0","organic","Louisville"
"40","1755.09","1129.76","2015-03-22 00:00:00","1.82","24.07","0","601.26","590","11.26","0","organic","MiamiFtLauderdale"
"51","2288.44","1438.04","2015-01-04 00:00:00","1.82","53.73","0","796.67","796.67","0","0","organic","MiamiFtLauderdale"
"7","13935.65","3607.09","2015-11-08 00:00:00","1.82","9164.65","90.48","1073.43","242.37","831.06","0","organic","NewYork"
"12","53701.26","3251.95","2015-10-04 00:00:00","1.82","18185.35","108.53","32155.43","30619.08","1536.35","0","organic","Northeast"
"43","6940.73","5.63","2015-03-01 00:00:00","1.82","870.75","0","6064.35","6064.35","0","0","organic","NorthernNewEngland"
"44","6267.8","6.76","2015-02-22 00:00:00","1.82","873.74","0","5387.3","5387.3","0","0","organic","NorthernNewEngland"
"25","2529.35","1659.51","2015-07-05 00:00:00","1.82","16.91","0","852.93","810","42.93","0","organic","Orlando"
"34","2498.36","1559.49","2015-05-03 00:00:00","1.82","48.87","0","890","890","0","0","organic","Orlando"
"38","2405.02","1494.07","2015-04-05 00:00:00","1.82","62.1","0","848.85","848.85","0","0","organic","Orlando"
"41","2478.71","1548.1","2015-03-15 00:00:00","1.82","33.94","0","896.67","896.67","0","0","organic","Orlando"
"48","1925.46","1174.98","2015-01-25 00:00:00","1.82","53.81","0","696.67","696.67","0","0","organic","Orlando"
"48","2888.62","235.21","2015-01-25 00:00:00","1.82","1358.88","22.7","1271.83","1271.83","0","0","organic","Philadelphia"
"20","10066.22","7476.75","2015-08-09 00:00:00","1.82","1473.42","0","1116.05","880","236.05","0","organic","PhoenixTucson"
"24","8064.16","5715.78","2015-07-12 00:00:00","1.82","1462.53","0","885.85","746.67","139.18","0","organic","PhoenixTucson"
"50","1663.25","767.08","2015-01-11 00:00:00","1.82","328.49","0","567.68","564.2","3.48","0","organic","Pittsburgh"
"2","24664.21","3395.15","2015-12-13 00:00:00","1.82","13189.18","1592.19","6487.69","4488.01","1999.68","0","organic","Plains"
"4","23344.7","3959.16","2015-11-29 00:00:00","1.82","12315.78","28.42","7041.34","4404.5","2636.84","0","organic","Plains"
"11","28422.94","3143.11","2015-10-11 00:00:00","1.82","15072.15","41.32","10166.36","6460.34","3706.02","0","organic","Plains"
"37","31363.93","3059.06","2015-04-12 00:00:00","1.82","17207.03","9.2","11088.64","8861.94","2226.7","0","organic","Plains"
"24","24707.16","9115.52","2015-07-12 00:00:00","1.82","12902.48","4.98","2684.18","0","2684.18","0","organic","Portland"
"31","22950.59","7408.52","2015-05-24 00:00:00","1.82","14746.61","3.33","792.13","0","792.13","0","organic","Portland"
"3","3494.91","146.52","2015-12-06 00:00:00","1.82","2097","419.63","831.76","798.35","33.41","0","organic","RaleighGreensboro"
"20","7429.61","50.34","2015-08-09 00:00:00","1.82","3879.39","1022.13","2477.75","2344.6","133.15","0","organic","RaleighGreensboro"
"25","6774.43","136.82","2015-07-05 00:00:00","1.82","2955.8","1021.45","2660.36","2200.97","459.39","0","organic","RaleighGreensboro"
"27","9753.85","5107.53","2015-06-21 00:00:00","1.82","4488.96","0","157.36","157.36","0","0","organic","Sacramento"
"7","8902.22","1234.41","2015-11-08 00:00:00","1.82","7001.62","0","666.19","499.65","166.54","0","organic","SanDiego"
"11","7472.6","2112.25","2015-10-11 00:00:00","1.82","4869.08","0","491.27","491.27","0","0","organic","SanDiego"
"19","9064.11","2762.8","2015-08-16 00:00:00","1.82","5555.73","0","745.58","745.58","0","0","organic","SanDiego"
"20","8902.03","2628.99","2015-08-09 00:00:00","1.82","5592.09","0","680.95","680.95","0","0","organic","SanDiego"
"6","3595.26","575.95","2015-11-15 00:00:00","1.82","1273.05","373.74","1372.52","1366.03","6.49","0","organic","SouthCarolina"
"37","29548.36","12145.45","2015-04-12 00:00:00","1.82","11195.55","992.48","5214.88","4845.77","369.11","0","organic","Southeast"
"45","4234.28","1691.45","2015-02-15 00:00:00","1.82","2272.83","0","270","270","0","0","organic","StLouis"
"39","753.78","0","2015-03-29 00:00:00","1.82","126.65","0","627.13","627.13","0","0","organic","Syracuse"
"40","6046.98","1732.58","2015-03-15 00:00:00","1.82","2997.73","0","1316.67","1316.67","0","0","organic","WestTexNewMexico"
"36","2058.73","0","2016-04-17 00:00:00","1.82","374.18","0","1684.55","1684.55","0","0","organic","Albany"
"45","14927.44","625.56","2016-02-14 00:00:00","1.82","7940.04","269.05","6092.79","3703.26","2389.53","0","organic","BaltimoreWashington"
"19","9721.49","409.36","2016-08-14 00:00:00","1.82","4531.35","1158.28","3622.5","3602.5","20","0","organic","Charlotte"
"46","3529.44","385.1","2016-02-07 00:00:00","1.82","1740.65","640.36","763.33","763.33","0","0","organic","Charlotte"
"14","1285.58","60.51","2016-09-18 00:00:00","1.82","581.74","0","643.33","630","13.33","0","organic","GrandRapids"
"23","1222.54","345.52","2016-07-17 00:00:00","1.82","308.85","0","568.17","513.33","54.84","0","organic","GrandRapids"
"1","6655.29","325.22","2016-12-18 00:00:00","1.82","257.46","4.28","6068.33","6034.87","33.46","0","organic","HarrisburgScranton"
"8","4036.39","252.91","2016-10-30 00:00:00","1.82","202.95","16.24","3564.29","3529.6","34.69","0","organic","HarrisburgScranton"
"8","2038.12","1.27","2016-10-30 00:00:00","1.82","1696.28","0","340.57","196.67","143.9","0","organic","Louisville"
"48","89368.59","3749.98","2016-01-24 00:00:00","1.82","17193.46","1928.6","66496.55","42409.9","24086.65","0","organic","Northeast"
"24","13993.22","6134.5","2016-07-10 00:00:00","1.82","4632.45","0","3226.27","420.59","2805.68","0","organic","PhoenixTucson"
"19","53866.63","5829.03","2016-08-14 00:00:00","1.82","22762.76","4411.5","20863.34","10714.01","10149.33","0","organic","Plains"
"42","4095.43","1975.45","2016-03-06 00:00:00","1.82","548.25","1.74","1569.99","20","1549.99","0","organic","StLouis"
"18","144812.23","43598.18","2016-08-21 00:00:00","1.82","50611.87","104.26","50497.92","31310.25","19187.67","0","organic","West"
"3","9895.04","819.39","2016-12-04 00:00:00","1.82","2435.34","19.99","6620.32","6533.87","86.45","0","organic","WestTexNewMexico"
"16","14809.52","3062.97","2016-09-04 00:00:00","1.82","3324.14","0","8422.41","4847.6","3574.81","0","organic","WestTexNewMexico"
"49","1897.07","78.83","2017-01-22 00:00:00","1.82","128.24","0","1690","1690","0","0","organic","Albany"
"18","41523.58","4097.95","2017-08-27 00:00:00","1.82","8674.09","66.86","28684.68","28684.68","0","0","organic","BaltimoreWashington"
"50","20759.34","1359.33","2017-01-15 00:00:00","1.82","8445.66","294.96","10659.39","10651.09","8.3","0","organic","BaltimoreWashington"
"2","24904.99","12.88","2017-12-17 00:00:00","1.82","1538.66","0","23353.45","19173.91","4179.54","0","organic","Boston"
"1","138506.44","25276.34","2017-12-24 00:00:00","1.82","58176.83","0","55053.27","54984.78","68.49","0","organic","California"
"23","26748.23","364.87","2017-07-23 00:00:00","1.82","11735.45","0","14543.55","1647.58","12895.97","0","organic","CincinnatiDayton"
"24","22784.26","201.83","2017-07-16 00:00:00","1.82","5849.35","0","16507.04","2066.65","14440.39","0","organic","CincinnatiDayton"
"12","18553.99","552.98","2017-10-08 00:00:00","1.82","3869.45","1.42","14053.35","14007.66","45.69","0","organic","Detroit"
"16","148357.84","3861.68","2017-09-10 00:00:00","1.82","42215.34","0","102115.35","81205.15","20910.2","0","organic","GreatLakes"
"17","157087.22","3819.64","2017-09-03 00:00:00","1.82","33363.97","12.96","119674.06","86092.86","33581.2","0","organic","GreatLakes"
"14","19611.69","122.01","2017-09-24 00:00:00","1.82","3577.52","0","15912.16","15912.16","0","0","organic","HartfordSpringfield"
"8","20153.54","5256.51","2017-11-05 00:00:00","1.82","49.26","0","14847.77","14847.77","0","0","organic","Houston"
"9","22367.66","5552.59","2017-10-29 00:00:00","1.82","163.01","0","16652.06","16652.06","0","0","organic","Houston"
"10","23190.15","5592.53","2017-10-22 00:00:00","1.82","28.86","0","17568.76","17568.76","0","0","organic","Houston"
"11","27406.16","7026.42","2017-10-15 00:00:00","1.82","70.66","0","20309.08","20309.08","0","0","organic","Houston"
"25","11229.95","1693.33","2017-07-09 00:00:00","1.82","4245.64","0","5290.98","4986.88","304.1","0","organic","LasVegas"
"10","4195.97","9.09","2017-10-22 00:00:00","1.82","1048.94","0","3137.94","1733.01","1404.93","0","organic","Louisville"
"6","108987.74","2266.66","2017-11-19 00:00:00","1.82","33847.74","487.56","72385.78","70589.95","1795.83","0","organic","Midsouth"
"7","131020.52","2436.31","2017-11-12 00:00:00","1.82","32888.12","627.22","95065.94","89571.58","5494.36","0","organic","Midsouth"
"8","239371.8","10655.06","2017-11-05 00:00:00","1.82","27191.48","115.51","201409.75","193133.43","8276.32","0","organic","Northeast"
"44","182655.98","22185.72","2017-02-26 00:00:00","1.82","70918.22","161.59","89390.45","86833.66","2556.79","0","organic","Northeast"
"37","15495.62","87.32","2017-04-16 00:00:00","1.82","240.12","0","15168.18","15168.18","0","0","organic","NorthernNewEngland"
"39","13640.21","128.73","2017-04-02 00:00:00","1.82","364.3","0","13147.18","13147.18","0","0","organic","NorthernNewEngland"
"0","6063.44","164.98","2017-12-31 00:00:00","1.82","1018.93","0","4879.53","4136.67","742.86","0","organic","Orlando"
"21","4035.77","115.65","2017-08-06 00:00:00","1.82","823.15","0","3096.97","3096.97","0","0","organic","Orlando"
"41","25480.51","7444.63","2017-03-19 00:00:00","1.82","11899.72","5.53","6130.63","5945.91","184.72","0","organic","Philadelphia"
"15","12009.4","3712.48","2017-09-17 00:00:00","1.82","307.14","0","7989.78","7976.99","12.79","0","organic","PhoenixTucson"
"34","12366.01","4943.78","2017-05-07 00:00:00","1.82","4878.07","0","2544.16","693.23","1850.93","0","organic","PhoenixTucson"
"24","64457.41","3175.66","2017-07-16 00:00:00","1.82","24288.09","28.46","36912.55","25384.46","11528.09","0","organic","Plains"
"1","15276.68","849.59","2017-12-24 00:00:00","1.82","9042.84","0","5384.25","5384.25","0","0","organic","SanDiego"
"50","11578.42","2529.2","2017-01-15 00:00:00","1.82","7637.66","0","1411.56","993.41","418.15","0","organic","SanDiego"
"26","14824.81","218.66","2017-07-02 00:00:00","1.82","5553.97","171.9","8880.28","7340.9","1539.38","0","organic","SouthCarolina"
"30","77032.09","12332.67","2017-06-04 00:00:00","1.82","16277.88","208.25","48213.29","30135.45","18077.84","0","organic","Southeast"
"0","2468.87","251.57","2017-12-31 00:00:00","1.82","692.89","0","1524.41","426.67","1097.74","0","organic","Spokane"
"7","5441.77","50.87","2017-11-12 00:00:00","1.82","533.78","0","4857.12","4800","57.12","0","organic","Tampa"
"8","1068530.09","88073.16","2017-11-05 00:00:00","1.82","244925.18","1059.63","733972.36","648557.69","85378.96","35.71","organic","TotalUS"
"10","1180823.79","89301.75","2017-10-22 00:00:00","1.82","229689.25","1309.82","860336.8","767148.14","93130.75","57.91","organic","TotalUS"
"4","2430.16","69.78","2018-02-25 00:00:00","1.82","745.69","0","1614.69","472.96","1141.73","0","organic","Boise"
"5","2275.91","72.52","2018-02-18 00:00:00","1.82","810.01","0","1393.38","725.39","667.99","0","organic","Boise"
"9","26704.98","60.87","2018-01-21 00:00:00","1.82","2647.48","0","23996.63","21985.03","2011.6","0","organic","Boston"
"4","179041.72","28991.22","2018-02-25 00:00:00","1.82","83730.03","0","66320.47","66273.89","46.58","0","organic","California"
"9","36688.67","83.93","2018-01-21 00:00:00","1.82","28134.16","0","8470.58","8470.58","0","0","organic","Chicago"
"10","20964.96","3966.9","2018-01-14 00:00:00","1.82","4441.29","0","12556.77","1364.14","11187.07","5.56","organic","Portland"
"0","8210.37","1426.49","2018-03-25 00:00:00","1.82","2452.5","0","4331.38","3427.78","903.6","0","organic","StLouis"
"10","207999.67","33869.12","2018-01-14 00:00:00","1.82","47435.14","433.52","126261.89","89115.78","37133.99","12.12","organic","West"
"8","180113.35","2704.79","2016-10-30 00:00:00","1.81","130995.75","191.97","46220.84","46140.97","79.87","0","conventional","HartfordSpringfield"
"17","457862","10210.08","2017-09-03 00:00:00","1.81","333916.08","1478.63","112257.21","83323.67","27043.54","1890","conventional","Boston"
"11","182274.57","6137.38","2017-10-15 00:00:00","1.81","59691.71","574.34","115871.14","21562.09","94257.73","51.32","conventional","CincinnatiDayton"
"16","2589499.71","441483.65","2017-09-10 00:00:00","1.81","913391.31","215802.18","1018822.57","687077.09","288380.16","43365.32","conventional","GreatLakes"
"30","288516.73","10922.08","2017-06-04 00:00:00","1.81","216912.96","148.68","60533.01","59149.95","0","1383.06","conventional","HartfordSpringfield"
"16","362581.9","266569.88","2017-09-10 00:00:00","1.81","34078.89","155.17","61777.96","34614.01","23940.62","3223.33","conventional","MiamiFtLauderdale"
"18","1100987.66","73400.68","2017-08-27 00:00:00","1.81","639876.64","702.96","387007.38","358843.51","13593.87","14570","conventional","NewYork"
"12","1248620.9","579778.92","2017-10-08 00:00:00","1.81","278087.93","5387.88","385366.17","285269.57","100043.45","53.15","conventional","Plains"
"15","648318.59","129172.57","2017-09-17 00:00:00","1.81","428254.49","3490.1","87401.43","86891.91","163.49","346.03","conventional","SanFrancisco"
"20","438236.06","108558.45","2017-08-13 00:00:00","1.81","159897.73","558.27","169221.61","104087.06","64712.1","422.45","conventional","Seattle"
"45","1182.3","22.74","2015-02-15 00:00:00","1.81","83.02","0","1076.54","1076.54","0","0","organic","Albany"
"23","8669.79","2230.7","2015-07-19 00:00:00","1.81","2168.87","649.81","3620.41","3620.41","0","0","organic","BaltimoreWashington"
"34","3647.7","63.02","2015-05-03 00:00:00","1.81","168.13","0","3416.55","3416.55","0","0","organic","BuffaloRochester"
"45","10575.65","948.53","2015-02-15 00:00:00","1.81","8233.79","0","1393.33","1393.33","0","0","organic","Chicago"
"49","12499.87","1154.81","2015-01-18 00:00:00","1.81","10830.61","0","514.45","514.45","0","0","organic","Chicago"
"4","5837.79","1437.86","2015-11-29 00:00:00","1.81","3895.14","0","504.79","163.33","341.46","0","organic","Detroit"
"12","7271.25","1373.43","2015-10-04 00:00:00","1.81","5026.38","0","871.44","533.33","338.11","0","organic","Detroit"
"15","8304.32","1800.82","2015-09-13 00:00:00","1.81","5478.4","0","1025.1","366.67","658.43","0","organic","Detroit"
"35","3339.18","23.42","2015-04-26 00:00:00","1.81","97.81","0","3217.95","3217.95","0","0","organic","HarrisburgScranton"
"39","1169.48","50.73","2015-03-29 00:00:00","1.81","812.75","0","306","225.84","80.16","0","organic","Indianapolis"
"33","2281.85","1296.22","2015-05-10 00:00:00","1.81","45.46","33.5","906.67","906.67","0","0","organic","Jacksonville"
"38","1885.9","1209.53","2015-04-05 00:00:00","1.81","64.62","48.77","562.98","557.56","5.42","0","organic","Jacksonville"
"42","2221.57","1300.23","2015-03-08 00:00:00","1.81","53.2","18.14","850","850","0","0","organic","Jacksonville"
"51","1381.31","803.33","2015-01-04 00:00:00","1.81","47.67","6.98","523.33","523.33","0","0","organic","Jacksonville"
"28","2017.29","1278.78","2015-06-14 00:00:00","1.81","13.6","0","724.91","724.91","0","0","organic","MiamiFtLauderdale"
"37","1877.52","1456.1","2015-04-12 00:00:00","1.81","35.22","0","386.2","386.2","0","0","organic","MiamiFtLauderdale"
"49","3118.58","188.44","2015-01-18 00:00:00","1.81","1951.63","86.02","892.49","773.33","119.16","0","organic","Nashville"
"41","16570.75","1525.25","2015-03-15 00:00:00","1.81","9190.36","0","5855.14","5855.14","0","0","organic","NewYork"
"37","69377.2","6165.15","2015-04-12 00:00:00","1.81","22584.41","27.38","40600.26","40303.57","296.69","0","organic","Northeast"
"29","2834.45","1715.44","2015-06-07 00:00:00","1.81","45.68","0","1073.33","1073.33","0","0","organic","Orlando"
"31","2640.04","1582.32","2015-05-24 00:00:00","1.81","41.05","0","1016.67","1016.67","0","0","organic","Orlando"
"38","4382.72","390.07","2015-04-05 00:00:00","1.81","1248.73","26.69","2717.23","2717.23","0","0","organic","Philadelphia"
"18","10004.86","7394.34","2015-08-23 00:00:00","1.81","1347.23","0","1263.29","796.67","466.62","0","organic","PhoenixTucson"
"24","1279.45","695.61","2015-07-12 00:00:00","1.81","126.26","0","457.58","457.58","0","0","organic","Pittsburgh"
"51","1339.36","754","2015-01-04 00:00:00","1.81","124.33","0","461.03","447.01","14.02","0","organic","Pittsburgh"
"38","36535.72","3534.09","2015-04-05 00:00:00","1.81","18648.77","48.2","14304.66","12419.92","1884.74","0","organic","Plains"
"2","3270.51","240.87","2015-12-13 00:00:00","1.81","2033.23","379.06","617.35","570","47.35","0","organic","RaleighGreensboro"
"13","6250.05","78.13","2015-09-27 00:00:00","1.81","2446.9","686.6","3038.42","2796.4","242.02","0","organic","RaleighGreensboro"
"28","10339.48","4885.46","2015-06-14 00:00:00","1.81","5256.1","0","197.92","197.92","0","0","organic","Sacramento"
"15","10361.87","3295.36","2015-09-13 00:00:00","1.81","6467.03","0","599.48","596.15","3.33","0","organic","SanDiego"
"24","9760.46","3360.92","2015-07-12 00:00:00","1.81","5927.1","0","472.44","472.44","0","0","organic","SanDiego"
"32","33553.42","10837.14","2015-05-17 00:00:00","1.81","18774.47","11.92","3929.89","0","3929.89","0","organic","Seattle"
"22","3851.22","825.68","2015-07-26 00:00:00","1.81","1299.64","416.03","1309.87","775.67","534.2","0","organic","SouthCarolina"
"5","23612","9892.99","2015-11-22 00:00:00","1.81","6161.04","574.58","6983.39","6649.37","334.02","0","organic","Southeast"
"30","29247.9","12021.01","2015-05-31 00:00:00","1.81","6624.46","808.5","9793.93","8480.37","1313.56","0","organic","Southeast"
"48","23809.3","9855.11","2015-01-25 00:00:00","1.81","3187.02","612.99","10154.18","9640","514.18","0","organic","Southeast"
"41","3409.93","1321.89","2015-03-15 00:00:00","1.81","2068.04","0","20","20","0","0","organic","StLouis"
"30","2520.87","0","2015-05-31 00:00:00","1.81","122.82","0","2398.05","2398.05","0","0","organic","Syracuse"
"26","2098.65","1325.09","2015-06-28 00:00:00","1.81","3.56","0","770","770","0","0","organic","Tampa"
"21","160585.07","67553.3","2015-08-02 00:00:00","1.81","54445.94","90.26","38495.57","3645.87","34849.7","0","organic","West"
"24","161657.89","64133.84","2015-07-12 00:00:00","1.81","62394.38","82.03","35047.64","6307","28740.64","0","organic","West"
"0","7155.63","1478.79","2015-12-27 00:00:00","1.81","2629.64","14.1","3033.1","2855.55","177.55","0","organic","WestTexNewMexico"
"45","1247.8","50.84","2016-02-14 00:00:00","1.81","263.65","0","933.31","933.31","0","0","organic","Albany"
"46","1252.86","33.15","2016-02-07 00:00:00","1.81","254.56","0","965.15","962.52","2.63","0","organic","Albany"
"9","17434.69","368.26","2016-10-23 00:00:00","1.81","12887.66","756.29","3422.48","3407.08","15.4","0","organic","BaltimoreWashington"
"2","3303.41","24.27","2016-12-11 00:00:00","1.81","516.63","0","2762.51","2758.46","4.05","0","organic","BuffaloRochester"
"47","4647.71","0","2016-01-31 00:00:00","1.81","226.88","0","4420.83","2749.9","1670.93","0","organic","BuffaloRochester"
"16","8582.19","205.09","2016-09-04 00:00:00","1.81","4068.91","881.26","3426.93","3416.93","10","0","organic","Charlotte"
"24","5664.83","312.85","2016-07-10 00:00:00","1.81","2726.58","991.27","1634.13","1614.13","20","0","organic","Charlotte"
"44","3521.87","315.14","2016-02-21 00:00:00","1.81","1836.82","556.58","813.33","813.33","0","0","organic","Charlotte"
"8","23733.43","21484.74","2016-10-30 00:00:00","1.81","2146.97","15.05","86.67","0","86.67","0","organic","Denver"
"0","8656.11","257.75","2016-12-25 00:00:00","1.81","163.34","19.81","8215.21","8215.21","0","0","organic","HarrisburgScranton"
"25","7342.95","290.67","2016-07-03 00:00:00","1.81","289.24","308.49","6454.55","5908.2","546.35","0","organic","HarrisburgScranton"
"31","8511.92","402.74","2016-05-22 00:00:00","1.81","145.32","20.24","7943.62","7642.22","301.4","0","organic","HarrisburgScranton"
"7","4057.85","203.83","2016-11-06 00:00:00","1.81","1663.45","0","2190.57","1264.44","926.13","0","organic","Indianapolis"
"13","1727.77","0","2016-09-25 00:00:00","1.81","1385.64","0","342.13","263.34","78.79","0","organic","Louisville"
"31","134280.15","7554.76","2016-05-22 00:00:00","1.81","34676.98","2269.99","89778.42","80740.1","9038.32","0","organic","Northeast"
"5","9539.41","20.66","2016-11-20 00:00:00","1.81","244.29","0","9274.46","9274.46","0","0","organic","NorthernNewEngland"
"22","8411.92","3787.14","2016-07-24 00:00:00","1.81","211.45","0","4413.33","4380","33.33","0","organic","Orlando"
"38","13620.12","831.22","2016-04-03 00:00:00","1.81","3207.79","8.42","9572.69","8652.98","919.71","0","organic","Philadelphia"
"48","11722.26","372.43","2016-01-24 00:00:00","1.81","2325.54","5.97","9018.32","1264.47","7753.85","0","organic","Philadelphia"
"20","52811.38","5184.94","2016-08-07 00:00:00","1.81","21425.91","2732.05","23468.48","14422.61","9045.87","0","organic","Plains"
"13","12807.68","226.31","2016-09-25 00:00:00","1.81","4839.49","424.31","7317.57","6302.22","1015.35","0","organic","RaleighGreensboro"
"20","31464.7","4368.95","2016-08-07 00:00:00","1.81","14319.95","56.74","12719.06","4920.92","7798.14","0","organic","Seattle"
"13","7733.79","632.05","2016-09-25 00:00:00","1.81","3622.72","306.81","3172.21","2172.34","999.87","0","organic","SouthCarolina"
"13","41398.38","7769.08","2016-09-25 00:00:00","1.81","14549.87","420.84","18658.59","7449.41","11209.18","0","organic","Southeast"
"6","892.02","0","2016-11-13 00:00:00","1.81","67.8","0","824.22","824.22","0","0","organic","Syracuse"
"6","160864.58","27341.41","2016-11-13 00:00:00","1.81","52348.72","72.26","81102.19","34945.74","46156.45","0","organic","West"
"52","5342.85","956.73","2017-01-01 00:00:00","1.81","2862.95","0","1523.17","5.55","1517.62","0","organic","Atlanta"
"7","33641.31","823.07","2017-11-12 00:00:00","1.81","7144.26","105.89","25568.09","25558.09","10","0","organic","BaltimoreWashington"
"9","37155.43","986.73","2017-10-29 00:00:00","1.81","9121.99","99.38","26947.33","26934","13.33","0","organic","BaltimoreWashington"
"45","21623.61","1775.21","2017-02-19 00:00:00","1.81","10428.06","261.83","9158.51","9074.7","83.81","0","organic","BaltimoreWashington"
"5","21588.38","28.43","2017-11-26 00:00:00","1.81","1098.3","0","20461.65","19514.31","947.34","0","organic","Boston"
"6","26149.55","3.65","2017-11-19 00:00:00","1.81","1261.2","0","24884.7","21415.53","3469.17","0","organic","Boston"
"46","3594.59","0","2017-02-12 00:00:00","1.81","369.57","0","3225.02","1950.9","1274.12","0","organic","BuffaloRochester"
"47","5750.39","6.11","2017-02-05 00:00:00","1.81","258.24","0","5486.04","3200.6","2285.44","0","organic","BuffaloRochester"
"4","125973.2","23983.71","2017-12-03 00:00:00","1.81","47847.46","0","54142.03","54089.5","52.53","0","organic","California"
"1","32444.19","324.23","2017-12-24 00:00:00","1.81","21629.94","0","10490.02","10483.35","6.67","0","organic","Chicago"
"51","28099.34","70.76","2017-01-08 00:00:00","1.81","23893.31","0","4135.27","4135.27","0","0","organic","Chicago"
"11","10382.51","258.44","2017-10-15 00:00:00","1.81","4239.94","0","5884.13","5540.93","343.2","0","organic","CincinnatiDayton"
"16","24831.19","8554.15","2017-09-10 00:00:00","1.81","657.97","0","15619.07","15605.74","13.33","0","organic","DallasFtWorth"
"17","23372.37","8362.93","2017-09-03 00:00:00","1.81","686.97","0","14322.47","14294.15","28.32","0","organic","DallasFtWorth"
"34","14463.73","649.49","2017-05-07 00:00:00","1.81","5629.42","0","8184.82","441.48","7743.34","0","organic","Detroit"
"46","9010.53","414.62","2017-02-12 00:00:00","1.81","205.85","11.55","8378.51","8333.9","44.61","0","organic","HarrisburgScranton"
"3","13690.78","77.91","2017-12-10 00:00:00","1.81","3133.36","5.58","10473.93","10446.04","27.89","0","organic","HartfordSpringfield"
"11","16619.7","60.56","2017-10-15 00:00:00","1.81","2147.55","4.22","14407.37","14397.99","9.38","0","organic","HartfordSpringfield"
"4","95299.69","14732.14","2017-12-03 00:00:00","1.81","35839.64","73.33","44654.58","43868.01","786.57","0","organic","NewYork"
"43","121542.09","20888.73","2017-03-05 00:00:00","1.81","66846.19","235.43","33571.74","33382.77","188.97","0","organic","NewYork"
"7","231677.48","11004.36","2017-11-12 00:00:00","1.81","27532.26","161.34","192979.52","176295.77","16683.75","0","organic","Northeast"
"47","160843.63","11663.51","2017-02-05 00:00:00","1.81","37623.06","244.75","111312.31","101921.32","9390.99","0","organic","Northeast"
"45","5205.8","1560.07","2017-02-19 00:00:00","1.81","150.65","0","3495.08","1844.03","1651.05","0","organic","Orlando"
"14","12410.32","3328.26","2017-09-24 00:00:00","1.81","270.47","0","8811.59","8808.26","3.33","0","organic","PhoenixTucson"
"25","11717.1","720.65","2017-07-09 00:00:00","1.81","5308.78","142.87","5544.8","3341.86","2202.94","0","organic","RichmondNorfolk"
"21","7240.03","282.29","2017-08-06 00:00:00","1.81","2012.36","0","4945.38","3799.45","1145.93","0","organic","Roanoke"
"33","5838.07","230.45","2017-05-14 00:00:00","1.81","2146.33","0","3461.29","2915.88","545.41","0","organic","Roanoke"
"7","6581.85","2473.4","2017-11-12 00:00:00","1.81","2399.57","0","1708.88","1708.88","0","0","organic","Sacramento"
"10","8059.52","2679.07","2017-10-22 00:00:00","1.81","2828.24","0","2552.21","2548.88","3.33","0","organic","Sacramento"
"23","12851.13","92.72","2017-07-23 00:00:00","1.81","4559.49","113.74","8085.18","7206.04","879.14","0","organic","SouthCarolina"
"18","125183.67","36270.97","2017-08-27 00:00:00","1.81","4496.79","0","84415.91","82658.23","1757.68","0","organic","SouthCentral"
"31","84319.76","11588.66","2017-05-28 00:00:00","1.81","17819.29","279.21","54632.6","29944.08","24688.52","0","organic","Southeast"
"4","6102.5","804.3","2017-12-03 00:00:00","1.81","1175.92","0","4122.28","1492.22","2630.06","0","organic","StLouis"
"45","4237.44","1110.93","2017-02-19 00:00:00","1.81","42.82","0","3083.69","2205.56","878.13","0","organic","Tampa"
"7","1044591.43","93312.94","2017-11-12 00:00:00","1.81","217612.9","1074.64","732279.99","643083.53","89180.07","16.39","organic","TotalUS"
"10","15424.38","2207.98","2017-10-22 00:00:00","1.81","3361.12","14.39","9840.89","9703.2","137.69","0","organic","WestTexNewMexico"
"0","3119.2","76.12","2018-03-25 00:00:00","1.81","1006.43","0","2036.65","618.64","1418.01","0","organic","Boise"
"9","2446.13","41.05","2018-01-21 00:00:00","1.81","577.32","0","1827.76","284.43","1541.86","1.47","organic","Boise"
"10","2130.13","51.93","2018-01-14 00:00:00","1.81","802.89","0","1275.31","350.29","925.02","0","organic","Boise"
"7","17454.74","1158.41","2018-02-04 00:00:00","1.81","7388.27","0","8908.06","8908.06","0","0","organic","SanDiego"
"10","21770.02","3285.98","2018-01-14 00:00:00","1.81","14338.52","0","4145.52","4145.52","0","0","organic","SanDiego"
"7","537945.82","61458.87","2016-11-06 00:00:00","1.8","284547.34","41286.91","150652.7","149603.88","1048.82","0","conventional","BaltimoreWashington"
"10","523682.5","52200.02","2016-10-16 00:00:00","1.8","324240.53","75841.97","71399.98","61522.13","1047.85","8830","conventional","Chicago"
"13","553863.82","40600.81","2016-09-25 00:00:00","1.8","337874.13","98808.73","76580.15","65665.7","744.44","10170.01","conventional","Chicago"
"31","121869.11","2345.65","2017-05-28 00:00:00","1.8","106690.16","105.74","12727.56","6141.75","6029.14","556.67","conventional","Albany"
"30","757909.72","62567.13","2017-06-04 00:00:00","1.8","482039.31","7375.87","205927.41","201471.9","2167.18","2288.33","conventional","BaltimoreWashington"
"13","58602.78","33499.14","2017-10-01 00:00:00","1.8","2015.33","5127.6","17960.71","12675.91","5242.7","42.1","conventional","Boise"
"16","251097.79","60774.27","2017-09-10 00:00:00","1.8","32685.75","23392.18","134245.59","113843.97","9150.17","11251.45","conventional","Detroit"
"32","279086.43","10370.09","2017-05-21 00:00:00","1.8","208423.4","169.35","60123.59","59724.57","245.41","153.61","conventional","HartfordSpringfield"
"37","257405.41","6808.85","2017-04-16 00:00:00","1.8","189287.26","128.05","61181.25","56049.22","5132.03","0","conventional","HartfordSpringfield"
"12","1711267.24","753730.08","2017-10-08 00:00:00","1.8","343707.72","91288.33","522541.11","475271.7","17349.06","29920.35","conventional","LosAngeles"
"17","1077993.21","72172.99","2017-09-03 00:00:00","1.8","630743.85","517.88","374558.49","360305.76","9201.62","5051.11","conventional","NewYork"
"32","1298242.54","54128.18","2017-05-21 00:00:00","1.8","817106.16","3335.37","423672.83","352350.91","70436.92","885","conventional","NewYork"
"17","295896.59","189267.58","2017-09-03 00:00:00","1.8","26200.67","653.97","79774.37","58009.37","19778.33","1986.67","conventional","Orlando"
"30","394307.04","38390.3","2017-06-04 00:00:00","1.8","221022.3","643.86","134250.58","118507.2","15415.88","327.5","conventional","Philadelphia"
"29","608604.75","181965.02","2017-06-11 00:00:00","1.8","318250.06","14342.68","94046.99","91219.19","1136.13","1691.67","conventional","SanFrancisco"
"42","620908.22","173434.03","2017-03-12 00:00:00","1.8","354307.59","7050.37","86116.23","82363.32","407.28","3345.63","conventional","SanFrancisco"
"21","5792.88","1981.77","2015-08-02 00:00:00","1.8","2627.72","0","1183.39","277.57","905.82","0","organic","Atlanta"
"29","4777.04","45.84","2015-06-07 00:00:00","1.8","167.38","0","4563.82","4563.82","0","0","organic","BuffaloRochester"
"31","5016.96","33.04","2015-05-24 00:00:00","1.8","169.92","0","4814","4814","0","0","organic","BuffaloRochester"
"38","2585.22","16.21","2015-04-05 00:00:00","1.8","131.49","0","2437.52","2437.52","0","0","organic","BuffaloRochester"
"24","115063.87","45482.88","2015-07-12 00:00:00","1.8","60702.07","3.11","8875.81","8867.16","8.65","0","organic","California"
"34","4635.16","265.21","2015-05-03 00:00:00","1.8","1499.19","1856.14","1014.62","1014.62","0","0","organic","Charlotte"
"21","2749.93","337.96","2015-08-02 00:00:00","1.8","1947.39","3.32","461.26","53.33","407.93","0","organic","Columbus"
"1","4973.92","1421.84","2015-12-20 00:00:00","1.8","3078.38","0","473.7","376.67","97.03","0","organic","Detroit"
"3","7059.51","1289.28","2015-12-06 00:00:00","1.8","4788.95","0","981.28","300","681.28","0","organic","Detroit"
"9","7895.81","1520.03","2015-10-25 00:00:00","1.8","5456.64","0","919.14","383.33","535.81","0","organic","Detroit"
"28","1571.89","7.2","2015-06-14 00:00:00","1.8","1128.02","0","436.67","436.67","0","0","organic","GrandRapids"
"48","2171.91","97.75","2015-01-25 00:00:00","1.8","171.42","0","1902.74","1902.74","0","0","organic","HarrisburgScranton"
"27","1591.6","74.67","2015-06-21 00:00:00","1.8","1040.59","0","476.34","326.87","149.47","0","organic","Indianapolis"
"21","9065.72","4950.22","2015-08-02 00:00:00","1.8","3751.82","0","363.68","296.67","67.01","0","organic","LasVegas"
"1","924.46","33.57","2015-12-20 00:00:00","1.8","833.02","0","57.87","13.33","44.54","0","organic","Louisville"
"27","5259.46","402.38","2015-06-21 00:00:00","1.8","4021.48","0","835.6","376.67","458.93","0","organic","Nashville"
"42","4231.32","213.26","2015-03-08 00:00:00","1.8","2967.69","110","940.37","916.67","23.7","0","organic","Nashville"
"2","76466.85","3310.22","2015-12-13 00:00:00","1.8","12755.23","7637.49","52763.91","37344.72","15419.19","0","organic","Northeast"
"8","3127.26","1849.9","2015-11-01 00:00:00","1.8","18.78","0","1258.58","1258.58","0","0","organic","Orlando"
"51","2057.29","1200.41","2015-01-04 00:00:00","1.8","53.55","0","803.33","803.33","0","0","organic","Orlando"
"17","10535.93","7278.82","2015-08-30 00:00:00","1.8","1588.99","0","1668.12","1013.33","654.79","0","organic","PhoenixTucson"
"40","34244.34","3811.27","2015-03-22 00:00:00","1.8","19130.46","22.89","11279.72","10549.2","730.52","0","organic","Plains"
"48","30207.8","3732.84","2015-01-25 00:00:00","1.8","14987.92","20.69","11466.35","10403.58","1062.77","0","organic","Plains"
"49","29669.53","6340.18","2015-01-18 00:00:00","1.8","13476.2","34.56","9818.59","8577.16","1241.43","0","organic","Plains"
"6","12928.53","890.3","2015-11-15 00:00:00","1.8","9465.69","3.32","2569.22","110","2459.22","0","organic","Portland"
"26","5676.88","145.03","2015-06-28 00:00:00","1.8","2750.18","849.44","1932.23","1451.44","480.79","0","organic","RaleighGreensboro"
"17","5052.41","32.77","2015-08-30 00:00:00","1.8","3282.68","393.19","1343.77","1006.67","337.1","0","organic","RichmondNorfolk"
"7","5951.51","1335.02","2015-11-08 00:00:00","1.8","4090.76","0","525.73","247.95","277.78","0","organic","Sacramento"
"41","26717.98","8978.82","2015-03-15 00:00:00","1.8","17520.57","15.16","203.43","0","203.43","0","organic","Seattle"
"1","25412.6","11041.17","2015-12-20 00:00:00","1.8","5879.54","516.51","7975.38","7873.16","102.22","0","organic","Southeast"
"4","1180.38","42.33","2015-11-29 00:00:00","1.8","825.93","0","312.12","0","312.12","0","organic","Spokane"
"11","2180.46","242.52","2015-10-11 00:00:00","1.8","1442.16","0","495.78","8.42","487.36","0","organic","Spokane"
"38","2703.36","667.51","2015-04-05 00:00:00","1.8","1972.05","0","63.8","20.05","43.75","0","organic","Spokane"
"2","2368.84","1002.83","2015-12-13 00:00:00","1.8","927.34","0","438.67","25.73","412.94","0","organic","StLouis"
"44","3091.01","1268.18","2015-02-22 00:00:00","1.8","1776.16","0","46.67","46.67","0","0","organic","StLouis"
"51","3597.07","1552.48","2015-01-04 00:00:00","1.8","1521.26","0","523.33","523.33","0","0","organic","StLouis"
"31","2279.15","7.44","2015-05-24 00:00:00","1.8","103.94","0","2167.77","2167.77","0","0","organic","Syracuse"
"15","552059.64","133928.36","2015-09-13 00:00:00","1.8","251786.63","5154.23","161190.42","108342.83","52847.59","0","organic","TotalUS"
"2","7836.65","2194.49","2015-12-13 00:00:00","1.8","2981.01","25.97","2635.18","2598.45","36.73","0","organic","WestTexNewMexico"
"37","9073.21","2827.97","2015-04-05 00:00:00","1.8","3353.79","0","2891.45","2619.58","271.87","0","organic","WestTexNewMexico"
"5","11287.83","51.47","2016-11-20 00:00:00","1.8","1005.62","0","10230.74","10225.86","4.88","0","organic","Boston"
"24","5061.84","118.66","2016-07-10 00:00:00","1.8","169.83","0","4773.35","2552.99","2220.36","0","organic","BuffaloRochester"
"13","7989.78","281.42","2016-09-25 00:00:00","1.8","3611.15","676.05","3421.16","3102.27","318.89","0","organic","Charlotte"
"26","27771.37","60.12","2016-06-26 00:00:00","1.8","25630.13","0","2081.12","2081.12","0","0","organic","Chicago"
"8","5890.85","712.43","2016-10-30 00:00:00","1.8","2810.91","0","2367.51","1769.32","598.19","0","organic","Columbus"
"17","2178.75","577.74","2016-08-28 00:00:00","1.8","790.08","0","810.93","726.67","84.26","0","organic","GrandRapids"
"25","1680.08","15.67","2016-07-03 00:00:00","1.8","1297.74","0","366.67","366.67","0","0","organic","GrandRapids"
"21","3264.33","303.49","2016-07-31 00:00:00","1.8","1335.23","0","1625.61","1386.67","238.94","0","organic","Indianapolis"
"43","2362.13","1675.73","2016-02-28 00:00:00","1.8","82.21","20.86","583.33","583.33","0","0","organic","Jacksonville"
"49","2613.23","1828.5","2016-01-17 00:00:00","1.8","113.83","10.9","660","660","0","0","organic","Jacksonville"
"22","2109.9","2.68","2016-07-24 00:00:00","1.8","1508.95","0","598.27","336.67","261.6","0","organic","Louisville"
"30","1035","693","2016-05-29 00:00:00","1.8","0","0","342","338.67","3.33","0","organic","NewOrleansMobile"
"43","109507.5","6651.21","2016-02-28 00:00:00","1.8","28375.04","1434.03","73047.22","45277.19","27770.03","0","organic","Northeast"
"17","6294.99","2353.65","2016-08-28 00:00:00","1.8","141.34","0","3800","3756.67","43.33","0","organic","Orlando"
"8","33702.09","3145.29","2016-10-30 00:00:00","1.8","10032.23","1058.94","19465.63","14282.84","5182.79","0","organic","Plains"
"18","51545.86","7264.64","2016-08-21 00:00:00","1.8","21638.51","525.6","22117.11","12589.18","9527.93","0","organic","Plains"
"30","8580.11","235.45","2016-05-29 00:00:00","1.8","3673.93","404.27","4266.46","3765.03","501.43","0","organic","RaleighGreensboro"
"24","37406.41","1364.66","2016-07-10 00:00:00","1.8","25562.94","40.41","10438.4","277.67","10160.73","0","organic","Seattle"
"7","12115.78","199.47","2017-11-12 00:00:00","1.8","4259.52","0","7656.79","6474.29","1182.5","0","organic","Atlanta"
"6","28942.29","839.81","2017-11-19 00:00:00","1.8","7176.02","74.84","20851.62","20843.85","7.77","0","organic","BaltimoreWashington"
"16","4946.72","408.05","2017-09-10 00:00:00","1.8","156.35","0","4382.32","1514.57","2867.75","0","organic","BuffaloRochester"
"12","44054.7","50.6","2017-10-08 00:00:00","1.8","31925.41","0","12078.69","12070.92","7.77","0","organic","Chicago"
"19","7563.59","580.62","2017-08-20 00:00:00","1.8","1815.88","0","5167.09","4049.02","1118.07","0","organic","Columbus"
"19","21150.35","7818.39","2017-08-20 00:00:00","1.8","694.46","0","12637.5","12022.52","614.98","0","organic","DallasFtWorth"
"16","12934.91","6537.25","2017-09-10 00:00:00","1.8","20.37","0","6377.29","6377.29","0","0","organic","Houston"
"4","2407.14","85.7","2017-12-03 00:00:00","1.8","576.66","2.45","1742.33","1448.88","293.45","0","organic","Jacksonville"
"1","69804.27","8580.98","2017-12-24 00:00:00","1.8","24465.55","0","36757.74","36706.18","51.56","0","organic","LosAngeles"
"9","156848.8","2448.54","2017-10-29 00:00:00","1.8","34603.78","619.38","119177.1","110757.39","8419.71","0","organic","Midsouth"
"10","168429.18","2401.85","2017-10-22 00:00:00","1.8","39858.54","607.05","125561.74","115932.33","9629.41","0","organic","Midsouth"
"43","225597.13","29927.87","2017-03-05 00:00:00","1.8","86086.11","205.84","109377.31","105641.33","3735.98","0","organic","Northeast"
"7","19234.13","5.12","2017-11-12 00:00:00","1.8","317.19","0","18911.82","18525.27","386.55","0","organic","NorthernNewEngland"
"46","13474.78","2.56","2017-02-12 00:00:00","1.8","325.75","0","13146.47","13146.47","0","0","organic","NorthernNewEngland"
"6","6044.64","231.33","2017-11-19 00:00:00","1.8","1063.87","0","4749.44","4072.72","676.72","0","organic","Orlando"
"31","8624.25","1830.55","2017-05-28 00:00:00","1.8","174.17","0","6619.53","4830.7","1788.83","0","organic","Orlando"
"32","8800.59","1981.17","2017-05-21 00:00:00","1.8","258.64","0","6560.78","5043.23","1517.55","0","organic","Orlando"
"39","7480.22","1901.68","2017-04-02 00:00:00","1.8","218.15","0","5360.39","4305.28","1055.11","0","organic","Orlando"
"3","10964.1","1884.55","2017-12-10 00:00:00","1.8","1989.33","0","7090.22","7076.98","13.24","0","organic","PhoenixTucson"
"13","11071.7","2624.47","2017-10-01 00:00:00","1.8","142.4","0","8304.83","8270.68","34.15","0","organic","PhoenixTucson"
"6","48924.81","2835.23","2017-11-19 00:00:00","1.8","14769.82","48.37","31260.69","19421.6","11839.09","0","organic","Plains"
"20","68831.83","1263.24","2017-08-13 00:00:00","1.8","22638.51","57.32","44867.19","33840.62","11026.57","0","organic","Plains"
"21","68525.6","2462.31","2017-08-06 00:00:00","1.8","18938.49","31.05","47093.75","34485.91","12607.84","0","organic","Plains"
"35","69732.89","2391.99","2017-04-30 00:00:00","1.8","29776.85","1470.12","36093.93","19268.73","16825.2","0","organic","Plains"
"28","16862.3","1067.68","2017-06-18 00:00:00","1.8","8361.69","0","7432.93","7400.09","32.84","0","organic","SanDiego"
"34","7048.36","352.76","2017-05-07 00:00:00","1.8","4779.08","119.66","1796.86","270.59","1526.27","0","organic","SouthCarolina"
"15","108093.32","49755.71","2017-09-17 00:00:00","1.8","3371.39","0","54966.22","53033.25","1932.97","0","organic","SouthCentral"
"8","89263.65","1631.92","2017-11-05 00:00:00","1.8","17868.58","138.66","69624.49","57092.21","12532.28","0","organic","Southeast"
"26","108360.53","4302.01","2017-07-02 00:00:00","1.8","40687.72","250.51","63120.29","45687.72","17432.57","0","organic","Southeast"
"9","6098.89","14.42","2017-10-29 00:00:00","1.8","924.45","0","5160.02","3222.62","1937.4","0","organic","StLouis"
"16","2095.4","85.58","2017-09-10 00:00:00","1.8","65.73","0","1944.09","1118.06","826.03","0","organic","Syracuse"
"47","3181.84","5.13","2017-02-05 00:00:00","1.8","81.82","0","3094.89","1892.25","1202.64","0","organic","Syracuse"
"7","15670.44","1743.38","2017-11-12 00:00:00","1.8","2795.92","0","11131.14","10827.23","303.91","0","organic","WestTexNewMexico"
"2","3447.36","98.9","2018-03-11 00:00:00","1.8","926.28","0","2422.18","664.03","1758.15","0","organic","Boise"
"6","2855.33","46.25","2018-02-11 00:00:00","1.8","791.61","0","2017.47","666.38","1351.09","0","organic","Boise"
"7","2594.9","76.84","2018-02-04 00:00:00","1.8","590.46","0","1927.6","492.63","1376.55","58.42","organic","Boise"
"11","87517.23","20189.33","2018-01-07 00:00:00","1.8","24193.04","0","43134.86","43077.03","57.83","0","organic","LosAngeles"
"5","20608.98","2304.48","2018-02-18 00:00:00","1.8","4614.12","0","13690.38","3448.31","10232.51","9.56","organic","Portland"
"8","21678.23","2550.43","2018-01-28 00:00:00","1.8","2656.25","0","16471.55","1006.14","15459.73","5.68","organic","Portland"
"9","25108.84","3170.73","2018-01-21 00:00:00","1.8","3086.95","10.07","18841.09","1279.19","17489.16","72.74","organic","Portland"
"1","7105.79","1052.26","2018-03-18 00:00:00","1.8","2821.98","7.09","3224.46","3207.79","16.67","0","organic","StLouis"
"8","185974.53","22918.4","2018-01-28 00:00:00","1.8","33051.14","93.52","129911.47","77822.23","51986.86","102.38","organic","West"
"8","238699.3","97713.53","2016-10-30 00:00:00","1.79","118831.23","1177.31","20977.23","20196.46","435.77","345","conventional","Sacramento"
"18","455915.26","7262.03","2017-08-27 00:00:00","1.79","319717.74","1534.57","127400.92","89674.49","36986.43","740","conventional","Boston"
"14","182714.75","4560.35","2017-09-24 00:00:00","1.79","68227.85","614.28","109312.27","22411.54","86693.86","206.87","conventional","CincinnatiDayton"
"15","184434.69","4223.33","2017-09-17 00:00:00","1.79","69168.18","711.18","110332","25990.15","84078.27","263.58","conventional","CincinnatiDayton"
"11","205378.62","57304.56","2017-10-15 00:00:00","1.79","33515.01","10114.48","104444.57","89625.81","13124.18","1694.58","conventional","Detroit"
"29","158876.02","2308.29","2017-06-11 00:00:00","1.79","64251.02","34921.76","57394.95","40421.03","6310.56","10663.36","conventional","GrandRapids"
"28","256900.68","5734.57","2017-06-18 00:00:00","1.79","195637.72","124.6","55403.79","52477.5","86.29","2840","conventional","HartfordSpringfield"
"12","152742.37","89903.47","2017-10-08 00:00:00","1.79","10996.65","76.87","51765.38","22345.45","29419.93","0","conventional","Jacksonville"
"11","60616.52","3403.65","2017-10-15 00:00:00","1.79","25005.3","68.1","32139.47","12700.01","19439.46","0","conventional","Louisville"
"11","472074.73","324877.96","2017-10-15 00:00:00","1.79","49047.42","32","98117.35","72027.82","26089.53","0","conventional","MiamiFtLauderdale"
"17","358168.59","122718.22","2017-09-03 00:00:00","1.79","194468.27","1544.42","39437.68","39031.61","91.47","314.6","conventional","Sacramento"
"18","356447.96","143124.9","2017-08-27 00:00:00","1.79","120383.98","19739.14","73199.94","67689.01","4535.81","975.12","conventional","SanDiego"
"13","660452.07","106075.6","2017-10-01 00:00:00","1.79","477519.16","3125.78","73731.53","72812.1","451.17","468.26","conventional","SanFrancisco"
"39","632537.9","180896.63","2017-04-02 00:00:00","1.79","358599.04","5732.43","87309.8","85552.16","67.78","1689.86","conventional","SanFrancisco"
"40","617981.91","173628.92","2017-03-26 00:00:00","1.79","349036.6","7123.04","88193.35","81760.29","213.18","6219.88","conventional","SanFrancisco"
"41","639050.82","185340.18","2017-03-19 00:00:00","1.79","358216.27","6446.38","89047.99","87289.79","342.06","1416.14","conventional","SanFrancisco"
"41","1473.56","19.18","2015-03-15 00:00:00","1.79","164.73","0","1289.65","1289.65","0","0","organic","Albany"
"42","1626.32","49.73","2015-03-08 00:00:00","1.79","331.14","0","1245.45","1245.45","0","0","organic","Albany"
"51","1373.95","57.42","2015-01-04 00:00:00","1.79","153.88","0","1162.65","1162.65","0","0","organic","Albany"
"8","5445.08","2074.17","2015-11-01 00:00:00","1.79","2536.89","0","834.02","290","544.02","0","organic","Atlanta"
"12","7423.5","2743.66","2015-10-04 00:00:00","1.79","3550.81","0","1129.03","0","1129.03","0","organic","Atlanta"
"37","6687.31","1899.54","2015-04-12 00:00:00","1.79","4739.12","0","48.65","40.54","8.11","0","organic","Atlanta"
"30","5018.44","42.61","2015-05-31 00:00:00","1.79","173.27","0","4802.56","4802.56","0","0","organic","BuffaloRochester"
"32","5111.52","30.55","2015-05-17 00:00:00","1.79","196.22","0","4884.75","4884.75","0","0","organic","BuffaloRochester"
"37","3473.94","30.13","2015-04-12 00:00:00","1.79","145.17","0","3298.64","3298.64","0","0","organic","BuffaloRochester"
"41","712.4","4.64","2015-03-15 00:00:00","1.79","130.35","0","577.41","577.41","0","0","organic","BuffaloRochester"
"10","19818.98","1237.5","2015-10-18 00:00:00","1.79","18374.81","0","206.67","206.67","0","0","organic","Chicago"
"50","12915.74","1426.75","2015-01-11 00:00:00","1.79","10900.1","0","588.89","588.89","0","0","organic","Chicago"
"39","3464.77","369.21","2015-03-29 00:00:00","1.79","2347.69","0","747.87","719.17","28.7","0","organic","Columbus"
"44","3933.81","589.45","2015-02-22 00:00:00","1.79","2581.64","0","762.72","238.07","524.65","0","organic","Columbus"
"35","1369.82","2.81","2015-04-26 00:00:00","1.79","1040.34","0","326.67","326.67","0","0","organic","GrandRapids"
"46","1083.77","84.83","2015-02-08 00:00:00","1.79","402.27","0","596.67","596.67","0","0","organic","GrandRapids"
"9","1446.07","82.55","2015-10-25 00:00:00","1.79","166.6","19.61","1177.31","490.21","687.1","0","organic","HarrisburgScranton"
"37","4127.83","86.7","2015-04-12 00:00:00","1.79","151.38","0","3889.75","3889.75","0","0","organic","HarrisburgScranton"
"39","3705.26","48.19","2015-03-29 00:00:00","1.79","204.38","0","3452.69","3452.69","0","0","organic","HarrisburgScranton"
"19","2309.83","70.92","2015-08-16 00:00:00","1.79","1510.47","0","728.44","420","308.44","0","organic","Indianapolis"
"43","1625.01","54.96","2015-03-01 00:00:00","1.79","948.84","0","621.21","580","41.21","0","organic","Indianapolis"
"44","7179.44","3979.49","2015-02-22 00:00:00","1.79","3109.69","0","90.26","86.67","3.59","0","organic","LasVegas"
"45","6259.44","3336.65","2015-02-15 00:00:00","1.79","2622.79","0","300","300","0","0","organic","LasVegas"
"13","1602.79","24.36","2015-09-27 00:00:00","1.79","1309.08","0","269.35","206.67","62.68","0","organic","Louisville"
"49","1106.86","5.19","2015-01-18 00:00:00","1.79","676.38","0","425.29","420","5.29","0","organic","Louisville"
"50","1435.48","0","2015-01-11 00:00:00","1.79","1219.02","0","216.46","173.93","42.53","0","organic","Louisville"
"32","2141.08","1251.61","2015-05-17 00:00:00","1.79","48.24","0","841.23","827.49","13.74","0","organic","MiamiFtLauderdale"
"42","60655.7","3991.62","2015-03-08 00:00:00","1.79","17082.17","38.58","39543.33","39361.95","181.38","0","organic","Northeast"
"49","2151.76","1237.16","2015-01-18 00:00:00","1.79","31.27","0","883.33","883.33","0","0","organic","Orlando"
"2","7292.08","256.6","2015-12-13 00:00:00","1.79","1559.27","952.44","4523.77","1098.51","3425.26","0","organic","Philadelphia"
"20","5446.24","628.74","2015-08-09 00:00:00","1.79","2300.97","20.66","2495.87","2495.87","0","0","organic","Philadelphia"
"33","7296.3","365.29","2015-05-10 00:00:00","1.79","1644.8","11.51","5274.7","5274.7","0","0","organic","Philadelphia"
"1","6499.82","4879.21","2015-12-20 00:00:00","1.79","919.88","0","700.73","679.05","21.68","0","organic","PhoenixTucson"
"16","10567.84","7314.43","2015-09-06 00:00:00","1.79","1597.62","0","1655.79","759.46","896.33","0","organic","PhoenixTucson"
"19","10949.5","7874.41","2015-08-16 00:00:00","1.79","1893.33","0","1181.76","1013.33","168.43","0","organic","PhoenixTucson"
"28","33795.51","4749.1","2015-06-14 00:00:00","1.79","20882.01","41.97","8122.43","5857.07","2265.36","0","organic","Plains"
"5","4163.25","141.24","2015-11-22 00:00:00","1.79","2164.98","531.25","1325.78","1302.93","22.85","0","organic","RaleighGreensboro"
"47","4385.19","27.19","2015-02-01 00:00:00","1.79","2044.97","968.1","1344.93","1330.43","14.5","0","organic","RaleighGreensboro"
"5","4955.07","923.67","2015-11-22 00:00:00","1.79","3860.73","0","170.67","140.67","30","0","organic","Sacramento"
"11","4198.66","609.99","2015-10-11 00:00:00","1.79","1494.47","511.45","1582.75","1239.96","342.79","0","organic","SouthCarolina"
"23","4076.63","634.69","2015-07-19 00:00:00","1.79","1338.97","481.12","1621.85","1141.26","480.59","0","organic","SouthCarolina"
"49","25740","10781.05","2015-01-18 00:00:00","1.79","3489.26","498.66","10971.03","10657.51","313.52","0","organic","Southeast"
"1","2078.74","1214.1","2015-12-20 00:00:00","1.79","11.31","0","853.33","853.33","0","0","organic","Tampa"
"41","1822.67","25.87","2016-03-13 00:00:00","1.79","303.42","0","1493.38","1493.38","0","0","organic","Albany"
"43","1485.73","9.43","2016-02-28 00:00:00","1.79","143.74","0","1332.56","1327.32","5.24","0","organic","Albany"
"44","1282.87","23.61","2016-02-21 00:00:00","1.79","213.64","0","1045.62","1045.62","0","0","organic","Albany"
"47","1305.94","34.38","2016-01-31 00:00:00","1.79","186.13","0","1085.43","1085.43","0","0","organic","Albany"
"34","18536.65","6.03","2016-05-01 00:00:00","1.79","1444.35","0","17086.27","15476.08","1610.19","0","organic","Boston"
"33","5581.18","299.93","2016-05-08 00:00:00","1.79","3030.75","767.24","1483.26","1483.26","0","0","organic","Charlotte"
"42","4003.24","342.43","2016-03-06 00:00:00","1.79","2122.95","621.19","916.67","896.67","20","0","organic","Charlotte"
"12","13087.01","11038.28","2016-10-02 00:00:00","1.79","1697.21","15.1","336.42","100.68","235.74","0","organic","Denver"
"21","17691.72","14012.54","2016-07-31 00:00:00","1.79","2828.69","35.64","814.85","618.46","196.39","0","organic","Denver"
"10","5193.18","135.24","2016-10-16 00:00:00","1.79","192.75","11.95","4853.24","4853.24","0","0","organic","HarrisburgScranton"
"32","9086.18","328.73","2016-05-15 00:00:00","1.79","146.41","21.09","8589.95","7718.25","871.7","0","organic","HarrisburgScranton"
"34","9184.96","291.91","2016-05-01 00:00:00","1.79","165.23","9.36","8718.46","8580.77","137.69","0","organic","HarrisburgScranton"
"36","8785.44","201.05","2016-04-17 00:00:00","1.79","205.18","12.85","8366.36","7950.19","416.17","0","organic","HarrisburgScranton"
"48","7830.1","100.32","2016-01-24 00:00:00","1.79","193.57","13.56","7522.65","1930.55","5592.1","0","organic","HarrisburgScranton"
"29","102940.66","3880.45","2016-06-05 00:00:00","1.79","22467.68","330.84","76261.69","64789.53","11472.16","0","organic","Northeast"
"32","112278.17","5714.39","2016-05-15 00:00:00","1.79","26314.99","2397.2","77851.59","67997.52","9854.07","0","organic","Northeast"
"42","113859.82","12252.89","2016-03-06 00:00:00","1.79","30534.74","1756.58","69315.61","41426.65","27888.96","0","organic","Northeast"
"6","10725.45","3.64","2016-11-13 00:00:00","1.79","231.57","0","10490.24","10490.24","0","0","organic","NorthernNewEngland"
"44","9168.4","715.85","2016-02-21 00:00:00","1.79","2560.31","6.19","5886.05","1527.14","4358.91","0","organic","Philadelphia"
"7","25232.75","3622.93","2016-11-06 00:00:00","1.79","7495.74","5","14109.08","344.46","13764.62","0","organic","Portland"
"17","14753.18","433.33","2016-08-28 00:00:00","1.79","5340.54","561.53","8417.78","6859.91","1557.87","0","organic","RaleighGreensboro"
"42","3720.67","155.88","2016-03-06 00:00:00","1.79","2740.17","376.34","448.28","443.33","4.95","0","organic","RaleighGreensboro"
"12","6425","62.65","2016-10-02 00:00:00","1.79","3661.23","301.15","2399.97","2195.03","204.94","0","organic","RichmondNorfolk"
"26","9617.62","2537.74","2016-06-26 00:00:00","1.79","6488.42","0","591.46","591.46","0","0","organic","Sacramento"
"16","15730.69","2161.04","2016-09-04 00:00:00","1.79","8451.98","0","5117.67","4219.46","898.21","0","organic","SanDiego"
"34","2897.23","89.53","2017-05-07 00:00:00","1.79","315.14","0","2492.56","2492.56","0","0","organic","Albany"
"2","1797.04","28.34","2017-12-17 00:00:00","1.79","552.03","0","1216.67","264.39","952.28","0","organic","Boise"
"29","179141.21","32283.4","2017-06-11 00:00:00","1.79","64309.03","6.18","82542.6","82388.73","153.87","0","organic","California"
"0","26040.03","142","2017-12-31 00:00:00","1.79","16241","0","9657.03","9650.37","6.66","0","organic","Chicago"
"6","27898.67","29.29","2017-11-19 00:00:00","1.79","20559.98","0","7309.4","7291.62","17.78","0","organic","Chicago"
"15","20021.49","6047.16","2017-09-17 00:00:00","1.79","554.4","0","13419.93","13403.27","16.66","0","organic","DallasFtWorth"
"4","23854.79","4565.3","2017-12-03 00:00:00","1.79","367.5","16.23","18905.76","18830.06","75.7","0","organic","Denver"
"36","7897.74","568.15","2017-04-23 00:00:00","1.79","3906.41","0","3423.18","1277.78","2145.4","0","organic","Detroit"
"52","1095.77","84.21","2017-01-01 00:00:00","1.79","738.23","0","273.33","263.33","10","0","organic","GrandRapids"
"47","14825.89","94.97","2017-02-05 00:00:00","1.79","7579.97","23.39","7127.56","6806.51","321.05","0","organic","HartfordSpringfield"
"7","8252.87","1320.88","2017-11-12 00:00:00","1.79","1398.84","0","5533.15","5504.25","28.9","0","organic","LasVegas"
"3","79929.45","8727.63","2017-12-10 00:00:00","1.79","19910.92","102.93","51187.97","50816.5","371.47","0","organic","NewYork"
"24","80280.09","7856.39","2017-07-16 00:00:00","1.79","19545.1","2330.29","50548.31","50548.31","0","0","organic","NewYork"
"19","251156.79","19480.79","2017-08-20 00:00:00","1.79","58086.37","153","173436.63","158281.96","15154.67","0","organic","Northeast"
"1","8232.75","172.8","2017-12-24 00:00:00","1.79","1280.57","0","6779.38","5538.88","1240.5","0","organic","Orlando"
"23","4731.7","89.48","2017-07-23 00:00:00","1.79","833.81","0","3808.41","3808.41","0","0","organic","Orlando"
"20","22362.31","1014.45","2017-08-13 00:00:00","1.79","4880.17","11.82","16455.87","16455.87","0","0","organic","Philadelphia"
"10","10952.31","2184.07","2017-10-22 00:00:00","1.79","508.22","0","8260.02","8254.52","5.5","0","organic","PhoenixTucson"
"20","11129","541.48","2017-08-13 00:00:00","1.79","3363.51","112.95","7111.06","7044.98","66.08","0","organic","RichmondNorfolk"
"4","13476.62","761.67","2017-12-03 00:00:00","1.79","7500.08","0","5214.87","5211.54","3.33","0","organic","SanDiego"
"46","38095.07","684.04","2017-02-12 00:00:00","1.79","16188.04","25.14","21197.85","9270.16","11927.69","0","organic","Seattle"
"25","9693.13","1623.63","2017-07-09 00:00:00","1.79","2739.55","0","5329.95","5323.28","6.67","0","organic","StLouis"
"44","1336.09","0","2017-02-26 00:00:00","1.79","207.99","0","1128.1","868.11","259.99","0","organic","Syracuse"
"31","7101.2","1104.19","2017-05-28 00:00:00","1.79","125.33","0","5871.68","4797.54","1074.14","0","organic","Tampa"
"3","2980.6","109.72","2018-03-04 00:00:00","1.79","904.11","0","1966.77","526.56","1440.21","0","organic","Boise"
"4","31567.3","34.89","2018-02-25 00:00:00","1.79","2390.82","0","29141.59","25069.34","4072.25","0","organic","Boston"
"10","44955.89","133.39","2018-01-14 00:00:00","1.79","31177.44","0","13645.06","13635.06","10","0","organic","Chicago"
"7","9503.13","1479.32","2018-02-04 00:00:00","1.79","1512.78","0","6511.03","6465.39","45.64","0","organic","LasVegas"
"9","213547.17","4201.36","2016-10-23 00:00:00","1.78","152903.95","194.14","56247.72","56074","104.28","69.44","conventional","HartfordSpringfield"
"7","266345.33","93518.61","2016-11-06 00:00:00","1.78","137695.34","1450.27","33681.11","33675.22","5.89","0","conventional","Sacramento"
"12","55368.61","3679.82","2017-10-08 00:00:00","1.78","45843.75","42.63","5802.41","2148.2","3654.21","0","conventional","Albany"
"16","99645.88","3368.35","2017-09-10 00:00:00","1.78","87155.11","136.96","8985.46","4559.36","3672.77","753.33","conventional","Albany"
"14","56671.53","29755.87","2017-09-24 00:00:00","1.78","1936.46","5658.57","19320.63","13553.63","5756.46","10.54","conventional","Boise"
"18","4360013.67","1889886.87","2017-08-27 00:00:00","1.78","1420373.34","157338.07","892415.39","830646.31","19482.22","42286.86","conventional","California"
"7","541010","90581","2017-11-12 00:00:00","1.78","276787","91330","82312","79021","3280","12","conventional","Chicago"
"18","220520.33","4245.98","2017-08-27 00:00:00","1.78","160115.84","67.41","56091.1","55270.66","377.11","443.33","conventional","HartfordSpringfield"
"35","386907.3","36817.47","2017-04-30 00:00:00","1.78","222850.39","492.98","126746.46","119345.98","7305.77","94.71","conventional","Philadelphia"
"13","321740.77","118114.48","2017-10-01 00:00:00","1.78","122964.46","17450.03","63211.8","59173.54","4038.26","0","conventional","SanDiego"
"17","667860.21","151679.5","2017-09-03 00:00:00","1.78","421880.84","4061.05","90238.82","88850.91","76.81","1311.1","conventional","SanFrancisco"
"31","664075.57","183361.47","2017-05-28 00:00:00","1.78","386005.08","4497.4","90211.62","85402.49","805.24","4003.89","conventional","SanFrancisco"
"2","3610.91","1589.39","2015-12-13 00:00:00","1.78","1581.83","0","439.69","208.32","231.37","0","organic","Atlanta"
"32","5157.67","2076.48","2015-05-17 00:00:00","1.78","2105.43","0","975.76","122.05","853.71","0","organic","Atlanta"
"6","881.14","17.27","2015-11-15 00:00:00","1.78","538.4","0","325.47","140","185.47","0","organic","Boise"
"47","2943.85","12.18","2015-02-01 00:00:00","1.78","1308.94","0","1622.73","1622.73","0","0","organic","Boston"
"12","20398.64","787.1","2015-10-04 00:00:00","1.78","19394.87","0","216.67","216.67","0","0","organic","Chicago"
"46","9910.84","1224.22","2015-02-08 00:00:00","1.78","6971.06","0","1715.56","1715.56","0","0","organic","Chicago"
"46","3483.64","285.2","2015-02-08 00:00:00","1.78","2071.17","0","1127.27","856.67","270.6","0","organic","Columbus"
"40","5649.34","392.8","2015-03-22 00:00:00","1.78","5184.42","0","72.12","13.33","58.79","0","organic","Detroit"
"42","1175.95","69.48","2015-03-08 00:00:00","1.78","493.14","0","613.33","613.33","0","0","organic","GrandRapids"
"33","4998.64","68.79","2015-05-10 00:00:00","1.78","228.82","6.47","4694.56","4694.56","0","0","organic","HarrisburgScranton"
"36","2011.47","93.88","2015-04-19 00:00:00","1.78","1164.3","0","753.29","698.59","54.7","0","organic","Indianapolis"
"41","1313.43","97.1","2015-03-15 00:00:00","1.78","905.1","0","311.23","121.72","189.51","0","organic","Indianapolis"
"48","1221.24","49.75","2015-01-25 00:00:00","1.78","765.47","0","406.02","286.67","119.35","0","organic","Indianapolis"
"40","2186.64","1175.85","2015-03-22 00:00:00","1.78","58.31","29.15","923.33","923.33","0","0","organic","Jacksonville"
"42","5910.67","2676.09","2015-03-08 00:00:00","1.78","2766.99","0","467.59","453.33","14.26","0","organic","LasVegas"
"41","3199.37","230.06","2015-03-15 00:00:00","1.78","2525.05","54.99","389.27","263.33","125.94","0","organic","Nashville"
"47","63537.1","3278.92","2015-02-01 00:00:00","1.78","23694.61","13.97","36549.6","36537.93","11.67","0","organic","Northeast"
"33","2982.83","1658","2015-05-10 00:00:00","1.78","61.14","0","1263.69","1263.69","0","0","organic","Orlando"
"10","17590.21","800.44","2015-10-18 00:00:00","1.78","12022.04","6.64","4761.09","7.37","4753.72","0","organic","Portland"
"4","3817.84","115.79","2015-11-29 00:00:00","1.78","1898.15","481.06","1322.84","1172.56","150.28","0","organic","RaleighGreensboro"
"9","5657.77","32.54","2015-10-25 00:00:00","1.78","2451.58","1023.16","2150.49","2102.2","48.29","0","organic","RaleighGreensboro"
"39","5373.53","389.81","2015-03-29 00:00:00","1.78","2583.24","1021.05","1379.43","1363.5","15.93","0","organic","RaleighGreensboro"
"16","7012.8","60.39","2015-09-06 00:00:00","1.78","5542.16","0","1410.25","1090","320.25","0","organic","Roanoke"
"9","29706.6","10168.8","2015-10-25 00:00:00","1.78","7181.54","911.72","11444.54","11094.73","349.81","0","organic","Southeast"
"11","33922.49","9386.59","2015-10-11 00:00:00","1.78","8347","819.17","15369.73","12302.74","3066.99","0","organic","Southeast"
"31","30206.24","11448.55","2015-05-24 00:00:00","1.78","7223.77","950.98","10582.94","8430.93","2152.01","0","organic","Southeast"
"38","30801.68","11237.65","2015-04-05 00:00:00","1.78","8453.37","802.8","10307.86","8803.26","1504.6","0","organic","Southeast"
"32","2605.01","774.37","2015-05-17 00:00:00","1.78","1609.55","7.57","213.52","0","213.52","0","organic","Spokane"
"5","1983.73","1113.29","2015-11-22 00:00:00","1.78","63.41","0","807.03","797.03","10","0","organic","Tampa"
"16","593797.17","132181.77","2015-09-06 00:00:00","1.78","271784.99","5890.57","183939.84","122146.97","61792.87","0","organic","TotalUS"
"15","10554.69","3494.93","2015-09-06 00:00:00","1.78","3556.76","0","3503","2866.67","636.33","0","organic","WestTexNewMexico"
"34","1604","5.86","2016-05-01 00:00:00","1.78","240.42","0","1357.72","1357.72","0","0","organic","Albany"
"43","5069.92","2039.85","2016-02-28 00:00:00","1.78","2747.16","0","282.91","223.33","59.58","0","organic","Atlanta"
"26","5882.19","50.53","2016-06-26 00:00:00","1.78","224.97","0","5606.69","3173.89","2432.8","0","organic","BuffaloRochester"
"12","8909.48","262.02","2016-10-02 00:00:00","1.78","3891.17","643.79","4112.5","4065.29","47.21","0","organic","Charlotte"
"17","8617.46","338.94","2016-08-28 00:00:00","1.78","3830.43","738.3","3709.79","3656.46","53.33","0","organic","Charlotte"
"18","9642.8","457.29","2016-08-21 00:00:00","1.78","3917.27","999.6","4268.64","4245.31","23.33","0","organic","Charlotte"
"51","4284.47","749.2","2016-01-03 00:00:00","1.78","1979.18","705.6","850.49","821.36","29.13","0","organic","Charlotte"
"18","10651.36","8262.74","2016-08-21 00:00:00","1.78","1735.48","15","638.14","439.68","198.46","0","organic","Denver"
"8","97718.73","2087.74","2016-10-30 00:00:00","1.78","57325.02","3894.51","34411.46","29295.75","5115.71","0","organic","Midsouth"
"33","123022.55","5189.53","2016-05-08 00:00:00","1.78","23717.51","2043.91","92071.6","76581.12","15490.48","0","organic","Northeast"
"43","4143.52","2916.41","2016-02-28 00:00:00","1.78","110","0","1117.11","1110.44","6.67","0","organic","Orlando"
"14","43823.87","4329.93","2016-09-18 00:00:00","1.78","18800.51","334.33","20359.1","8413.42","11945.68","0","organic","Plains"
"27","8904.41","250.6","2016-06-19 00:00:00","1.78","3228.2","590.05","4835.56","4322.81","512.75","0","organic","RaleighGreensboro"
"13","118420.15","31346.67","2016-09-25 00:00:00","1.78","31031.61","122.6","55919.27","27538.32","28380.95","0","organic","West"
"20","17562.46","3788.5","2016-08-07 00:00:00","1.78","2995.35","22.63","10755.98","6086.67","4669.31","0","organic","WestTexNewMexico"
"16","3139.84","45.5","2017-09-10 00:00:00","1.78","196.27","0","2898.07","2894.74","3.33","0","organic","Albany"
"46","1806.4","119.52","2017-02-12 00:00:00","1.78","170.57","0","1516.31","1516.31","0","0","organic","Albany"
"22","15501.08","431.93","2017-07-30 00:00:00","1.78","6137.14","0","8932.01","4879.96","4052.05","0","organic","Atlanta"
"28","181725.85","32417.62","2017-06-18 00:00:00","1.78","60616.15","0","88692.08","82117.33","6574.75","0","organic","California"
"32","183083.69","28908.03","2017-05-21 00:00:00","1.78","67866.42","7.8","86301.44","86037.36","264.08","0","organic","California"
"43","6959.35","330.49","2017-03-05 00:00:00","1.78","3724.34","436.66","2467.86","2274.31","193.55","0","organic","Charlotte"
"31","12161.37","325.7","2017-05-28 00:00:00","1.78","4912.89","0","6922.78","975.95","5946.83","0","organic","CincinnatiDayton"
"11","10715.93","583.8","2017-10-15 00:00:00","1.78","1787.74","0","8344.39","7285.43","1058.96","0","organic","Columbus"
"22","2426.94","114.54","2017-07-30 00:00:00","1.78","511.3","0","1801.1","1784.43","16.67","0","organic","Jacksonville"
"3","69862.39","15944.09","2017-12-10 00:00:00","1.78","19669.57","0","34248.73","34216.92","31.81","0","organic","LosAngeles"
"26","120458.72","2774.67","2017-07-02 00:00:00","1.78","52195.81","1321.72","64166.52","34038.53","30127.99","0","organic","Midsouth"
"10","8715.84","57.76","2017-10-22 00:00:00","1.78","3126.34","0","5531.74","2340.14","3191.6","0","organic","Nashville"
"6","21545.16","0","2017-11-19 00:00:00","1.78","203.01","0","21342.15","21284.8","57.35","0","organic","NorthernNewEngland"
"21","20197.15","875.54","2017-08-06 00:00:00","1.78","4130.82","3.69","15187.1","15176.81","10.29","0","organic","Philadelphia"
"12","11837.2","2749.91","2017-10-08 00:00:00","1.78","124.43","0","8962.86","8921.88","40.98","0","organic","PhoenixTucson"
"33","10801.99","4909.91","2017-05-14 00:00:00","1.78","4204.5","0","1687.58","561.58","1126","0","organic","PhoenixTucson"
"5","47738.89","1912.15","2017-11-26 00:00:00","1.78","12604.73","7.28","33214.73","21333.07","11881.66","0","organic","Plains"
"52","8038.22","121.25","2017-01-01 00:00:00","1.78","3157.17","299.93","4459.87","4271.94","187.93","0","organic","RaleighGreensboro"
"28","10408.49","709.84","2017-06-18 00:00:00","1.78","4861.94","114.37","4722.34","3346.59","1375.75","0","organic","RichmondNorfolk"
"26","5965.12","212.95","2017-07-02 00:00:00","1.78","2696.9","0","3055.27","1472.15","1583.12","0","organic","Roanoke"
"11","15150.22","231.95","2017-10-15 00:00:00","1.78","3011.81","76.97","11829.49","11628.2","201.29","0","organic","SouthCarolina"
"20","13678.65","195.52","2017-08-13 00:00:00","1.78","3482.19","140.67","9860.27","9842.82","17.45","0","organic","SouthCarolina"
"17","109958.23","30727.41","2017-09-03 00:00:00","1.78","4626.58","0","74604.24","71340.48","3263.76","0","organic","SouthCentral"
"21","64344.45","1389.06","2017-08-06 00:00:00","1.78","16770.11","186.56","45998.72","42780.02","3218.7","0","organic","Southeast"
"24","70097.22","1230.72","2017-07-16 00:00:00","1.78","21752.43","156.17","46957.9","40900.26","6057.64","0","organic","Southeast"
"33","69261.08","17886.01","2017-05-14 00:00:00","1.78","19384.39","355.06","31635.62","15349.13","16286.49","0","organic","Southeast"
"37","60348.45","10404.69","2017-04-16 00:00:00","1.78","19431.24","358.76","30153.76","9641.86","20511.9","0","organic","Southeast"
"15","1249.75","23.58","2017-09-17 00:00:00","1.78","40.61","0","1185.56","1185.56","0","0","organic","Tampa"
"22","1091590.78","100332.24","2017-07-30 00:00:00","1.78","270534.58","2135.74","718295.3","594392.07","123903.23","0","organic","TotalUS"
"24","1148354.84","94267.55","2017-07-16 00:00:00","1.78","311432.79","4766.71","733949.04","596197.98","137751.06","0","organic","TotalUS"
"2","15409.21","1314.05","2017-12-17 00:00:00","1.78","2079.36","0","12015.8","11964.2","51.6","0","organic","WestTexNewMexico"
"21","15242.53","2134.24","2017-08-06 00:00:00","1.78","4592.66","331.6","8184.03","8171.22","12.81","0","organic","WestTexNewMexico"
"8","2419.64","52.42","2018-01-28 00:00:00","1.78","580.64","0","1786.58","294.66","1490.43","1.49","organic","Boise"
"4","15097.8","736.69","2018-02-25 00:00:00","1.78","4538.31","0","9822.8","2275.92","7546.88","0","organic","CincinnatiDayton"
"8","8672.12","1005.73","2018-01-28 00:00:00","1.78","2110.22","0","5556.17","5538.46","17.71","0","organic","LasVegas"
"9","12112.82","2178.78","2018-01-21 00:00:00","1.78","1901.41","0","8032.63","8031.33","1.3","0","organic","PhoenixTucson"
"1","26967.79","1433.7","2018-03-18 00:00:00","1.78","7055.03","3.5","18475.56","1880.56","16587.23","7.77","organic","Portland"
"3","6103.89","164.06","2018-03-04 00:00:00","1.78","2155.05","0","3784.78","3393.22","391.56","0","organic","Roanoke"
"4","9497.75","2169.03","2018-02-25 00:00:00","1.78","4285.39","0","3043.33","3036.67","6.66","0","organic","Sacramento"
"33","96750.67","2804.86","2017-05-14 00:00:00","1.77","80469.48","196.39","13279.94","5727.85","7552.09","0","conventional","Albany"
"19","474982.44","6723.39","2017-08-20 00:00:00","1.77","328845.89","1675.13","137738.03","90348.04","44267.77","3122.22","conventional","Boston"
"13","3870633.16","1288266.68","2017-10-01 00:00:00","1.77","1608863.15","120405.29","853098.04","794746.4","25612.08","32739.56","conventional","California"
"12","178991.71","50017.71","2017-10-08 00:00:00","1.77","66076.12","4781.98","58115.9","52744.08","5371.82","0","conventional","Charlotte"
"8","538967.37","96105.5","2017-11-05 00:00:00","1.77","284220.43","81793.52","76847.92","73426.03","3406.65","15.24","conventional","Chicago"
"16","117342.62","62701.34","2017-09-10 00:00:00","1.77","11080.3","27.8","43533.18","22005.33","20014.52","1513.33","conventional","Jacksonville"
"13","1697028.59","725653.31","2017-10-01 00:00:00","1.77","335816.39","78098.02","557460.87","510568.78","17512.89","29379.2","conventional","LosAngeles"
"11","1232522.78","566004.4","2017-10-15 00:00:00","1.77","324285.18","4322.76","337910.44","260794.05","77059.87","56.52","conventional","Plains"
"13","1309590.39","547565.46","2017-10-01 00:00:00","1.77","323435.45","13597.72","424991.76","323068.99","101858.27","64.5","conventional","Plains"
"28","660386.27","202024.11","2017-06-18 00:00:00","1.77","336284.13","16709.19","105368.84","100785.35","1133.49","3450","conventional","SanFrancisco"
"33","652375.87","182705.28","2017-05-14 00:00:00","1.77","349569.02","5175.3","114926.27","110145.3","1127.91","3653.06","conventional","SanFrancisco"
"50","1182.56","39","2015-01-11 00:00:00","1.77","305.12","0","838.44","838.44","0","0","organic","Albany"
"20","2318.61","67.32","2015-08-09 00:00:00","1.77","1564.51","0","686.78","443.34","243.44","0","organic","Indianapolis"
"45","1601.74","88.99","2015-02-15 00:00:00","1.77","956.36","0","556.39","450","106.39","0","organic","Indianapolis"
"44","1863.24","955.93","2015-02-22 00:00:00","1.77","49.18","4.8","853.33","853.33","0","0","organic","Jacksonville"
"31","1811.7","1036.04","2015-05-24 00:00:00","1.77","16.06","0","759.6","751.37","8.23","0","organic","MiamiFtLauderdale"
"33","2184.05","1393.71","2015-05-10 00:00:00","1.77","8.68","0","781.66","759.62","22.04","0","organic","MiamiFtLauderdale"
"1","73826.41","5825.64","2015-12-20 00:00:00","1.77","17999.1","2401.24","47600.43","40812.08","6788.35","0","organic","Northeast"
"20","4599.05","2327.49","2015-08-09 00:00:00","1.77","56.78","0","2214.78","2214.78","0","0","organic","Orlando"
"40","3577.55","1876.49","2015-03-22 00:00:00","1.77","81.06","0","1620","1620","0","0","organic","Orlando"
"26","1402.53","821.39","2015-06-28 00:00:00","1.77","32.38","0","548.76","529.83","18.93","0","organic","Pittsburgh"
"47","1427.11","760.33","2015-02-01 00:00:00","1.77","74.32","0","592.46","585.38","7.08","0","organic","Pittsburgh"
"1","4400.55","309.75","2015-12-20 00:00:00","1.77","2197.77","543.03","1350","1350","0","0","organic","RaleighGreensboro"
"6","4301.53","107.06","2015-11-15 00:00:00","1.77","1947.83","551.42","1695.22","1567.31","127.91","0","organic","RaleighGreensboro"
"22","6381.57","142.93","2015-07-26 00:00:00","1.77","2831.38","791.99","2615.27","1918.31","696.96","0","organic","RaleighGreensboro"
"24","6764.37","141.82","2015-07-12 00:00:00","1.77","2811.84","822.95","2987.76","2357.79","629.97","0","organic","RaleighGreensboro"
"44","3990.91","31.72","2015-02-22 00:00:00","1.77","2088.94","801.67","1068.58","1003.61","64.97","0","organic","RaleighGreensboro"
"1","3240.71","572.06","2015-12-20 00:00:00","1.77","1280.97","344.25","1043.43","1033.02","10.41","0","organic","SouthCarolina"
"9","4663.44","600.72","2015-10-25 00:00:00","1.77","1367.39","589.03","2106.3","2089.42","16.88","0","organic","SouthCarolina"
"40","4156.05","610.35","2015-03-22 00:00:00","1.77","1876.4","528.23","1141.07","1041.5","99.57","0","organic","SouthCarolina"
"33","30778.46","12263.83","2015-05-10 00:00:00","1.77","6021.66","723.38","11769.59","10022.12","1747.47","0","organic","Southeast"
"19","4058.22","435.47","2015-08-16 00:00:00","1.77","2735","0","887.75","0","887.75","0","organic","Spokane"
"29","2145.03","0","2015-06-07 00:00:00","1.77","49.66","0","2095.37","2095.37","0","0","organic","Syracuse"
"35","2102.93","2.46","2015-04-26 00:00:00","1.77","45.56","0","2054.91","2054.91","0","0","organic","Syracuse"
"48","845.05","1.24","2015-01-25 00:00:00","1.77","130.95","0","712.86","712.86","0","0","organic","Syracuse"
"14","515240.82","126318.13","2015-09-20 00:00:00","1.77","244950.88","4880.83","139090.98","91117.47","47973.51","0","organic","TotalUS"
"20","170475.9","66285.78","2015-08-09 00:00:00","1.77","54803.47","51.19","49335.46","7937.11","41398.35","0","organic","West"
"38","7485.54","2193.27","2015-03-29 00:00:00","1.77","3230.94","0","2061.33","2061.33","0","0","organic","WestTexNewMexico"
"46","7210.19","1634.42","2015-02-01 00:00:00","1.77","3012.44","0","2563.33","2563.33","0","0","organic","WestTexNewMexico"
"35","2328.82","19.94","2016-04-24 00:00:00","1.77","430.39","0","1878.49","1878.49","0","0","organic","Albany"
"18","20525.55","2700.7","2016-08-21 00:00:00","1.77","8409.95","466.6","8948.3","8945.51","2.79","0","organic","BaltimoreWashington"
"34","24200.98","1081.13","2016-05-01 00:00:00","1.77","10151.03","331.51","12637.31","12286.92","350.39","0","organic","BaltimoreWashington"
"48","1117.32","12.64","2016-01-24 00:00:00","1.77","497.95","0","606.73","183.34","423.39","0","organic","Boise"
"23","14776.98","4.69","2016-07-17 00:00:00","1.77","624.09","0","14148.2","12690.18","1458.02","0","organic","Boston"
"5","3046.51","6.04","2016-11-20 00:00:00","1.77","156.97","0","2883.5","2883.5","0","0","organic","BuffaloRochester"
"36","4460.01","400.23","2016-04-17 00:00:00","1.77","2383.44","505.61","1170.73","1170.73","0","0","organic","Charlotte"
"50","4815.55","313.18","2016-01-10 00:00:00","1.77","2207.99","842.33","1452.05","1425.34","26.71","0","organic","Charlotte"
"12","8280.66","570.03","2016-10-02 00:00:00","1.77","4396.02","0","3314.61","3048.2","266.41","0","organic","Columbus"
"8","13787.12","687.53","2016-10-30 00:00:00","1.77","10103.65","0","2995.94","826.9","2169.04","0","organic","Detroit"
"22","7162.2","958.62","2016-07-24 00:00:00","1.77","4955.19","0","1248.39","51.96","1196.43","0","organic","Nashville"
"44","87442.77","6874.34","2016-02-21 00:00:00","1.77","18295.13","1275.22","60998.08","36591.35","24406.73","0","organic","Northeast"
"49","3490.69","2447.83","2016-01-17 00:00:00","1.77","72.86","0","970","966.67","3.33","0","organic","Orlando"
"23","14216.44","6636.6","2016-07-17 00:00:00","1.77","4590.54","0","2989.3","432.21","2557.09","0","organic","PhoenixTucson"
"15","15909.84","217.23","2016-09-11 00:00:00","1.77","5379.34","518.49","9794.78","8919.3","875.48","0","organic","RaleighGreensboro"
"8","6335.66","52.16","2016-10-30 00:00:00","1.77","4203.61","0","2079.89","1422.05","657.84","0","organic","Roanoke"
"4","7063.85","316.98","2016-11-27 00:00:00","1.77","2281.53","185.48","4279.86","3086.57","1193.29","0","organic","SouthCarolina"
"20","8063.78","2307.37","2016-08-07 00:00:00","1.77","2240.62","21.65","3494.14","3490.81","3.33","0","organic","StLouis"
"2","1584","0","2016-12-11 00:00:00","1.77","171.2","0","1412.8","1391.97","20.83","0","organic","Syracuse"
"5","1573.28","3.71","2016-11-20 00:00:00","1.77","39.58","0","1529.99","1529.99","0","0","organic","Syracuse"
"14","10726.53","1561.83","2016-09-18 00:00:00","1.77","2483.57","5.69","6675.44","6399.23","276.21","0","organic","WestTexNewMexico"
"4","1829.41","35.28","2017-12-03 00:00:00","1.77","386.74","0","1407.39","351.95","1055.44","0","organic","Boise"
"20","18946.53","9.07","2017-08-13 00:00:00","1.77","1183.44","0","17754.02","15759.1","1994.92","0","organic","Boston"
"52","7545.82","593.56","2017-01-01 00:00:00","1.77","6565.28","0","386.98","280","106.98","0","organic","Detroit"
"35","2897.1","169.14","2017-04-30 00:00:00","1.77","1505.98","0","1221.98","851.69","370.29","0","organic","Indianapolis"
"4","71010.03","7976.44","2017-12-03 00:00:00","1.77","23155.32","0","39878.27","39864.21","14.06","0","organic","LosAngeles"
"44","91212.34","14208.53","2017-02-26 00:00:00","1.77","48448.61","164.07","28391.13","28122.96","268.17","0","organic","NewYork"
"5","190028.7","9276.35","2017-11-26 00:00:00","1.77","23321.1","181.54","157249.71","155444.42","1805.29","0","organic","Northeast"
"50","10857.24","0","2017-01-15 00:00:00","1.77","197.94","0","10659.3","10659.3","0","0","organic","NorthernNewEngland"
"11","10197.11","2370.22","2017-10-15 00:00:00","1.77","101.99","0","7724.9","7703.01","21.89","0","organic","PhoenixTucson"
"28","30476.21","6068.58","2017-06-18 00:00:00","1.77","4075.79","8.35","20323.49","153.34","20170.15","0","organic","Portland"
"47","9668.72","219.34","2017-02-05 00:00:00","1.77","3567.45","282.75","5599.18","5467.43","131.75","0","organic","RaleighGreensboro"
"35","10361.33","597.65","2017-04-30 00:00:00","1.77","5030.44","184.19","4549.05","3554.8","994.25","0","organic","RichmondNorfolk"
"14","124121.46","43104.01","2017-09-24 00:00:00","1.77","2957.09","0","78060.36","74777.97","3282.39","0","organic","SouthCentral"
"28","94314.28","4845.97","2017-06-18 00:00:00","1.77","38181.12","176.3","51110.89","34664.22","16446.67","0","organic","Southeast"
"1","4467.88","148.01","2017-12-24 00:00:00","1.77","1445.8","0","2874.07","762.34","2106.96","4.77","organic","Spokane"
"36","4478.9","322.84","2017-04-23 00:00:00","1.77","1586.56","8.5","2561","30","2531","0","organic","Spokane"
"8","6843.75","1.76","2017-11-05 00:00:00","1.77","1255.74","0","5586.25","3920.93","1665.32","0","organic","StLouis"
"6","967886.13","88110.88","2017-11-19 00:00:00","1.77","213230.36","834.3","665229.98","587077.23","77963.17","189.58","organic","TotalUS"
"27","1101009.92","123317.1","2017-06-25 00:00:00","1.77","341073.87","2613.51","634005.44","411977.56","222027.88","0","organic","TotalUS"
"31","18131.79","5410.04","2017-05-14 00:00:00","1.77","5406.61","0","7315.14","4198.56","3116.58","0","organic","WestTexNewMexico"
"11","2553.9","42.6","2018-01-07 00:00:00","1.77","949.08","0","1562.22","552.06","1010.16","0","organic","Boise"
"0","12030.96","17.85","2018-03-25 00:00:00","1.77","5964.29","161.23","5887.59","5792.37","95.22","0","organic","Charlotte"
"9","3510.16","67.15","2018-01-21 00:00:00","1.77","597.85","6.46","2838.7","2105.56","733.14","0","organic","Jacksonville"
"10","13514.36","3618.9","2018-01-14 00:00:00","1.77","2795.53","0","7099.93","7086.72","13.21","0","organic","PhoenixTucson"
"9","6887.8","1559.68","2018-01-21 00:00:00","1.77","823.81","0","4504.31","2868.51","1635.8","0","organic","StLouis"
"11","1031060.45","20086.94","2016-10-09 00:00:00","1.76","688905.67","1806.94","320260.9","272661.39","47381.07","218.44","conventional","NewYork"
"17","74297.64","4738.38","2017-09-03 00:00:00","1.76","59299.03","121.57","10138.66","4615.19","3646.8","1876.67","conventional","Albany"
"16","66479.27","36441.41","2017-09-10 00:00:00","1.76","2816.58","6160.18","21061.1","13679.37","7241.83","139.9","conventional","Boise"
"13","180280.25","43576.07","2017-10-01 00:00:00","1.76","74145.54","4797.8","57760.84","52513.87","5246.97","0","conventional","Charlotte"
"26","259782.83","9173.43","2017-07-02 00:00:00","1.76","191483.01","549.47","58576.92","46887.32","8666.82","3022.78","conventional","HartfordSpringfield"
"33","285282.2","4501.51","2017-05-14 00:00:00","1.76","193014.31","269.13","87497.25","85671.81","1111.55","713.89","conventional","HartfordSpringfield"
"36","267468.69","8180.9","2017-04-23 00:00:00","1.76","201383.54","202.5","57701.75","51718.85","5982.9","0","conventional","HartfordSpringfield"
"11","120662.74","9351.2","2017-10-15 00:00:00","1.76","52216.91","631.41","58463.22","27096.14","31344.37","22.71","conventional","Indianapolis"
"11","137503.61","75857.38","2017-10-15 00:00:00","1.76","10193.63","137.38","51315.22","23963.09","27352.13","0","conventional","Jacksonville"
"12","140968.03","77117.26","2017-10-08 00:00:00","1.76","4016.38","105.67","59728.72","49424.27","10304.45","0","conventional","Nashville"
"37","1222890.71","38975.1","2017-04-16 00:00:00","1.76","775310.37","4900.16","403705.08","339953.84","55759.57","7991.67","conventional","NewYork"
"42","1163703.37","16828.77","2017-03-12 00:00:00","1.76","755172.29","12532.1","379170.21","326854.39","49775.54","2540.28","conventional","NewYork"
"15","271882.04","181121.25","2017-09-17 00:00:00","1.76","30283.33","63.61","60413.85","16154.6","44255.92","3.33","conventional","Orlando"
"17","415130.61","113711.41","2017-09-03 00:00:00","1.76","118369.81","14533.01","168516.38","106243.97","61915.21","357.2","conventional","Portland"
"11","671239.19","120680.92","2017-10-15 00:00:00","1.76","461963.1","3144.56","85450.61","84850.23","231.37","369.01","conventional","SanFrancisco"
"14","653751.09","118405.01","2017-09-24 00:00:00","1.76","461050.64","2948.47","71346.97","70570.56","463.21","313.2","conventional","SanFrancisco"
"12","362523.96","232556.89","2017-10-08 00:00:00","1.76","34336.91","51.95","95578.21","60089.49","35488.72","0","conventional","Tampa"
"15","304681.73","207920.64","2017-09-17 00:00:00","1.76","40380.01","42.41","56338.67","8294.86","48037.14","6.67","conventional","Tampa"
"16","246731.78","171031.68","2017-09-10 00:00:00","1.76","22401.18","701.15","52597.77","27150.11","21804.33","3643.33","conventional","Tampa"
"37","1634.59","51.75","2015-04-12 00:00:00","1.76","93.38","0","1489.46","1489.46","0","0","organic","Albany"
"43","1663.35","32.82","2015-03-01 00:00:00","1.76","105.25","0","1525.28","1525.28","0","0","organic","Albany"
"51","3846.69","1500.15","2015-01-04 00:00:00","1.76","938.35","0","1408.19","1071.35","336.84","0","organic","Atlanta"
"20","2882.04","1224.64","2015-08-09 00:00:00","1.76","1107.4","0","550","550","0","0","organic","GrandRapids"
"37","1912.15","79.59","2015-04-12 00:00:00","1.76","1201.62","0","630.94","486.67","144.27","0","organic","Indianapolis"
"3","2080.56","1762.15","2015-12-06 00:00:00","1.76","43.1","18.64","256.67","256.67","0","0","organic","Jacksonville"
"39","2214.84","1346.48","2015-03-29 00:00:00","1.76","65.78","17.06","785.52","777.4","8.12","0","organic","Jacksonville"
"47","1591.75","805.42","2015-02-01 00:00:00","1.76","60.41","5.92","720","720","0","0","organic","Jacksonville"
"35","12433.98","3751.05","2015-04-26 00:00:00","1.76","7660.4","0","1022.53","560","462.53","0","organic","LasVegas"
"40","1030.98","10.75","2015-03-22 00:00:00","1.76","746.35","0","273.88","113.33","160.55","0","organic","Louisville"
"13","52253.69","2191.94","2015-09-27 00:00:00","1.76","31426.09","3164.97","15470.69","13112.36","2358.33","0","organic","Midsouth"
"28","4985.34","335.42","2015-06-14 00:00:00","1.76","3570.63","0","1079.29","400","679.29","0","organic","Nashville"
"43","4269.61","217.89","2015-03-01 00:00:00","1.76","3226.75","101.08","723.89","556.67","167.22","0","organic","Nashville"
"6","13622.89","3015.33","2015-11-15 00:00:00","1.76","9221.79","43.64","1342.13","353.75","988.38","0","organic","NewYork"
"36","2745.8","1577.58","2015-04-19 00:00:00","1.76","103.61","0","1064.61","1064.61","0","0","organic","Orlando"
"44","2584.79","1346.61","2015-02-22 00:00:00","1.76","31.51","0","1206.67","1206.67","0","0","organic","Orlando"
"47","2499.88","1262.74","2015-02-01 00:00:00","1.76","53.81","0","1183.33","1183.33","0","0","organic","Orlando"
"6","2966.77","619.54","2015-11-15 00:00:00","1.76","1814.9","16.03","516.3","333.53","182.77","0","organic","Philadelphia"
"46","4172.75","253.27","2015-02-08 00:00:00","1.76","1031.48","7.81","2880.19","2880.19","0","0","organic","Philadelphia"
"12","30507.45","2938.43","2015-10-04 00:00:00","1.76","14625.55","12.12","12931.35","8437.2","4494.15","0","organic","Plains"
"14","18014.56","2052.48","2015-09-20 00:00:00","1.76","9055.35","0","6906.73","0","6906.73","0","organic","Portland"
"38","27428.43","9037.65","2015-04-05 00:00:00","1.76","17777.46","4.75","608.57","0","608.57","0","organic","Portland"
"12","5592.18","28.22","2015-10-04 00:00:00","1.76","2449.8","645","2469.16","2062.84","406.32","0","organic","RaleighGreensboro"
"23","6069.35","93.14","2015-07-19 00:00:00","1.76","2710.15","780.46","2485.6","1873.03","612.57","0","organic","RaleighGreensboro"
"36","36734.87","9788.52","2015-04-19 00:00:00","1.76","24647.6","72.91","2225.84","0","2225.84","0","organic","Seattle"
"31","2882.1","951.24","2015-05-24 00:00:00","1.76","1617.67","3.78","309.41","0","309.41","0","organic","Spokane"
"33","3166.83","900.37","2015-05-10 00:00:00","1.76","1925.8","0","340.66","0","340.66","0","organic","Spokane"
"38","1690.53","2.46","2015-04-05 00:00:00","1.76","104.5","0","1583.57","1583.57","0","0","organic","Syracuse"
"40","810.61","0","2015-03-22 00:00:00","1.76","193.32","0","617.29","617.29","0","0","organic","Syracuse"
"2","1844.95","947.72","2015-12-13 00:00:00","1.76","25.19","0","872.04","872.04","0","0","organic","Tampa"
"3","1739.62","919.89","2015-12-06 00:00:00","1.76","16.4","0","803.33","803.33","0","0","organic","Tampa"
"12","8150.95","1500.18","2015-09-27 00:00:00","1.76","5237.43","0","1413.34","1406.67","6.67","0","organic","WestTexNewMexico"
"40","1733.01","14.09","2016-03-20 00:00:00","1.76","258.37","0","1460.55","1460.55","0","0","organic","Albany"
"0","5456.42","895.62","2016-12-25 00:00:00","1.76","2981.24","0","1579.56","0","1579.56","0","organic","Atlanta"
"19","16889.91","2206.71","2016-08-14 00:00:00","1.76","10855.76","367.06","3460.38","3443.56","16.82","0","organic","BaltimoreWashington"
"9","1047.82","0","2016-10-23 00:00:00","1.76","396.32","0","651.5","216.67","434.83","0","organic","Boise"
"14","2138.14","4","2016-09-18 00:00:00","1.76","815.29","0","1318.85","705.41","613.44","0","organic","Boise"
"4","1221.36","9.68","2016-11-27 00:00:00","1.76","210.08","0","1001.6","940.42","61.18","0","organic","BuffaloRochester"
"23","4222.14","65.33","2016-07-17 00:00:00","1.76","397.75","0","3759.06","1881.52","1877.54","0","organic","BuffaloRochester"
"36","4295","0","2016-04-17 00:00:00","1.76","164.9","0","4130.1","602.65","3527.45","0","organic","BuffaloRochester"
"28","4612.16","381.97","2016-06-12 00:00:00","1.76","2418","726.75","1085.44","1082.11","3.33","0","organic","Charlotte"
"48","3735.44","332.43","2016-01-24 00:00:00","1.76","1649.8","603.21","1150","1150","0","0","organic","Charlotte"
"12","105453.89","4376.33","2016-10-02 00:00:00","1.76","63611.12","1.6","37464.84","22736.82","14728.02","0","organic","GreatLakes"
"32","3079.43","2042.3","2016-05-15 00:00:00","1.76","140.46","0","896.67","896.67","0","0","organic","Jacksonville"
"44","2679.98","1793.68","2016-02-21 00:00:00","1.76","76.87","6.1","803.33","803.33","0","0","organic","Jacksonville"
"50","2737.65","1732.15","2016-01-10 00:00:00","1.76","78.13","24.04","903.33","903.33","0","0","organic","Jacksonville"
"2","6257.58","750.54","2016-12-11 00:00:00","1.76","2889.92","0","2617.12","2584.81","32.31","0","organic","LasVegas"
"47","4059.35","2811.38","2016-01-31 00:00:00","1.76","67.97","0","1180","1173.33","6.67","0","organic","Orlando"
"7","43201.25","5866.3","2016-11-06 00:00:00","1.76","10066.67","1872.81","25395.47","18106.52","7288.95","0","organic","Plains"
"12","47384.06","2804.71","2016-10-02 00:00:00","1.76","18186.33","649.6","25743.42","13418.55","12324.87","0","organic","Plains"
"16","52999.19","5375.86","2016-09-04 00:00:00","1.76","23930.05","230.55","23462.73","9984.63","13478.1","0","organic","Plains"
"23","46645.35","3982.86","2016-07-17 00:00:00","1.76","22440.03","886.04","19336.42","13280.84","6055.58","0","organic","Plains"
"30","40907.26","4923.5","2016-05-29 00:00:00","1.76","24223.73","1387.7","10372.33","7022.27","3350.06","0","organic","Plains"
"42","35593.76","4824.81","2016-03-06 00:00:00","1.76","18331.73","1348.12","11089.1","6599.18","4489.92","0","organic","Plains"
"44","13209.42","786.08","2016-02-21 00:00:00","1.76","9953.75","4.96","2464.63","190.9","2273.73","0","organic","Portland"
"23","12786.12","340.07","2016-07-17 00:00:00","1.76","4953.1","1036.51","6456.44","5924.3","532.14","0","organic","RaleighGreensboro"
"44","3564.84","211.91","2016-02-21 00:00:00","1.76","2287.77","382.96","682.2","660","22.2","0","organic","RaleighGreensboro"
"8","6706.92","211.94","2016-10-30 00:00:00","1.76","3878.06","348.87","2268.05","2042.4","225.65","0","organic","RichmondNorfolk"
"29","40948.65","625.84","2016-06-05 00:00:00","1.76","39556.57","21.31","744.93","272.96","471.97","0","organic","Seattle"
"26","3011.21","411.5","2016-06-26 00:00:00","1.76","2059.45","0","540.26","22.65","517.61","0","organic","Spokane"
"18","15357.93","3349","2016-08-21 00:00:00","1.76","3122.34","17","8869.59","4720","4149.59","0","organic","WestTexNewMexico"
"3","2237.32","52.94","2017-12-10 00:00:00","1.76","566.03","0","1618.35","463.07","1155.28","0","organic","Boise"
"17","22577.26","26.71","2017-09-03 00:00:00","1.76","866.01","0","21684.54","20203.75","1480.79","0","organic","Boston"
"8","145735.09","27876.4","2017-11-05 00:00:00","1.76","67331.86","0","50526.83","50478.71","48.12","0","organic","California"
"31","197588.64","31705.67","2017-05-28 00:00:00","1.76","68967.28","12.52","96903.17","96713.71","189.46","0","organic","California"
"33","167406.47","29347.26","2017-05-14 00:00:00","1.76","61178.45","7.82","76872.94","75429.92","1443.02","0","organic","California"
"33","10857.83","531.77","2017-05-14 00:00:00","1.76","5473.59","0","4852.47","1319.32","3533.15","0","organic","Detroit"
"49","8360.08","356.74","2017-01-22 00:00:00","1.76","139.44","16.83","7847.07","7826.68","20.39","0","organic","HarrisburgScranton"
"52","1956","147.29","2017-01-01 00:00:00","1.76","1025.37","0","783.34","614.99","168.35","0","organic","Indianapolis"
"28","10353.67","1706.85","2017-06-18 00:00:00","1.76","3322.38","0","5324.44","1909.65","3414.79","0","organic","LasVegas"
"15","1306.18","44.29","2017-09-17 00:00:00","1.76","15.22","0","1246.67","1246.67","0","0","organic","MiamiFtLauderdale"
"25","4404.15","89.08","2017-07-09 00:00:00","1.76","521.03","0","3794.04","3790.71","3.33","0","organic","MiamiFtLauderdale"
"33","133422.58","3776.69","2017-05-14 00:00:00","1.76","55201.16","1954.5","72490.23","38041.51","34448.72","0","organic","Midsouth"
"9","7350.15","75.61","2017-10-29 00:00:00","1.76","2571.96","0","4702.58","2957.01","1745.57","0","organic","Nashville"
"25","1942.28","103.74","2017-07-09 00:00:00","1.76","367.42","0","1471.12","1461.12","10","0","organic","NewOrleansMobile"
"9","264941.06","10127.06","2017-10-29 00:00:00","1.76","29797.6","100.29","224916.11","218668.73","6247.38","0","organic","Northeast"
"0","20129.5","0","2017-12-31 00:00:00","1.76","200.68","0","19928.82","19925.49","3.33","0","organic","NorthernNewEngland"
"1","25227.4","0","2017-12-24 00:00:00","1.76","463.23","0","24764.17","24764.17","0","0","organic","NorthernNewEngland"
"43","22547.41","6022.07","2017-03-05 00:00:00","1.76","9870.34","2.21","6652.79","6421.62","231.17","0","organic","Philadelphia"
"4","47265.24","2087.77","2017-12-03 00:00:00","1.76","14952.84","24.23","30200.4","18480.79","11719.61","0","organic","Plains"
"14","14075.51","257.62","2017-09-24 00:00:00","1.76","2561.93","53.35","11202.61","9417.16","1785.45","0","organic","RichmondNorfolk"
"5","35304.27","582.45","2017-11-26 00:00:00","1.76","11806.84","46.6","22868.38","1202.81","21536.14","129.43","organic","Seattle"
"25","14990.91","116.35","2017-07-09 00:00:00","1.76","5293.97","155.96","9424.63","7728.7","1695.93","0","organic","SouthCarolina"
"38","4857.02","258.59","2017-04-09 00:00:00","1.76","1820.91","0","2777.52","30","2747.52","0","organic","Spokane"
"16","3548.76","33.93","2017-09-10 00:00:00","1.76","2.62","0","3512.21","3505.54","6.67","0","organic","Tampa"
"32","7514.33","1257.05","2017-05-21 00:00:00","1.76","124.04","0","6133.24","5223.35","909.89","0","organic","Tampa"
"23","1214158.19","113467.66","2017-07-23 00:00:00","1.76","317184.04","3700.92","779486.6","624771.07","154712.59","2.94","organic","TotalUS"
"5","177222.64","19932.06","2017-11-26 00:00:00","1.76","35313.11","178.4","121799.07","56364.39","65168.89","265.79","organic","West"
"33","15686.98","1763.36","2017-04-30 00:00:00","1.76","5824.8","2.82","8096","4515.13","3580.87","0","organic","WestTexNewMexico"
"8","12432.58","21.47","2018-01-28 00:00:00","1.76","6626.86","271.36","5512.89","5080.46","432.43","0","organic","Charlotte"
"2","288008.65","20619.84","2018-03-11 00:00:00","1.76","53255.29","151.81","213981.71","185792.45","28189.26","0","organic","Northeast"
"11","16925.62","3822.41","2018-01-07 00:00:00","1.76","2695.1","0","10408.11","10364.12","43.99","0","organic","PhoenixTucson"
"9","4532.08","227.35","2018-01-21 00:00:00","1.76","1340.5","0","2964.23","745.55","2216.3","2.38","organic","Spokane"
"3","6858.14","982.72","2018-03-04 00:00:00","1.76","2294.52","0","3580.9","3054.45","526.45","0","organic","StLouis"
"5","7007.39","1253.21","2018-02-18 00:00:00","1.76","756.65","3.53","4994","2970","2024","0","organic","StLouis"
"8","6297.35","1399.87","2018-01-28 00:00:00","1.76","649.18","0","4248.3","2360","1888.3","0","organic","StLouis"
"4","488378.1","118187.03","2016-11-27 00:00:00","1.75","297882.68","2393.35","69915.04","67676.02","1584.02","655","conventional","SanFrancisco"
"31","779183.52","66151.19","2017-05-28 00:00:00","1.75","477777.76","7002.93","228251.64","221418.94","2459.09","4373.61","conventional","BaltimoreWashington"
"10","181203.19","4778.41","2017-10-22 00:00:00","1.75","59196.88","377.61","116850.29","31734.98","85072.27","43.04","conventional","CincinnatiDayton"
"16","210180.81","4525.65","2017-09-10 00:00:00","1.75","74602.5","668.52","130384.14","28410.44","101680.76","292.94","conventional","CincinnatiDayton"
"10","2247856.71","444286.92","2017-10-22 00:00:00","1.75","806545.92","170360.42","826663.45","555284.7","257991.63","13387.12","conventional","GreatLakes"
"29","296173.79","11601.99","2017-06-11 00:00:00","1.75","218427.65","135.11","66009.04","62894.62","6.09","3108.33","conventional","HartfordSpringfield"
"14","1760610.46","768658.64","2017-09-24 00:00:00","1.75","337637.65","79407.42","574906.75","529354.38","16258.82","29293.55","conventional","LosAngeles"
"19","1057188.97","72101.32","2017-08-20 00:00:00","1.75","582403.53","620.27","402063.85","377884.2","20393.67","3785.98","conventional","NewYork"
"31","1451146.59","52861.92","2017-05-28 00:00:00","1.75","824445.19","4083.43","569756.05","372163.91","178834.64","18757.5","conventional","NewYork"
"33","1387420.96","51358.7","2017-05-14 00:00:00","1.75","797684.64","4111.68","534265.94","445866.42","71417.58","16981.94","conventional","NewYork"
"38","1277721.97","37746.37","2017-04-09 00:00:00","1.75","775729.89","2839.8","461405.91","407168.08","51164.8","3073.03","conventional","NewYork"
"17","3330799.31","269503.29","2017-09-03 00:00:00","1.75","2097278.42","6901.98","957115.62","822614.03","106630.48","27871.11","conventional","Northeast"
"28","380239.79","41177.89","2017-06-18 00:00:00","1.75","219693.6","586.19","118782.11","95067.36","20864.75","2850","conventional","Philadelphia"
"32","385075.85","39609.47","2017-05-21 00:00:00","1.75","214417.22","619.72","130429.44","118137.44","12100.33","191.67","conventional","Philadelphia"
"33","387975.97","38509.67","2017-05-14 00:00:00","1.75","194669.62","536.53","154260.15","142282","11346.21","631.94","conventional","Philadelphia"
"14","1384407.83","592804.14","2017-09-24 00:00:00","1.75","318265.02","21231.46","452107.21","379266.75","72783.69","56.77","conventional","Plains"
"11","125434.52","56251.73","2017-10-15 00:00:00","1.75","17904.77","50.25","51227.77","41063.69","10136.37","27.71","conventional","StLouis"
"11","7279.83","2387.77","2015-10-11 00:00:00","1.75","3377.79","0","1514.27","0","1514.27","0","organic","Atlanta"
"19","10280.59","4472.68","2015-08-16 00:00:00","1.75","3521.79","864.71","1421.41","1404.99","16.42","0","organic","BaltimoreWashington"
"44","1081.18","1.24","2015-02-22 00:00:00","1.75","813.03","0","266.91","260","6.91","0","organic","Boise"
"4","83415.54","13195.19","2015-11-29 00:00:00","1.75","48229.29","0","21991.06","21671.7","319.36","0","organic","California"
"38","3315.89","28.96","2015-04-05 00:00:00","1.75","155.83","7.44","3123.66","3123.66","0","0","organic","HarrisburgScranton"
"32","2470.94","1550.76","2015-05-17 00:00:00","1.75","186.61","248.41","485.16","485.16","0","0","organic","Jacksonville"
"43","2076.28","1007.45","2015-03-01 00:00:00","1.75","30.16","25.34","1013.33","1013.33","0","0","organic","Jacksonville"
"17","8160.56","3905.04","2015-08-30 00:00:00","1.75","3627.37","0","628.15","67.59","560.56","0","organic","LasVegas"
"45","1201.07","12.71","2015-02-15 00:00:00","1.75","745.28","0","443.08","326.67","116.41","0","organic","Louisville"
"29","2094.36","1085.62","2015-06-07 00:00:00","1.75","19.75","0","988.99","988.99","0","0","organic","MiamiFtLauderdale"
"43","2035.58","1033.03","2015-03-01 00:00:00","1.75","2.55","0","1000","1000","0","0","organic","MiamiFtLauderdale"
"45","1791.51","908.96","2015-02-15 00:00:00","1.75","2.55","0","880","880","0","0","organic","MiamiFtLauderdale"
"15","62767.95","3051.05","2015-09-13 00:00:00","1.75","38182.38","3467.76","18066.76","16251.27","1815.49","0","organic","Midsouth"
"12","5092.36","533.94","2015-10-04 00:00:00","1.75","3976.44","0","581.98","576.67","5.31","0","organic","Nashville"
"42","2782.53","1382.97","2015-03-08 00:00:00","1.75","52.89","0","1346.67","1346.67","0","0","organic","Orlando"
"46","3229.47","1576.49","2015-02-08 00:00:00","1.75","36.31","0","1616.67","1616.67","0","0","organic","Orlando"
"44","4341.33","255.58","2015-02-22 00:00:00","1.75","1244.41","14.17","2827.17","2827.17","0","0","organic","Philadelphia"
"7","4292.52","74.28","2015-11-08 00:00:00","1.75","2037.97","655.73","1524.54","1357.91","166.63","0","organic","RaleighGreensboro"
"28","6913.18","203.17","2015-06-14 00:00:00","1.75","2924.84","1010.38","2774.79","2179.92","594.87","0","organic","RaleighGreensboro"
"11","26750.05","4297.16","2015-10-11 00:00:00","1.75","13215.71","11.98","9225.2","2.96","9222.24","0","organic","Seattle"
"13","24607.2","4793.34","2015-09-27 00:00:00","1.75","11315.26","6.64","8491.96","2.95","8489.01","0","organic","Seattle"
"27","38093.47","8727.72","2015-06-21 00:00:00","1.75","29192.23","91.29","82.23","0","82.23","0","organic","Seattle"
"8","4052.15","506.15","2015-11-01 00:00:00","1.75","1292.31","526.49","1727.2","1626.03","101.17","0","organic","SouthCarolina"
"6","30790.79","11283.31","2015-11-15 00:00:00","1.75","5218.44","591.33","13697.71","13393.92","303.79","0","organic","Southeast"
"19","36529.07","9052.44","2015-08-16 00:00:00","1.75","9070.56","836.19","17569.88","16882.57","687.31","0","organic","Southeast"
"29","30089.62","13382.84","2015-06-07 00:00:00","1.75","5784.58","776.94","10145.26","8480.4","1664.86","0","organic","Southeast"
"51","27365.89","9307.34","2015-01-04 00:00:00","1.75","3844.81","615.28","13598.46","13061.1","537.36","0","organic","Southeast"
"6","2807.44","1455.17","2015-11-15 00:00:00","1.75","44.49","0","1307.78","1304.45","3.33","0","organic","Tampa"
"45","1986.05","990.32","2015-02-15 00:00:00","1.75","2.4","0","993.33","993.33","0","0","organic","Tampa"
"48","1460.04","715.42","2015-01-25 00:00:00","1.75","17.95","0","726.67","726.67","0","0","organic","Tampa"
"13","501814.87","114590.38","2015-09-27 00:00:00","1.75","238175.26","4546.66","144502.57","81095.01","63407.56","0","organic","TotalUS"
"19","644689.71","150876.8","2015-08-16 00:00:00","1.75","310229.77","6215.26","177367.88","107593.62","69774.26","0","organic","TotalUS"
"18","182568.08","62741.72","2015-08-23 00:00:00","1.75","68168.99","86.19","51571.18","8054.58","43516.6","0","organic","West"
"10","1939.89","71.5","2016-10-16 00:00:00","1.75","111.86","0","1756.53","1756.53","0","0","organic","Albany"
"11","2179.44","77.27","2016-10-09 00:00:00","1.75","155.69","0","1946.48","1946.48","0","0","organic","Albany"
"51","1145.5","7","2016-01-03 00:00:00","1.75","187.9","0","950.6","950.6","0","0","organic","Albany"
"27","16906.19","1023.05","2016-06-19 00:00:00","1.75","10027.84","405.82","5449.48","4620.99","828.49","0","organic","BaltimoreWashington"
"29","22921.36","642.66","2016-06-05 00:00:00","1.75","9973.85","312.59","11992.26","11219.84","772.42","0","organic","BaltimoreWashington"
"15","9581.48","251.08","2016-09-11 00:00:00","1.75","4140.55","724.15","4465.7","4326.15","139.55","0","organic","Charlotte"
"45","3610.52","307.68","2016-02-14 00:00:00","1.75","1674.06","502.11","1126.67","1126.67","0","0","organic","Charlotte"
"47","3829.49","354.19","2016-01-31 00:00:00","1.75","1734.77","630.53","1110","1110","0","0","organic","Charlotte"
"0","4561.12","543.08","2016-12-25 00:00:00","1.75","2287.13","0","1730.91","1588.03","142.88","0","organic","Columbus"
"31","1610.27","19.03","2016-05-22 00:00:00","1.75","1178.7","0","412.54","380","32.54","0","organic","GrandRapids"
"30","9117.05","191.45","2016-05-29 00:00:00","1.75","190.06","22.57","8712.97","7698.69","1014.28","0","organic","HarrisburgScranton"
"22","103128.79","3832.04","2016-07-24 00:00:00","1.75","54656.68","5019.61","39620.46","32405.39","7215.07","0","organic","Midsouth"
"18","106119.98","7701.71","2016-08-21 00:00:00","1.75","29626.17","1174.63","67617.47","66877.32","740.15","0","organic","Northeast"
"40","104018.17","6688.35","2016-03-20 00:00:00","1.75","25202.39","1881.07","70246.36","60347.7","9898.66","0","organic","Northeast"
"41","103718.78","10673.61","2016-03-13 00:00:00","1.75","21146.55","1754.74","70143.88","53467.97","16675.91","0","organic","Northeast"
"9","11324.45","0","2016-10-23 00:00:00","1.75","153.88","0","11170.57","11170.57","0","0","organic","NorthernNewEngland"
"50","3858.1","2417.89","2016-01-10 00:00:00","1.75","59.89","0","1380.32","1363.33","16.99","0","organic","Orlando"
"40","8420.43","745.29","2016-03-20 00:00:00","1.75","3110.02","14.54","4550.58","3437.89","1112.69","0","organic","Philadelphia"
"27","40879.73","1015.37","2016-06-19 00:00:00","1.75","38691.88","35.72","1136.76","332.71","804.05","0","organic","Seattle"
"8","44666","5090.29","2016-10-30 00:00:00","1.75","15508.61","572.47","23494.63","5220.39","18274.24","0","organic","Southeast"
"27","2952","348.81","2016-06-19 00:00:00","1.75","2595.61","0","7.58","7.58","0","0","organic","Spokane"
"25","4788.38","398.73","2016-07-03 00:00:00","1.75","1834.52","8.94","2546.19","2546.19","0","0","organic","StLouis"
"19","176385.1","44064.59","2016-08-14 00:00:00","1.75","63383.04","117.36","68820.11","51024.36","17795.75","0","organic","West"
"5","11140.07","1377.62","2016-11-20 00:00:00","1.75","3897.77","2.85","5861.83","5848.5","13.33","0","organic","WestTexNewMexico"
"6","2506.38","0","2017-11-19 00:00:00","1.75","252.98","0","2253.4","2250.07","3.33","0","organic","Albany"
"19","39133.75","924.94","2017-08-20 00:00:00","1.75","8272.68","114.95","29821.18","29816.74","4.44","0","organic","BaltimoreWashington"
"18","22339","18.23","2017-08-27 00:00:00","1.75","1150.07","0","21170.7","20161.43","1009.27","0","organic","Boston"
"2","126089.01","24044.07","2017-12-17 00:00:00","1.75","55284.97","0","46759.97","46698.32","61.65","0","organic","California"
"4","32233.21","21.79","2017-12-03 00:00:00","1.75","24946.69","0","7264.73","7209.18","55.55","0","organic","Chicago"
"13","21753.6","503.84","2017-10-01 00:00:00","1.75","3596.4","0","17535.94","15555.28","1980.66","0","organic","Detroit"
"30","14124.57","512.91","2017-06-04 00:00:00","1.75","4770.64","0","8841.02","920.66","7920.36","0","organic","Detroit"
"50","1427.36","60.33","2017-01-15 00:00:00","1.75","973.7","0","393.33","393.33","0","0","organic","GrandRapids"
"14","7918.96","147.27","2017-09-24 00:00:00","1.75","1288.65","0","6459.71","3930.37","2529.34","0","organic","Indianapolis"
"34","3987.53","1182.72","2017-05-07 00:00:00","1.75","158.85","2.5","2643.46","620","2023.46","0","organic","Jacksonville"
"5","117915.02","2273.75","2017-11-26 00:00:00","1.75","31229.01","553.57","83858.69","80658.79","3199.9","0","organic","Midsouth"
"27","125035.1","2567.52","2017-06-25 00:00:00","1.75","50700.82","1147.57","70619.19","38193.8","32425.39","0","organic","Midsouth"
"5","22376.94","1.74","2017-11-26 00:00:00","1.75","219.85","0","22155.35","22155.35","0","0","organic","NorthernNewEngland"
"38","12052.63","90.05","2017-04-09 00:00:00","1.75","237.99","0","11724.59","11724.59","0","0","organic","NorthernNewEngland"
"6","19663.06","1425.46","2017-11-19 00:00:00","1.75","2936.37","12.49","15288.74","15274.35","14.39","0","organic","Philadelphia"
"3","6765.28","1703.63","2017-12-10 00:00:00","1.75","2659.43","0","2402.22","2395.55","6.67","0","organic","Sacramento"
"1","42805.68","928.21","2017-12-24 00:00:00","1.75","13694.01","26.04","28157.42","3377.7","24684.25","95.47","organic","Seattle"
"12","106062.64","27054.58","2017-10-08 00:00:00","1.75","3391.43","0","75616.63","75373.41","243.22","0","organic","SouthCentral"
"13","107773.96","31572.3","2017-10-01 00:00:00","1.75","2854.98","0","73346.68","72854.87","491.81","0","organic","SouthCentral"
"16","108438.31","31218.95","2017-09-10 00:00:00","1.75","4601.22","0","72618.14","71103.81","1514.33","0","organic","SouthCentral"
"1","202790.74","29398.11","2018-03-18 00:00:00","1.75","70514.05","8.08","102870.5","102717.5","153","0","organic","California"
"1","11986.57","30.26","2018-03-18 00:00:00","1.75","5808.91","205.67","5941.73","5801.28","140.45","0","organic","Charlotte"
"0","5518.73","171.22","2018-03-25 00:00:00","1.75","806.65","3.93","4536.93","2944.89","1592.04","0","organic","Jacksonville"
"9","94441.5","9239.41","2018-01-21 00:00:00","1.75","24527.98","0","60674.11","60647.03","27.08","0","organic","LosAngeles"
"8","96380.28","13196.3","2018-01-28 00:00:00","1.75","24933.01","128.24","58122.73","56090.23","2032.5","0","organic","NewYork"
"9","215742.94","11683.16","2018-01-21 00:00:00","1.75","26922.85","162.73","176974.2","167900.81","9073.39","0","organic","Northeast"
"11","264448.77","11605.47","2018-01-07 00:00:00","1.75","35898.69","55.76","216888.85","205469.1","11419.75","0","organic","Northeast"
"11","26188.31","0","2018-01-07 00:00:00","1.75","551.1","0","25637.21","25633.88","3.33","0","organic","NorthernNewEngland"
"0","19086.94","865.91","2018-03-25 00:00:00","1.75","10936.47","0","7284.56","7284.56","0","0","organic","SanDiego"
"1","18371.03","836.22","2018-03-18 00:00:00","1.75","10877.69","0","6657.12","6657.12","0","0","organic","SanDiego"
"6","7732.34","1448.4","2018-02-11 00:00:00","1.75","752.88","1.75","5529.31","3018.89","2510.42","0","organic","StLouis"
"10","335408.43","15915.88","2016-10-16 00:00:00","1.74","192515.42","718.39","126258.74","119365.97","6892.77","0","conventional","Philadelphia"
"12","4151444.41","1377101","2017-10-08 00:00:00","1.74","1829530.74","138380.27","806432.4","747128.46","25531.54","33772.4","conventional","California"
"14","3937000.67","1383479.62","2017-09-24 00:00:00","1.74","1575761.37","119703.21","858056.47","801572.79","24211.83","32271.85","conventional","California"
"18","112023.41","1978.65","2017-08-27 00:00:00","1.74","45102.68","25971.21","38970.87","26953.3","3478.91","8538.66","conventional","GrandRapids"
"27","142258.18","2010.17","2017-06-25 00:00:00","1.74","54017.53","29866.67","56363.81","42161.64","4631.35","9570.82","conventional","GrandRapids"
"17","224635.6","4476.51","2017-09-03 00:00:00","1.74","165217.63","79.27","54862.19","52916.32","345.87","1600","conventional","HartfordSpringfield"
"19","223619.15","3659.65","2017-08-20 00:00:00","1.74","155326.78","79.42","64553.3","59503.97","3259.33","1790","conventional","HartfordSpringfield"
"38","284522.31","7409.75","2017-04-09 00:00:00","1.74","199909.01","161.85","77041.7","76173.81","867.89","0","conventional","HartfordSpringfield"
"14","135854.22","7948.8","2017-09-24 00:00:00","1.74","63487.06","867.35","63551.01","31441.95","32031.35","77.71","conventional","Indianapolis"
"16","1969051.97","898753.94","2017-09-10 00:00:00","1.74","359807.34","94971.16","615519.53","568315.4","14394.75","32809.38","conventional","LosAngeles"
"29","1374185.78","54293.79","2017-06-11 00:00:00","1.74","753430.43","3000.9","563460.66","322838.07","233754.81","6867.78","conventional","NewYork"
"39","1221327.78","36138.61","2017-04-02 00:00:00","1.74","791416.43","4113.73","389659.01","340915.45","48526.89","216.67","conventional","NewYork"
"30","4096560.83","241585.33","2017-06-04 00:00:00","1.74","2718513.23","12943.73","1123518.54","923263.95","179473.2","20781.39","conventional","Northeast"
"16","312541.08","23481.64","2017-09-10 00:00:00","1.74","229059.76","1536.7","58462.98","19750.58","36065.73","2646.67","conventional","NorthernNewEngland"
"11","288581.65","176622.72","2017-10-15 00:00:00","1.74","22938.4","94.4","88926.13","57999.74","30926.39","0","conventional","Orlando"
"31","432742.98","41076.94","2017-05-28 00:00:00","1.74","232834.25","662.52","158169.27","130634.15","27089.29","445.83","conventional","Philadelphia"
"37","390396.69","31877.26","2017-04-16 00:00:00","1.74","220755.78","406.24","137357.41","120676.87","16680.54","0","conventional","Philadelphia"
"42","377616.35","16961.96","2017-03-12 00:00:00","1.74","230010.9","6116.39","124527.1","112097.57","12054.53","375","conventional","Philadelphia"
"13","318071.39","81753.69","2017-10-01 00:00:00","1.74","191731","927.15","43659.55","41898.82","1572.23","188.5","conventional","Sacramento"
"14","330959.91","123024.51","2017-09-24 00:00:00","1.74","119911.94","17120.26","70903.2","67782.03","3117.48","3.69","conventional","SanDiego"
"24","732328.94","182480.94","2017-07-16 00:00:00","1.74","472009.71","8044.28","69794.01","67144.66","896.01","1753.34","conventional","SanFrancisco"
"11","411343.55","85159.49","2017-10-15 00:00:00","1.74","168426.55","10887.91","146869.6","98698.38","47512.48","658.74","conventional","Seattle"
"3","137419.7","2687.59","2018-03-04 00:00:00","1.74","54299.89","29572.84","50859.38","33939.14","7138.74","9781.5","conventional","GrandRapids"
"7","5317.73","1904.89","2015-11-08 00:00:00","1.74","2047.54","0","1365.3","843.33","521.97","0","organic","Atlanta"
"29","4096.05","1467.61","2015-06-07 00:00:00","1.74","1864.5","0","763.94","147.2","616.74","0","organic","Atlanta"
"31","5464.3","1705.34","2015-05-24 00:00:00","1.74","2707.04","0","1051.92","119.44","932.48","0","organic","Atlanta"
"38","5558.81","1595.31","2015-04-05 00:00:00","1.74","3073.37","0","890.13","40.46","849.67","0","organic","Atlanta"
"44","3325.89","75.83","2015-02-22 00:00:00","1.74","1062.64","0","2187.42","2187.42","0","0","organic","Boston"
"15","3900.18","639.76","2015-09-13 00:00:00","1.74","2289.49","0","970.93","472.61","498.32","0","organic","Columbus"
"7","6908.14","1657.5","2015-11-08 00:00:00","1.74","4296.5","0","954.14","216.67","737.47","0","organic","Detroit"
"19","10631.12","615.83","2015-08-16 00:00:00","1.74","8951.71","0","1063.58","332.59","730.99","0","organic","Detroit"
"39","6650.29","410.36","2015-03-29 00:00:00","1.74","5582.97","0","656.96","471.04","185.92","0","organic","Detroit"
"11","1653.86","517.94","2015-10-11 00:00:00","1.74","835.92","0","300","300","0","0","organic","GrandRapids"
"43","3063.7","44.66","2015-03-01 00:00:00","1.74","266.54","7.83","2744.67","2744.67","0","0","organic","HarrisburgScranton"
"14","4181.32","424.12","2015-09-20 00:00:00","1.74","3661.34","0","95.86","13.33","82.53","0","organic","Nashville"
"8","48955.21","5160.45","2015-11-01 00:00:00","1.74","14384.31","718.43","28692.02","26937.17","1754.85","0","organic","Northeast"
"22","6023.21","2483.01","2015-07-26 00:00:00","1.74","56.16","0","3484.04","3484.04","0","0","organic","Orlando"
"10","3665.62","230.01","2015-10-18 00:00:00","1.74","1600.51","15.55","1819.55","111.28","1708.27","0","organic","Philadelphia"
"9","16496.39","628.45","2015-10-25 00:00:00","1.74","9578.24","6.63","6283.07","36.85","6246.22","0","organic","Portland"
"0","3905.44","256.26","2015-12-27 00:00:00","1.74","1936.8","437.05","1275.33","1116.34","158.99","0","organic","RaleighGreensboro"
"42","6539.55","86.46","2015-03-08 00:00:00","1.74","2512.71","977.29","2963.09","2947.28","15.81","0","organic","RaleighGreensboro"
"18","5916.44","98.11","2015-08-23 00:00:00","1.74","3358.92","451.81","2007.6","1550","457.6","0","organic","RichmondNorfolk"
"18","10817.27","2433.22","2015-08-23 00:00:00","1.74","7936.29","0","447.76","447.76","0","0","organic","SanDiego"
"9","25757.73","3749.12","2015-10-25 00:00:00","1.74","11950.72","63.86","9994.03","647.47","9346.56","0","organic","Seattle"
"2","3893.76","558.34","2015-12-13 00:00:00","1.74","1373.19","268.34","1693.89","1601.85","92.04","0","organic","SouthCarolina"
"7","4719.1","638.13","2015-11-08 00:00:00","1.74","1186.2","422.64","2472.13","2429.32","42.81","0","organic","SouthCarolina"
"2","24743.66","9360.81","2015-12-13 00:00:00","1.74","5604","383.91","9394.94","8680.07","714.87","0","organic","Southeast"
"17","33530.11","9183.16","2015-08-30 00:00:00","1.74","8692.14","802.48","14852.33","12185.97","2666.36","0","organic","Southeast"
"26","29549.92","13344.49","2015-06-28 00:00:00","1.74","7207.44","824.04","8173.95","4887.11","3286.84","0","organic","Southeast"
"32","2080.23","11.14","2015-05-17 00:00:00","1.74","90.36","0","1978.73","1978.73","0","0","organic","Syracuse"
"7","1802.37","871.03","2015-11-08 00:00:00","1.74","10.19","0","921.15","921.15","0","0","organic","Tampa"
"29","192122.01","81830.79","2015-06-07 00:00:00","1.74","74180.44","122.03","35988.75","7351.98","28636.77","0","organic","West"
"22","6864.82","2502.95","2015-07-19 00:00:00","1.74","3493.83","0","868.04","266.67","601.37","0","organic","WestTexNewMexico"
"44","5258.5","2034.56","2016-02-21 00:00:00","1.74","2318.33","0","905.61","503.33","402.28","0","organic","Atlanta"
"14","9074.71","240.75","2016-09-18 00:00:00","1.74","3850.09","623.35","4360.52","3896.3","464.22","0","organic","Charlotte"
"7","13748.96","11564.81","2016-11-06 00:00:00","1.74","1279.38","24.27","880.5","2.57","877.93","0","organic","Denver"
"12","10476.39","788.72","2016-10-02 00:00:00","1.74","7978.47","0","1709.2","746.49","962.71","0","organic","Detroit"
"6","3601.66","252.1","2016-11-13 00:00:00","1.74","249.01","10.59","3089.96","3089.96","0","0","organic","HarrisburgScranton"
"47","2697.3","1724.8","2016-01-31 00:00:00","1.74","84.91","10.92","876.67","876.67","0","0","organic","Jacksonville"
"4","6539.69","838.75","2016-11-27 00:00:00","1.74","2060.12","0","3640.82","3634.77","6.05","0","organic","LasVegas"
"51","1057.26","19.87","2016-01-03 00:00:00","1.74","858.22","0","179.17","6.67","172.5","0","organic","Louisville"
"13","107211.26","2302.63","2016-09-25 00:00:00","1.74","47284.79","2195.54","55428.3","41196.46","14231.84","0","organic","Midsouth"
"14","108615.07","2300.06","2016-09-18 00:00:00","1.74","45951.61","2199.06","58164.34","46367.63","11796.71","0","organic","Midsouth"
"12","4636.33","546.56","2016-10-02 00:00:00","1.74","3826.74","0","263.03","31.11","231.92","0","organic","Nashville"
"42","3787.95","2526.85","2016-03-06 00:00:00","1.74","84","0","1177.1","1167.1","10","0","organic","Orlando"
"6","51861.03","5110.61","2016-11-13 00:00:00","1.74","13801.36","826.87","32122.19","23130.88","8991.31","0","organic","Plains"
"19","29526.94","6587.02","2016-08-14 00:00:00","1.74","11769.92","0","11170","3625.75","7544.25","0","organic","Portland"
"26","41165.72","813.21","2016-06-26 00:00:00","1.74","32449.11","68.65","7834.75","196.26","7638.49","0","organic","Seattle"
"24","5055.17","423.98","2016-07-10 00:00:00","1.74","1915.03","0","2716.16","2716.16","0","0","organic","StLouis"
"26","7231.64","1646.65","2016-06-26 00:00:00","1.74","1916.95","21.42","3646.62","3646.62","0","0","organic","StLouis"
"35","3046.63","388.81","2017-04-30 00:00:00","1.74","280.28","0","2377.54","2377.54","0","0","organic","Albany"
"51","8244.17","1456","2017-01-08 00:00:00","1.74","5316.57","0","1471.6","0","1471.6","0","organic","Atlanta"
"3","26314.71","14.46","2017-12-10 00:00:00","1.74","1541.99","0","24758.26","19905.51","4852.75","0","organic","Boston"
"16","25480.22","20.49","2017-09-10 00:00:00","1.74","1076.33","0","24383.4","23213.93","1169.47","0","organic","Boston"
"21","13741.86","38.53","2017-08-06 00:00:00","1.74","7883","0","5820.33","5820.33","0","0","organic","Chicago"
"37","68194.97","189.55","2017-04-16 00:00:00","1.74","63660.83","0","4344.59","4344.59","0","0","organic","Chicago"
"23","25193.5","603.58","2017-07-23 00:00:00","1.74","5510.26","0","19079.66","10022.12","9057.54","0","organic","Detroit"
"51","8156.07","751.53","2017-01-08 00:00:00","1.74","5747.86","0","1656.68","973.89","682.79","0","organic","Detroit"
"34","146983.33","3712.17","2017-05-07 00:00:00","1.74","80827.19","1.64","62442.33","21373.63","41068.7","0","organic","GreatLakes"
"45","3179.09","857.14","2017-02-19 00:00:00","1.74","147.79","1.27","2172.89","1136.68","1036.21","0","organic","Jacksonville"
"21","10124.07","1959.22","2017-08-06 00:00:00","1.74","2514.13","0","5650.72","5623.09","27.63","0","organic","LasVegas"
"29","11473.1","2058.67","2017-06-11 00:00:00","1.74","2749.59","0","6664.84","2823.89","3840.95","0","organic","LasVegas"
"31","9789.43","1872.87","2017-05-28 00:00:00","1.74","2730.95","1.28","5184.33","943.54","4240.79","0","organic","LasVegas"
"0","78872.75","15369.81","2017-12-31 00:00:00","1.74","20722.83","0","42780.11","42693.41","86.7","0","organic","LosAngeles"
"16","3299.73","30.31","2017-09-10 00:00:00","1.74","8.31","0","3261.11","3257.78","3.33","0","organic","MiamiFtLauderdale"
"40","5830.75","1352.29","2017-03-26 00:00:00","1.74","124.61","0","4353.85","4250","103.85","0","organic","MiamiFtLauderdale"
"7","5833.9","58.43","2017-11-12 00:00:00","1.74","1861.34","0","3914.13","2233.49","1680.64","0","organic","Nashville"
"36","2924.36","295.32","2017-04-23 00:00:00","1.74","12.1","0","2616.94","2616.94","0","0","organic","NewOrleansMobile"
"15","238274.56","9146.68","2017-09-17 00:00:00","1.74","34141.63","44.41","194941.84","193019.04","1922.8","0","organic","Northeast"
"21","216000.77","6369.3","2017-08-06 00:00:00","1.74","31343.15","143.23","178145.09","152573.08","25572.01","0","organic","Northeast"
"22","214612.36","5868.8","2017-07-30 00:00:00","1.74","30074.75","259.43","178409.38","153830.81","24578.57","0","organic","Northeast"
"19","28797.58","4535.82","2017-08-20 00:00:00","1.74","7007.77","4.61","17249.38","17249.38","0","0","organic","Philadelphia"
"22","21425.41","689.81","2017-07-30 00:00:00","1.74","4317.72","6.13","16411.75","16411.75","0","0","organic","Philadelphia"
"8","8454.27","2535.09","2017-11-05 00:00:00","1.74","2818.07","0","3101.11","3101.11","0","0","organic","Sacramento"
"21","11964.74","205.93","2017-08-06 00:00:00","1.74","3665.23","135.34","7958.24","7694.74","263.5","0","organic","SouthCarolina"
"11","115437.92","24823.67","2017-10-15 00:00:00","1.74","3241.9","0","87372.35","85526.15","1846.2","0","organic","SouthCentral"
"6","6739.72","101.99","2017-11-19 00:00:00","1.74","789.78","0","5847.95","5031.44","816.51","0","organic","Tampa"
"17","2478.44","38.56","2017-09-03 00:00:00","1.74","27.66","0","2412.22","2408.89","3.33","0","organic","Tampa"
"26","1173393.06","128156.1","2017-07-02 00:00:00","1.74","360890.48","3393.83","680952.65","459881.11","221071.54","0","organic","TotalUS"
"8","12169.3","2012.76","2017-11-05 00:00:00","1.74","1503.09","0","8653.45","8566.79","86.66","0","organic","WestTexNewMexico"
"32","16697.08","3986.53","2017-05-07 00:00:00","1.74","4485.2","22.54","8202.81","5333.82","2868.99","0","organic","WestTexNewMexico"
"0","38441.23","27.25","2018-03-25 00:00:00","1.74","2031.54","0","36382.44","29466.95","6915.49","0","organic","Boston"
"0","91739.92","11197.66","2018-03-25 00:00:00","1.74","29959.26","0","50583","50420.81","162.19","0","organic","LosAngeles"
"4","90985.4","10382.97","2018-02-25 00:00:00","1.74","35406.21","0","45196.22","45169.68","26.54","0","organic","LosAngeles"
"6","92968.52","11627.06","2018-02-11 00:00:00","1.74","23735.33","0","57606.13","57577.44","28.69","0","organic","LosAngeles"
"11","3788.91","212.72","2018-01-07 00:00:00","1.74","1413.85","0","2162.34","600","1562.34","0","organic","Spokane"
"6","559978.64","64630.53","2016-11-13 00:00:00","1.73","311687.85","28558.19","155102.07","153317.9","1348.06","436.11","conventional","BaltimoreWashington"
"15","65336.49","35146.94","2017-09-17 00:00:00","1.73","2637.92","5498.75","22052.88","15258.22","6770.69","23.97","conventional","Boise"
"30","590580.03","5139.73","2017-06-04 00:00:00","1.73","460653.96","3075.67","121710.67","115907.4","5366.6","436.67","conventional","Boston"
"31","602637.88","5970.3","2017-05-28 00:00:00","1.73","460430.96","2755.68","133480.94","127580.75","4926.86","973.33","conventional","Boston"
"38","144360.97","2187.7","2017-04-09 00:00:00","1.73","69915.75","29243.42","43014.1","30183.84","6762.23","6068.03","conventional","GrandRapids"
"39","140629.7","1804.04","2017-04-02 00:00:00","1.73","68299.15","25528","44998.51","31734.52","5315.48","7948.51","conventional","GrandRapids"
"41","141712.21","1749.65","2017-03-19 00:00:00","1.73","70210.67","23436.73","46315.16","30574","6156.07","9585.09","conventional","GrandRapids"
"42","129820.93","1645.17","2017-03-12 00:00:00","1.73","64057.69","21287.24","42830.83","26704.25","7110.17","9016.41","conventional","GrandRapids"
"17","2638911.89","445855.59","2017-09-03 00:00:00","1.73","975125.15","235105.19","982825.96","641935.76","287510.2","53380","conventional","GreatLakes"
"15","141725.96","82016.13","2017-09-17 00:00:00","1.73","13544.55","24.82","46140.46","8860.73","37219.73","60","conventional","Jacksonville"
"15","1865690.48","837463.16","2017-09-17 00:00:00","1.73","357662.06","84556.11","586009.15","543636.79","13163.62","29208.74","conventional","LosAngeles"
"15","68830.07","2265.55","2017-09-17 00:00:00","1.73","31173.61","79.54","35311.37","14322.14","20969.23","20","conventional","Louisville"
"29","379927.26","38042.56","2017-06-11 00:00:00","1.73","205769.8","620.68","135494.22","101707.26","31846.4","1940.56","conventional","Philadelphia"
"21","493703.62","124307.99","2017-08-06 00:00:00","1.73","178899.75","965.93","189529.95","115658.86","73095.04","776.05","conventional","Seattle"
"51","379.82","0","2015-01-04 00:00:00","1.73","59.82","0","320","320","0","0","organic","BuffaloRochester"
"49","57646.9","3941.59","2015-01-18 00:00:00","1.73","43653.15","0","10052.16","6511.7","3540.46","0","organic","GreatLakes"
"17","2421.86","94.47","2015-08-30 00:00:00","1.73","134.32","12.92","2180.15","2153.91","26.24","0","organic","HarrisburgScranton"
"41","2478","1133.25","2015-03-15 00:00:00","1.73","11.42","0","1333.33","1333.33","0","0","organic","MiamiFtLauderdale"
"47","1767.3","827.35","2015-02-01 00:00:00","1.73","16.62","0","923.33","923.33","0","0","organic","MiamiFtLauderdale"
"12","53587.09","2184.76","2015-10-04 00:00:00","1.73","32902.43","3190.88","15309.02","12203.37","3105.65","0","organic","Midsouth"
"37","5957.21","677.37","2015-04-12 00:00:00","1.73","1892.8","7.88","3379.16","3379.16","0","0","organic","Philadelphia"
"7","32097.19","4531.87","2015-11-08 00:00:00","1.73","14489.94","328.59","12746.79","8602.73","4144.06","0","organic","Plains"
"19","30519.41","4315.77","2015-08-16 00:00:00","1.73","19426.12","0","6777.52","0","6777.52","0","organic","Portland"
"10","5627.1","43.28","2015-10-18 00:00:00","1.73","2506.16","698.19","2379.47","2241.87","137.6","0","organic","RaleighGreensboro"
"43","5491.23","55.87","2015-03-01 00:00:00","1.73","2571.34","931.25","1932.77","1814.69","118.08","0","organic","RaleighGreensboro"
"46","5749.75","56.66","2015-02-08 00:00:00","1.73","2117.25","855.4","2720.44","2635.69","84.75","0","organic","RaleighGreensboro"
"17","6607.42","61.62","2015-08-30 00:00:00","1.73","5079.88","0","1465.92","760","705.92","0","organic","Roanoke"
"12","34022.57","4207.08","2015-10-04 00:00:00","1.73","19775.17","6.65","10033.67","5.91","10027.76","0","organic","Seattle"
"3","3775.9","574.52","2015-12-06 00:00:00","1.73","1195.56","295.4","1710.42","1594.12","116.3","0","organic","SouthCarolina"
"7","32091.23","10423.56","2015-11-08 00:00:00","1.73","6052.24","620.92","14994.51","14059.58","934.93","0","organic","Southeast"
"8","29978.74","8836.49","2015-11-01 00:00:00","1.73","6600.41","820.95","13720.89","12660.01","1060.88","0","organic","Southeast"
"40","33825.57","12359.73","2015-03-22 00:00:00","1.73","9572.05","746.1","11147.69","10338.9","808.79","0","organic","Southeast"
"7","1837.88","118.46","2015-11-08 00:00:00","1.73","1392.66","0","326.76","16.67","310.09","0","organic","Spokane"
"4","1685.8","791.5","2015-11-29 00:00:00","1.73","8.85","0","885.45","885.45","0","0","organic","Tampa"
"28","2026.74","934.18","2015-06-14 00:00:00","1.73","5.89","0","1086.67","1086.67","0","0","organic","Tampa"
"39","2210.49","1045.44","2015-03-29 00:00:00","1.73","8.38","0","1156.67","1156.67","0","0","organic","Tampa"
"49","1751.2","810.58","2015-01-18 00:00:00","1.73","23.95","0","916.67","916.67","0","0","organic","Tampa"
"14","119727.18","34304.09","2015-09-20 00:00:00","1.73","41159.81","32.24","44231.04","1313.87","42917.17","0","organic","West"
"12","2492.82","51.93","2016-10-02 00:00:00","1.73","139.63","0","2301.26","2301.26","0","0","organic","Albany"
"16","2194.77","52.26","2016-09-04 00:00:00","1.73","181.76","0","1960.75","1960.75","0","0","organic","Albany"
"28","18801.3","719.94","2016-06-12 00:00:00","1.73","10078.62","381.05","7621.69","6648.57","973.12","0","organic","BaltimoreWashington"
"37","22013.07","890.84","2016-04-10 00:00:00","1.73","9254.97","351.61","11515.65","9771.65","1744","0","organic","BaltimoreWashington"
"16","14518","15.53","2016-09-04 00:00:00","1.73","754.38","0","13748.09","13679.87","68.22","0","organic","Boston"
"35","18656.87","1","2016-04-24 00:00:00","1.73","689.29","0","17966.58","16196.34","1770.24","0","organic","Boston"
"38","12763.11","7.62","2016-04-03 00:00:00","1.73","549.76","0","12205.73","10844.42","1361.31","0","organic","Boston"
"0","6592.44","235.03","2016-12-25 00:00:00","1.73","5062.95","0","1294.46","504.22","790.24","0","organic","CincinnatiDayton"
"49","10928.62","2686.57","2016-01-17 00:00:00","1.73","6590.28","0","1651.77","455.94","1195.83","0","organic","Detroit"
"24","1909.68","38.29","2016-07-10 00:00:00","1.73","1293.21","0","578.18","546.67","31.51","0","organic","GrandRapids"
"17","2400.5","750.69","2016-08-28 00:00:00","1.73","90.6","5.88","1553.33","1550","3.33","0","organic","Jacksonville"
"28","3772.07","2461.73","2016-06-12 00:00:00","1.73","117.05","9.96","1183.33","1183.33","0","0","organic","Jacksonville"
"36","3452.46","2174.85","2016-04-17 00:00:00","1.73","170.16","7.45","1100","1100","0","0","organic","Jacksonville"
"39","2778.43","1827.82","2016-03-27 00:00:00","1.73","131.27","26.01","793.33","793.33","0","0","organic","Jacksonville"
"45","2550.87","1696.11","2016-02-14 00:00:00","1.73","51.32","13.44","790","790","0","0","organic","Jacksonville"
"28","1325.91","882.85","2016-06-12 00:00:00","1.73","0","0","443.06","423.06","20","0","organic","NewOrleansMobile"
"47","87698.15","3604.81","2016-01-31 00:00:00","1.73","14831.14","1124.05","68138.15","34162.83","33975.32","0","organic","Northeast"
"38","4879.21","157.92","2016-04-03 00:00:00","1.73","3254.39","392.31","1074.59","850","224.59","0","organic","RaleighGreensboro"
"47","9768.28","1966.28","2016-01-31 00:00:00","1.73","7082.01","0","719.99","719.99","0","0","organic","Sacramento"
"48","7361.79","1130.66","2016-01-24 00:00:00","1.73","5939.57","0","291.56","291.56","0","0","organic","Sacramento"
"11","23673.82","689.95","2016-10-09 00:00:00","1.73","9161.72","0","13822.15","4318.59","9503.56","0","organic","Seattle"
"6","10613.01","402.68","2016-11-13 00:00:00","1.73","2599.6","303.63","7307.1","5617.42","1689.68","0","organic","SouthCarolina"
"8","8600.52","392.92","2016-10-30 00:00:00","1.73","3718.26","417.02","4072.32","2907.25","1165.07","0","organic","SouthCarolina"
"8","667.95","4.91","2016-10-30 00:00:00","1.73","57.64","0","605.4","605.4","0","0","organic","Syracuse"
"51","3247.37","13.4","2017-01-08 00:00:00","1.73","175.02","0","3058.95","2000.75","1058.2","0","organic","BuffaloRochester"
"26","163970.9","20969.94","2017-07-02 00:00:00","1.73","58901.69","9.35","84089.92","83873.31","216.61","0","organic","California"
"5","28513.37","35.72","2017-11-26 00:00:00","1.73","19019.1","0","9458.55","9427.44","31.11","0","organic","Chicago"
"1","13218.13","444.01","2017-12-24 00:00:00","1.73","5455.3","0","7318.82","3411.75","3907.07","0","organic","CincinnatiDayton"
"2","9465.99","371.48","2017-12-17 00:00:00","1.73","4597.17","0","4497.34","2324.92","2172.42","0","organic","CincinnatiDayton"
"9","9202.76","549.86","2017-10-29 00:00:00","1.73","1472.16","0","7180.74","6422.28","758.46","0","organic","Columbus"
"20","7525.56","745.58","2017-08-13 00:00:00","1.73","2180.18","0","4599.8","4463.86","135.94","0","organic","Columbus"
"23","12071.52","506.35","2017-07-23 00:00:00","1.73","3600.62","0","7964.55","2960.83","5003.72","0","organic","Columbus"
"50","5148.98","626.06","2017-01-15 00:00:00","1.73","2307.26","0","2215.66","2172.89","42.77","0","organic","Columbus"
"12","19807.92","5943.03","2017-10-08 00:00:00","1.73","470.54","0","13394.35","13391.02","3.33","0","organic","DallasFtWorth"
"18","150638.77","3141.89","2017-08-27 00:00:00","1.73","41060.13","32.22","106294.09","83337.67","22956.42","0","organic","GreatLakes"
"18","13886.69","234.25","2017-08-27 00:00:00","1.73","194.66","7.64","13450.14","13450.14","0","0","organic","HarrisburgScranton"
"15","8437.05","125.46","2017-09-17 00:00:00","1.73","1242.04","0","7066.78","4410.62","2656.16","0","organic","Indianapolis"
"17","8777.48","127","2017-09-03 00:00:00","1.73","1069.32","0","7536.91","4241.52","3295.39","0","organic","Indianapolis"
"26","11015.7","1952.02","2017-07-02 00:00:00","1.73","2930.62","0","6133.06","4359.15","1773.91","0","organic","LasVegas"
"21","3557.1","0","2017-08-06 00:00:00","1.73","1226.78","0","2330.32","729.74","1600.58","0","organic","Louisville"
"28","127794.36","3304.26","2017-06-18 00:00:00","1.73","56369.25","1270.6","66850.25","36430.85","30419.4","0","organic","Midsouth"
"9","27732.82","1757.98","2017-10-29 00:00:00","1.73","4800.42","5.22","21169.2","21134.75","34.45","0","organic","Philadelphia"
"1","53663.33","2437.98","2017-12-24 00:00:00","1.73","17137.62","29.27","34058.46","22547.68","11499.94","10.84","organic","Plains"
"22","59314.22","1456.22","2017-07-30 00:00:00","1.73","16781.86","45.32","41030.82","31277.63","9753.19","0","organic","Plains"
"27","17744.03","975.09","2017-06-25 00:00:00","1.73","8290.7","0","8478.24","8478.24","0","0","organic","SanDiego"
"49","10842.77","2019.23","2017-01-22 00:00:00","1.73","6869.87","0","1953.67","626.78","1326.89","0","organic","SanDiego"
"9","105902.71","20556.39","2017-10-29 00:00:00","1.73","2692.5","0","82653.82","80872.33","1781.49","0","organic","SouthCentral"
"10","109427.04","18976.94","2017-10-22 00:00:00","1.73","2868.24","0","87581.86","85795.3","1786.56","0","organic","SouthCentral"
"7","81645.24","1041.38","2017-11-12 00:00:00","1.73","16284.96","53.27","64265.63","59724.74","4540.89","0","organic","Southeast"
"30","16899.03","3988.8","2017-05-21 00:00:00","1.73","5269.43","16.64","7624.16","4373.14","3251.02","0","organic","WestTexNewMexico"
"10","29468.36","12.77","2018-01-14 00:00:00","1.73","2380.23","0","27075.36","23926.76","3148.6","0","organic","Boston"
"2","13697.68","29.01","2018-03-11 00:00:00","1.73","6861.78","222.69","6584.2","6511.53","72.67","0","organic","Charlotte"
"4","4988.75","106.24","2018-02-25 00:00:00","1.73","915.35","0","3967.16","2877.78","1089.38","0","organic","Jacksonville"
"11","10293.36","1701.33","2018-01-07 00:00:00","1.73","2012.1","0","6579.93","6553.06","26.87","0","organic","LasVegas"
"8","97026.15","11366.1","2018-01-28 00:00:00","1.73","25056.37","0","60603.68","60596.54","7.14","0","organic","LosAngeles"
"9","23115.66","2121.11","2018-01-21 00:00:00","1.73","2654.73","3.61","18336.21","18326.57","9.64","0","organic","Philadelphia"
"10","63884.71","4071.65","2018-01-14 00:00:00","1.73","16536.4","2.44","43274.22","29216.82","14057.4","0","organic","Plains"
"1","210067.47","33437.98","2018-03-18 00:00:00","1.73","47165.54","110.4","129353.55","73163.12","56020.24","170.19","organic","West"
"9","100904.77","1234.72","2016-10-23 00:00:00","1.72","64735.86","3120.36","31813.83","26017.7","5758.25","37.88","conventional","GrandRapids"
"21","255025.51","3820.18","2016-07-31 00:00:00","1.72","170920.7","200.04","80084.59","78539.51","340.08","1205","conventional","HartfordSpringfield"
"12","1057930.65","33926.41","2016-10-02 00:00:00","1.72","658467.15","3847.42","361689.67","310800.35","50151.82","737.5","conventional","NewYork"
"8","2364424.49","118904.18","2016-10-30 00:00:00","1.72","1616421.48","12120.21","616978.62","587560.44","28141.79","1276.39","conventional","Northeast"
"6","293852.55","14610.73","2016-11-13 00:00:00","1.72","177197.57","1839.5","100204.75","94328.02","5876.73","0","conventional","Philadelphia"
"29","583709.06","5556.48","2017-06-11 00:00:00","1.72","457512.97","3039.46","117600.15","109052.09","5650.84","2897.22","conventional","Boston"
"15","4167531.38","1571529.56","2017-09-17 00:00:00","1.72","1556655.98","128019.39","911326.45","860705.01","18473.03","32148.41","conventional","California"
"14","186923.93","47607.14","2017-09-24 00:00:00","1.72","71519.48","5336.34","62460.97","57929.86","4531.11","0","conventional","Charlotte"
"21","692140.55","68696.24","2017-08-06 00:00:00","1.72","401419.79","136884.94","85139.58","71189.43","8973.49","4976.66","conventional","Chicago"
"17","212627.84","4651.19","2017-09-03 00:00:00","1.72","73801.87","817.07","133357.71","28780.49","104144.22","433","conventional","CincinnatiDayton"
"13","118344.44","53367.76","2017-10-01 00:00:00","1.72","13597.94","1131.1","50247.64","42737.87","7359.04","150.73","conventional","Columbus"
"25","273059.91","10848.33","2017-07-09 00:00:00","1.72","198967.11","142.4","63102.07","56481.05","3381.02","3240","conventional","HartfordSpringfield"
"12","2133166.39","515353.83","2017-10-08 00:00:00","1.72","852450.97","19640.32","745721.27","630328.89","115357.54","34.84","conventional","Midsouth"
"13","227535.41","132184.69","2017-10-01 00:00:00","1.72","21112.28","9","74229.44","61436.17","12793.27","0","conventional","NewOrleansMobile"
"26","1304560.72","56685.05","2017-07-02 00:00:00","1.72","733184.24","3145.41","511546.02","270378.6","223986.86","17180.56","conventional","NewYork"
"40","1154893.52","28449.94","2017-03-26 00:00:00","1.72","717035.68","20182.45","389225.45","330935.25","49533.26","8756.94","conventional","NewYork"
"22","470813.03","115910.95","2017-07-30 00:00:00","1.72","169760.67","2027.83","183113.58","112306.79","69630.16","1176.63","conventional","Seattle"
"12","3072184.68","1834789.3","2017-10-08 00:00:00","1.72","292733.11","2599.67","942062.6","621238.23","320687.97","136.4","conventional","Southeast"
"14","2761067.55","1656715.66","2017-09-24 00:00:00","1.72","380146.9","2733.11","721471.88","441533.7","279631.41","306.77","conventional","Southeast"
"15","122734.74","52470","2017-09-17 00:00:00","1.72","9190.83","74.85","60999.06","46655.44","14303.89","39.73","conventional","StLouis"
"2","12403.85","550.57","2015-12-13 00:00:00","1.72","4510.99","337.45","7004.84","2920.24","4084.6","0","organic","BaltimoreWashington"
"18","11555.75","4288.75","2015-08-23 00:00:00","1.72","3541.08","635.31","3090.61","3087.86","2.75","0","organic","BaltimoreWashington"
"21","11937.63","3887.77","2015-08-02 00:00:00","1.72","3335.55","719.46","3994.85","3983.99","10.86","0","organic","BaltimoreWashington"
"22","8502.95","3682.42","2015-07-26 00:00:00","1.72","3166.87","599.98","1053.68","1050.98","2.7","0","organic","BaltimoreWashington"
"37","7736.69","460.89","2015-04-12 00:00:00","1.72","6496.85","0","778.95","357.92","421.03","0","organic","Detroit"
"19","92086","7870.21","2015-08-16 00:00:00","1.72","75764.76","0","8451.03","4920.39","3530.64","0","organic","GreatLakes"
"41","2403.77","52.73","2015-03-15 00:00:00","1.72","270.59","0","2080.45","2080.45","0","0","organic","HarrisburgScranton"
"11","28062.63","8093.67","2015-10-11 00:00:00","1.72","14759.53","3.18","5206.25","5146.25","60","0","organic","LosAngeles"
"42","1541.79","2.38","2015-03-08 00:00:00","1.72","912.87","0","626.54","532.64","93.9","0","organic","Louisville"
"30","2578.53","1172.5","2015-05-31 00:00:00","1.72","12.33","0","1393.7","1393.7","0","0","organic","MiamiFtLauderdale"
"46","2118.66","945.33","2015-02-08 00:00:00","1.72","0","0","1173.33","1173.33","0","0","organic","MiamiFtLauderdale"
"14","54619.72","3268.99","2015-09-20 00:00:00","1.72","33591.15","3014.16","14745.42","14021.43","723.99","0","organic","Midsouth"
"19","5843.23","2166.3","2015-08-16 00:00:00","1.72","56.94","0","3619.99","3619.99","0","0","organic","Orlando"
"23","5031.11","2002.52","2015-07-19 00:00:00","1.72","61.91","0","2966.68","2966.68","0","0","organic","Orlando"
"51","3788.6","384.3","2015-01-04 00:00:00","1.72","1597.97","11.42","1794.91","1794.91","0","0","organic","Philadelphia"
"0","7422.47","5038.15","2015-12-27 00:00:00","1.72","906.49","0","1477.83","1324.33","153.5","0","organic","PhoenixTucson"
"2","6991.24","5065.07","2015-12-13 00:00:00","1.72","1160.53","0","765.64","765.64","0","0","organic","PhoenixTucson"
"7","9192.79","7679.02","2015-11-08 00:00:00","1.72","1160.9","0","352.87","325.02","27.85","0","organic","PhoenixTucson"
"25","10481.04","7517.21","2015-07-05 00:00:00","1.72","1465.5","0","1498.33","1126.67","371.66","0","organic","PhoenixTucson"
"13","18034.01","1045.73","2015-09-27 00:00:00","1.72","10525.36","3.3","6459.62","0","6459.62","0","organic","Portland"
"0","4946.4","1142.95","2015-12-27 00:00:00","1.72","3722.48","0","80.97","80.97","0","0","organic","Sacramento"
"24","13720.73","5333.14","2015-07-12 00:00:00","1.72","7961.62","0","425.97","425.97","0","0","organic","Sacramento"
"45","3363.2","458.81","2015-02-15 00:00:00","1.72","1289.81","428.31","1186.27","1170","16.27","0","organic","SouthCarolina"
"24","37288.73","7724.96","2015-07-12 00:00:00","1.72","6548.52","809.8","22205.45","18521.62","3683.83","0","organic","Southeast"
"25","27947.09","10367.86","2015-07-05 00:00:00","1.72","6913.73","931.33","9734.17","6809.6","2924.57","0","organic","Southeast"
"13","657.42","1.21","2015-09-27 00:00:00","1.72","72.36","0","583.85","583.85","0","0","organic","Syracuse"
"45","561.1","0","2015-02-15 00:00:00","1.72","47.64","0","513.46","513.46","0","0","organic","Syracuse"
"51","593.39","0","2015-01-04 00:00:00","1.72","102.71","0","490.68","490.68","0","0","organic","Syracuse"
"30","2091.42","943.29","2015-05-31 00:00:00","1.72","5.85","0","1142.28","1142.28","0","0","organic","Tampa"
"38","1998.39","922.43","2015-04-05 00:00:00","1.72","5.96","0","1070","1070","0","0","organic","Tampa"
"12","557392.73","95393.58","2015-10-04 00:00:00","1.72","269237.06","4093.2","188668.89","106372.09","82296.8","0","organic","TotalUS"
"18","666276.26","176723.74","2015-08-23 00:00:00","1.72","298092.6","5985.12","185474.8","119991.27","65483.53","0","organic","TotalUS"
"19","1609.03","29.39","2016-08-14 00:00:00","1.72","252.78","0","1326.86","1326.86","0","0","organic","Albany"
"46","5420.87","1932.23","2016-02-07 00:00:00","1.72","2613.21","0","875.43","160","715.43","0","organic","Atlanta"
"7","9755.42","62.71","2016-11-06 00:00:00","1.72","1259.58","0","8433.13","8433.13","0","0","organic","Boston"
"13","13904.53","19.88","2016-09-25 00:00:00","1.72","578.33","0","13306.32","13296.3","10.02","0","organic","Boston"
"27","7564.6","20.44","2016-06-19 00:00:00","1.72","228.15","0","7316.01","4115.71","3200.3","0","organic","BuffaloRochester"
"25","5662.13","278.93","2016-07-03 00:00:00","1.72","2594.43","929","1859.77","1856.44","3.33","0","organic","Charlotte"
"27","5073.77","325.22","2016-06-19 00:00:00","1.72","2602.89","663.16","1482.5","1475.83","6.67","0","organic","Charlotte"
"5","18310.37","14123.33","2016-11-20 00:00:00","1.72","1492.69","5.76","2688.59","320","2368.59","0","organic","Denver"
"13","12327.94","9350.55","2016-09-25 00:00:00","1.72","1694.55","8.12","1274.72","1191.6","83.12","0","organic","Denver"
"11","4687.32","114.75","2016-10-09 00:00:00","1.72","193.84","12.44","4366.29","4357.67","8.62","0","organic","HarrisburgScranton"
"20","6079.97","250.68","2016-08-07 00:00:00","1.72","286.28","16.12","5526.89","5514.53","12.36","0","organic","HarrisburgScranton"
"26","3794.29","2437.58","2016-06-26 00:00:00","1.72","118.08","25.3","1213.33","1213.33","0","0","organic","Jacksonville"
"45","1023.51","31.66","2016-02-14 00:00:00","1.72","831.75","0","160.1","16.67","143.43","0","organic","Louisville"
"13","4411.99","501.43","2016-09-25 00:00:00","1.72","3532.36","0","378.2","33.89","344.31","0","organic","Nashville"
"12","1263.25","144.78","2016-10-02 00:00:00","1.72","0","0","1118.47","1071.8","46.67","0","organic","NewOrleansMobile"
"21","53685.87","4040.29","2016-07-31 00:00:00","1.72","21221.96","2115.7","26307.92","16898.32","9409.6","0","organic","Plains"
"22","15012.57","285.28","2016-07-24 00:00:00","1.72","6934.87","1420.55","6371.87","5946.47","425.4","0","organic","RaleighGreensboro"
"26","9221.49","262.57","2016-06-26 00:00:00","1.72","3228.8","598.52","5131.6","4326.78","804.82","0","organic","RaleighGreensboro"
"32","11673.76","3732.91","2016-05-15 00:00:00","1.72","7340.87","0","599.98","599.98","0","0","organic","Sacramento"
"46","8361.61","1176.14","2016-02-07 00:00:00","1.72","6908.66","0","276.81","276.81","0","0","organic","Sacramento"
"49","6880.85","1153.85","2016-01-17 00:00:00","1.72","5593.51","0","133.49","133.49","0","0","organic","Sacramento"
"28","8338.7","2197.91","2016-06-12 00:00:00","1.72","2158","1.77","3981.02","3957.44","23.58","0","organic","StLouis"
"4","9783.93","1014.39","2016-11-27 00:00:00","1.72","2423.56","0","6345.98","6307.59","38.39","0","organic","WestTexNewMexico"
"19","16857.19","3292.5","2016-08-14 00:00:00","1.72","2737.61","16.99","10810.09","6816.67","3993.42","0","organic","WestTexNewMexico"
"47","1753.35","26.75","2017-02-05 00:00:00","1.72","223.33","0","1503.27","1503.27","0","0","organic","Albany"
"0","2017.17","78.28","2017-12-31 00:00:00","1.72","646.17","0","1292.72","213.18","1079.54","0","organic","Boise"
"19","22954.83","10.07","2017-08-20 00:00:00","1.72","1256.79","0","21687.97","18683.96","3004.01","0","organic","Boston"
"43","19270.33","100.43","2017-03-05 00:00:00","1.72","1266.07","0","17903.83","17340.58","563.25","0","organic","Boston"
"4","6856.14","184.1","2017-12-03 00:00:00","1.72","3716.8","0","2955.24","2570.98","384.26","0","organic","CincinnatiDayton"
"21","7587.69","559.74","2017-08-06 00:00:00","1.72","1980.71","0","5047.24","4024.59","1022.65","0","organic","Columbus"
"13","180253.26","3467.06","2017-10-01 00:00:00","1.72","52244.98","0","124087.1","109113","14974.1","0","organic","GreatLakes"
"31","160659.8","3907.75","2017-05-28 00:00:00","1.72","78127.32","0","78624.73","32403.8","46220.93","0","organic","GreatLakes"
"17","16442.23","388.23","2017-09-03 00:00:00","1.72","311.47","17.81","15724.72","15724.72","0","0","organic","HarrisburgScranton"
"48","9254.53","364.78","2017-01-29 00:00:00","1.72","195.77","10.16","8683.82","8622.95","60.87","0","organic","HarrisburgScranton"
"36","4125.63","2785","2017-04-23 00:00:00","1.72","291.37","6.31","1042.95","1023.33","19.62","0","organic","Jacksonville"
"47","3417.56","913.99","2017-02-05 00:00:00","1.72","112.02","6.36","2385.19","464.44","1920.75","0","organic","Jacksonville"
"22","10422.68","1859.58","2017-07-30 00:00:00","1.72","2464.2","0","6098.9","6056.82","42.08","0","organic","LasVegas"
"30","13517.21","2283.25","2017-06-04 00:00:00","1.72","2943.11","0","8290.85","4071.86","4218.99","0","organic","LasVegas"
"8","73723.79","7315.42","2017-11-05 00:00:00","1.72","31324.47","0","35083.9","35048.65","35.25","0","organic","LosAngeles"
"52","72287.79","3353.64","2017-01-01 00:00:00","1.72","36090.72","1813.6","31029.83","29203.33","1826.5","0","organic","Midsouth"
"2","18551.6","3.54","2017-12-17 00:00:00","1.72","288.78","0","18259.28","18259.28","0","0","organic","NorthernNewEngland"
"5","18106.84","1488.01","2017-11-26 00:00:00","1.72","2809.22","10.36","13799.25","13787.81","11.44","0","organic","Philadelphia"
"23","55116.84","2277.34","2017-07-23 00:00:00","1.72","15728.39","16.57","37094.54","27524.59","9569.95","0","organic","Plains"
"30","11637.27","740.89","2017-06-04 00:00:00","1.72","4505.97","176.87","6213.54","3221.65","2991.89","0","organic","RichmondNorfolk"
"33","9767.94","561.89","2017-05-14 00:00:00","1.72","4265.52","195.63","4744.9","4343.18","401.72","0","organic","RichmondNorfolk"
"12","8206.5","228.36","2017-10-08 00:00:00","1.72","1675.12","0","6303.02","6206.86","96.16","0","organic","Roanoke"
"34","7509.16","343.02","2017-05-07 00:00:00","1.72","2428.09","0","4738.05","2137.38","2600.67","0","organic","Roanoke"
"2","7034.37","1965.07","2017-12-17 00:00:00","1.72","2423.74","0","2645.56","2645.56","0","0","organic","Sacramento"
"5","6851.13","2309.23","2017-11-26 00:00:00","1.72","2494.13","0","2047.77","2047.77","0","0","organic","Sacramento"
"34","21798.32","1347.86","2017-05-07 00:00:00","1.72","14683.9","1.67","5764.89","5703.48","61.41","0","organic","SanDiego"
"42","17226.14","991.9","2017-03-12 00:00:00","1.72","9806.6","4.96","6422.68","2359.56","4063.12","0","organic","SanDiego"
"28","13816.79","235.14","2017-06-18 00:00:00","1.72","5136.73","132.12","8312.8","6835.95","1476.85","0","organic","SouthCarolina"
"23","78813.04","1465.16","2017-07-23 00:00:00","1.72","21646.39","186.22","55515.27","47328.82","8186.45","0","organic","Southeast"
"25","90791.94","1959.39","2017-07-09 00:00:00","1.72","29773.64","249.44","58809.47","46063.02","12746.45","0","organic","Southeast"
"35","4577.29","219.18","2017-04-30 00:00:00","1.72","1582.71","27.4","2748","20","2728","0","organic","Spokane"
"3","5723.01","745.23","2017-12-10 00:00:00","1.72","1060.12","0","3917.66","1241.12","2676.54","0","organic","StLouis"
"5","957800.72","77759.93","2017-11-26 00:00:00","1.72","204612.15","978.29","673887.41","574547.2","99074.42","265.79","organic","TotalUS"
"8","30846.35","14.65","2018-01-28 00:00:00","1.72","1628.45","0","29203.25","27876.23","1327.02","0","organic","Boston"
"8","40770.94","215.4","2018-01-28 00:00:00","1.72","31318.93","0","9236.61","9236.61","0","0","organic","Chicago"
"1","93566.16","10829.18","2018-03-18 00:00:00","1.72","30437.33","0","52299.65","52187.11","112.54","0","organic","LosAngeles"
"4","112128.84","12369.59","2018-02-25 00:00:00","1.72","43197.79","217.92","56343.54","56343.54","0","0","organic","NewYork"
"2","29514.08","4358.87","2018-03-11 00:00:00","1.72","4695.61","0","20459.6","20459.6","0","0","organic","Philadelphia"
"11","61712.85","2216.22","2018-01-07 00:00:00","1.72","18281.23","17.08","41198.32","30082.97","11112.64","2.71","organic","Plains"
"2","26924.36","1338.53","2018-03-11 00:00:00","1.72","7520.53","0","18065.3","1900.73","16164.57","0","organic","Portland"
"2","4790.07","307.23","2018-03-11 00:00:00","1.72","1845.22","0","2637.62","1042.98","1594.64","0","organic","Spokane"
"7","2507401.04","124032.58","2016-11-06 00:00:00","1.71","1616563.04","13244.25","753561.17","699083.75","53807.98","669.44","conventional","Northeast"
"11","355667.75","16118.58","2016-10-09 00:00:00","1.71","203203.51","964.8","135380.86","127432.28","7948.58","0","conventional","Philadelphia"
"12","598836.97","58351","2017-10-08 00:00:00","1.71","380897.88","4554.55","155033.54","147300.36","7733.18","0","conventional","BaltimoreWashington"
"32","139635.02","1486.31","2017-05-21 00:00:00","1.71","72163.62","56.41","65928.68","63239.7","2270.93","418.05","conventional","BuffaloRochester"
"34","174746.25","1772.26","2017-05-07 00:00:00","1.71","87260.23","209.65","85504.11","84212.76","1291.35","0","conventional","BuffaloRochester"
"16","4380657.13","1677368.14","2017-09-10 00:00:00","1.71","1599511.35","141899.49","961878.15","904618.47","19579.65","37680.03","conventional","California"
"6","555872","86790","2017-11-19 00:00:00","1.71","285841","98666","84575","81798","2775","2","conventional","Chicago"
"11","109664.86","47436.39","2017-10-15 00:00:00","1.71","16441.16","663.58","45123.73","38814.65","6307.78","1.3","conventional","Columbus"
"40","149479.58","1890.37","2017-03-26 00:00:00","1.71","71916.37","25542.69","50130.15","32426.3","6541.93","11161.92","conventional","GrandRapids"
"39","269090.51","10131.3","2017-04-02 00:00:00","1.71","204310.58","345.18","54303.45","53650.11","653.34","0","conventional","HartfordSpringfield"
"39","493610.85","299394.5","2017-04-02 00:00:00","1.71","74726.71","285.88","119203.76","63253.12","55950.64","0","conventional","MiamiFtLauderdale"
"40","498987.31","297987.32","2017-03-26 00:00:00","1.71","79372.45","370.75","121256.79","59606.47","61500.32","150","conventional","MiamiFtLauderdale"
"31","4529672.68","265254.03","2017-05-28 00:00:00","1.71","2874935.5","14156.23","1375326.92","1067433.44","283132.09","24761.39","conventional","Northeast"
"20","432923.79","100657.31","2017-08-13 00:00:00","1.71","122555.64","14938.35","194772.49","113265.06","81462.18","45.25","conventional","Portland"
"15","341162.84","132005.47","2017-09-17 00:00:00","1.71","118470.83","18093.98","72592.56","68684.19","3908.37","0","conventional","SanDiego"
"16","351223.38","132530.53","2017-09-10 00:00:00","1.71","124344.76","17826.68","76521.41","71727.39","4603.67","190.35","conventional","SanDiego"
"16","688636.33","157322.98","2017-09-10 00:00:00","1.71","434164.41","4117.75","93031.19","92218.55","190.74","621.9","conventional","SanFrancisco"
"11","2896732.11","1662424.55","2017-10-15 00:00:00","1.71","323402.58","3543.74","907361.24","595753.34","311512.94","94.96","conventional","Southeast"
"18","153581.11","68563.36","2017-08-27 00:00:00","1.71","18506.1","214.47","66297.18","53462.64","6959.92","5874.62","conventional","StLouis"
"31","87335.11","912.16","2017-05-28 00:00:00","1.71","54932.84","57.2","31432.91","29067.88","1795.03","570","conventional","Syracuse"
"45","61608.13","831.96","2017-02-19 00:00:00","1.71","44732.35","6","16037.82","15679.21","358.61","0","conventional","Syracuse"
"11","328041.36","201650.5","2017-10-15 00:00:00","1.71","30918.98","66.61","95405.27","57769.09","37636.18","0","conventional","Tampa"
"29","13808.71","5560.86","2015-06-07 00:00:00","1.71","3115.87","1042.17","4089.81","4076.52","13.29","0","organic","BaltimoreWashington"
"33","1404.65","25.6","2015-05-10 00:00:00","1.71","959.24","0","419.81","123.33","296.48","0","organic","Boise"
"13","7891.05","1434.64","2015-09-27 00:00:00","1.71","4977","0","1479.41","456.67","1022.74","0","organic","Detroit"
"46","2242.67","892.03","2015-02-08 00:00:00","1.71","63.04","14.27","1273.33","1273.33","0","0","organic","Jacksonville"
"1","43696.22","2258.69","2015-12-20 00:00:00","1.71","27086.7","2382.98","11967.85","9205.1","2762.75","0","organic","Midsouth"
"21","68742.23","6041.95","2015-08-02 00:00:00","1.71","39663.14","3861.33","19175.81","15361.12","3814.69","0","organic","Midsouth"
"48","4448.88","192.26","2015-01-25 00:00:00","1.71","2511.65","60.36","1684.61","850","834.61","0","organic","Nashville"
"16","6848.76","624.83","2015-09-06 00:00:00","1.71","1790.49","23.54","4409.9","4378.09","31.81","0","organic","Philadelphia"
"44","1860.35","889.62","2015-02-22 00:00:00","1.71","56.29","0","914.44","518.36","396.08","0","organic","Pittsburgh"
"45","1784.02","617.91","2015-02-15 00:00:00","1.71","248.56","0","917.55","760.32","157.23","0","organic","Pittsburgh"
"22","10276.01","2844.3","2015-07-26 00:00:00","1.71","7142.17","0","289.54","289.54","0","0","organic","SanDiego"
"26","46229.47","8112.46","2015-06-28 00:00:00","1.71","37972.31","144.7","0","0","0","0","organic","Seattle"
"43","24530.11","8762.48","2015-03-01 00:00:00","1.71","14933.22","226.27","608.14","0","608.14","0","organic","Seattle"
"0","3617.71","561.54","2015-12-27 00:00:00","1.71","1202.97","306.62","1546.58","1516.55","30.03","0","organic","SouthCarolina"
"4","3543.38","369.89","2015-11-29 00:00:00","1.71","1185.76","348.82","1638.91","1472.43","166.48","0","organic","SouthCarolina"
"18","37578.78","10061.25","2015-08-23 00:00:00","1.71","10002.25","836.47","16678.81","12973","3705.81","0","organic","Southeast"
"6","1807.99","85.3","2015-11-15 00:00:00","1.71","1059.08","0","663.61","70","593.61","0","organic","Spokane"
"37","1742.87","0","2015-04-12 00:00:00","1.71","47.91","0","1694.96","1694.96","0","0","organic","Syracuse"
"29","2275.26","972.08","2015-06-07 00:00:00","1.71","9.4","0","1293.78","1293.78","0","0","organic","Tampa"
"10","518034.86","108697.64","2015-10-18 00:00:00","1.71","224038.49","5199.73","180099","101575.52","78523.48","0","organic","TotalUS"
"25","195265.06","77241.35","2015-07-05 00:00:00","1.71","71889.5","310.31","45823.9","8289.44","37534.46","0","organic","West"
"28","194492.22","79176.9","2015-06-14 00:00:00","1.71","72391.43","282.49","42641.4","9416.59","33224.81","0","organic","West"
"43","8720.44","2209.31","2015-02-22 00:00:00","1.71","3488.67","0","3022.46","3017.22","5.24","0","organic","WestTexNewMexico"
"48","5508.2","1793.64","2015-01-18 00:00:00","1.71","2078.72","0","1635.84","1620","15.84","0","organic","WestTexNewMexico"
"47","6591.53","2689.11","2016-01-31 00:00:00","1.71","2147.89","0","1754.53","1163.33","591.2","0","organic","Atlanta"
"38","22270.5","648.91","2016-04-03 00:00:00","1.71","9898.79","276.48","11446.32","10792.35","653.97","0","organic","BaltimoreWashington"
"31","5433.16","437.48","2016-05-22 00:00:00","1.71","2422.71","544.63","2028.34","2021.67","6.67","0","organic","Charlotte"
"38","5126.69","318","2016-04-03 00:00:00","1.71","2844.01","658.9","1305.78","1305.78","0","0","organic","Charlotte"
"3","35156.8","87.48","2016-12-04 00:00:00","1.71","31941.41","0","3127.91","3127.91","0","0","organic","Chicago"
"9","19881.26","15715.08","2016-10-23 00:00:00","1.71","1952.5","35.94","2177.74","0","2177.74","0","organic","Denver"
"6","3392.09","202.52","2016-11-13 00:00:00","1.71","1130.18","0","2059.39","1034.83","1024.56","0","organic","Indianapolis"
"22","3652.3","368.81","2016-07-24 00:00:00","1.71","1438.47","0","1845.02","1444.45","400.57","0","organic","Indianapolis"
"27","3747.81","2375.35","2016-06-19 00:00:00","1.71","118.56","20.57","1233.33","1233.33","0","0","organic","Jacksonville"
"28","93841.12","6582.57","2016-06-12 00:00:00","1.71","25151.17","1518","60589.38","48533.11","12056.27","0","organic","Northeast"
"2","43540.93","3861.81","2016-12-11 00:00:00","1.71","12345.81","3684.29","23649.02","16668.21","6980.81","0","organic","Plains"
"43","4245.43","231.06","2016-02-28 00:00:00","1.71","2720.09","362.68","931.6","901.61","29.99","0","organic","RaleighGreensboro"
"32","42825.14","739.57","2016-05-15 00:00:00","1.71","32468.52","22.47","9594.58","233.22","9361.36","0","organic","Seattle"
"45","4744.15","1732.47","2016-02-14 00:00:00","1.71","659.07","0","2352.61","41.1","2311.51","0","organic","StLouis"
"27","2581.34","0","2016-06-19 00:00:00","1.71","116.16","0","2465.18","1246.65","1218.53","0","organic","Syracuse"
"36","2326.56","0","2016-04-17 00:00:00","1.71","145.04","0","2181.52","889.55","1291.97","0","organic","Syracuse"
"44","2389.56","0","2016-02-21 00:00:00","1.71","68.66","0","2320.9","900.51","1420.39","0","organic","Syracuse"
"12","790926.03","131467.24","2016-10-02 00:00:00","1.71","272293.48","4904.25","382261.06","282727.98","99533.08","0","organic","TotalUS"
"7","2664.62","0","2017-11-12 00:00:00","1.71","245.71","0","2418.91","2418.91","0","0","organic","Albany"
"44","2185.96","508.31","2017-02-26 00:00:00","1.71","240.1","0","1437.55","1437.55","0","0","organic","Albany"
"0","160039.02","46373.36","2017-12-31 00:00:00","1.71","55040.01","0","58625.65","58526.97","98.68","0","organic","California"
"0","11939.07","34.71","2017-12-31 00:00:00","1.71","5197.49","198.71","6508.16","6416.36","91.8","0","organic","Charlotte"
"19","13896.65","51.92","2017-08-20 00:00:00","1.71","5013.57","0","8831.16","8824.49","6.67","0","organic","Chicago"
"11","21260.97","5297.31","2017-10-15 00:00:00","1.71","449.51","0","15514.15","15504.15","10","0","organic","DallasFtWorth"
"36","134773.11","3619.94","2017-04-23 00:00:00","1.71","81050.43","9.87","50092.87","35704.48","14388.39","0","organic","GreatLakes"
"8","6330.44","72.89","2017-11-05 00:00:00","1.71","1957.67","0","4299.88","3131.99","1167.89","0","organic","Nashville"
"4","18891.8","0","2017-12-03 00:00:00","1.71","390","0","18501.8","18273.13","228.67","0","organic","NorthernNewEngland"
"0","14463.88","3000.73","2017-12-31 00:00:00","1.71","2311.39","0","9151.76","9148.43","3.33","0","organic","PhoenixTucson"
"24","11521.01","556","2017-07-16 00:00:00","1.71","4078.58","201.95","6684.48","6042.57","641.91","0","organic","RichmondNorfolk"
"30","18703.01","1135.74","2017-06-04 00:00:00","1.71","12172.77","1.6","5392.9","5392.9","0","0","organic","SanDiego"
"28","4526.04","323.22","2017-06-18 00:00:00","1.71","1545.67","0","2657.15","51.11","2606.04","0","organic","Spokane"
"25","1130374.7","109023.66","2017-07-09 00:00:00","1.71","333458.24","3424.69","684468.11","485919.33","198548.78","0","organic","TotalUS"
"28","1304554.29","169434.58","2017-06-18 00:00:00","1.71","442594.36","2140.13","690385.22","435150.06","255235.16","0","organic","TotalUS"
"32","1210560.61","166985.41","2017-05-21 00:00:00","1.71","351498.5","4322.99","687753.71","436225.68","251528.03","0","organic","TotalUS"
"0","2321.82","42.95","2018-03-25 00:00:00","1.71","272.41","0","2006.46","1996.46","10","0","organic","Albany"
"10","19434.36","610.29","2018-01-14 00:00:00","1.71","5917.68","0","12906.39","4369.52","8536.87","0","organic","CincinnatiDayton"
"11","13141.82","710.55","2018-01-07 00:00:00","1.71","5212.44","0","7218.83","3380.57","3838.26","0","organic","CincinnatiDayton"
"2","8092.62","1127.67","2018-03-11 00:00:00","1.71","2916.23","0","4048.72","4022.23","26.49","0","organic","StLouis"
"8","13888.04","1191.7","2018-01-28 00:00:00","1.71","3431.5","0","9264.84","8940.04","324.8","0","organic","WestTexNewMexico"
"14","600389.56","74368.62","2016-09-18 00:00:00","1.7","340540.46","97900.81","87579.67","80619.11","802.22","6158.34","conventional","Chicago"
"22","254686.05","3244.19","2016-07-24 00:00:00","1.7","165702.62","149.3","85589.94","82571.93","738.01","2280","conventional","HartfordSpringfield"
"21","1122162.86","16312.56","2016-07-31 00:00:00","1.7","609412.65","21053.58","475384.07","453444.02","19392.83","2547.22","conventional","NewYork"
"30","84842.97","1923.04","2017-06-04 00:00:00","1.7","72573.09","100.07","10246.77","2834.14","6342.63","1070","conventional","Albany"
"37","717940.19","67839.51","2017-04-16 00:00:00","1.7","439898.36","6834.65","203367.67","182834.46","20215.15","318.06","conventional","BaltimoreWashington"
"11","175323.3","45266.57","2017-10-15 00:00:00","1.7","68119.98","5567.33","56369.42","49194.6","7172.6","2.22","conventional","Charlotte"
"5","506394","71736","2017-11-26 00:00:00","1.7","278263","82294","74100","68552","5532","15","conventional","Chicago"
"15","120600.86","51846.36","2017-09-17 00:00:00","1.7","16291.52","935.87","51527.11","44154.52","7205.75","166.84","conventional","Columbus"
"8","103715.88","2335.02","2017-11-05 00:00:00","1.7","46898.66","18583.72","35898.48","26098.52","7766.59","2033.37","conventional","GrandRapids"
"19","124908.76","2503.59","2017-08-20 00:00:00","1.7","47876.89","29038.08","45490.2","30576.74","5002.47","9910.99","conventional","GrandRapids"
"20","125212.99","3912.7","2017-08-13 00:00:00","1.7","48945.22","30208.75","42146.32","29466.86","3459.77","9219.69","conventional","GrandRapids"
"17","145552.03","7686.15","2017-09-03 00:00:00","1.7","61680.49","879.27","75306.12","39686.62","34205.17","1414.33","conventional","Indianapolis"
"10","62179.04","3538.09","2017-10-22 00:00:00","1.7","25086.52","33.07","33521.36","13492.32","20029.04","0","conventional","Louisville"
"19","468514.7","317677.27","2017-08-20 00:00:00","1.7","56349.59","184.51","94303.33","34142.86","54596.03","5564.44","conventional","MiamiFtLauderdale"
"42","473865.59","286726.08","2017-03-12 00:00:00","1.7","80308.24","280.65","106550.62","58637.13","47913.49","0","conventional","MiamiFtLauderdale"
"13","154956.62","73759.23","2017-10-01 00:00:00","1.7","21324.74","90.32","59782.33","52292.12","7431.64","58.57","conventional","Nashville"
"14","205976.51","129861.05","2017-09-24 00:00:00","1.7","22072.72","19","54023.74","44407.6","9616.14","0","conventional","NewOrleansMobile"
"41","1155875.16","16705.37","2017-03-19 00:00:00","1.7","737596.2","17545.38","384028.21","336742","40754.27","6531.94","conventional","NewYork"
"18","3374546.02","246450.56","2017-08-27 00:00:00","1.7","2076611.47","7302.53","1044181.46","892785.83","130586.74","20808.89","conventional","Northeast"
"16","253627.92","159141.75","2017-09-10 00:00:00","1.7","19370","698.55","74417.62","49005.6","22215.35","3196.67","conventional","Orlando"
"17","363905.02","46296.62","2017-09-03 00:00:00","1.7","199034.81","223.03","118350.56","111664.4","4430.61","2255.55","conventional","Philadelphia"
"38","398600.32","30725.04","2017-04-09 00:00:00","1.7","213528.19","566.18","153780.91","143053.85","10506.23","220.83","conventional","Philadelphia"
"12","243412.06","70536.12","2017-10-08 00:00:00","1.7","91083.5","4383.72","77408.72","73770.6","3637.01","1.11","conventional","RaleighGreensboro"
"14","314818.19","89050.27","2017-09-24 00:00:00","1.7","187831.17","962.78","36973.97","34708.41","2069.24","196.32","conventional","Sacramento"
"26","700809.09","172013.34","2017-07-02 00:00:00","1.7","420653.86","19625.31","88516.58","82113.65","1385.15","5017.78","conventional","SanFrancisco"
"17","3049931.5","1745317.16","2017-09-03 00:00:00","1.7","443460.97","4599.91","856553.46","545847.71","277105.95","33599.8","conventional","Southeast"
"13","7552.49","429.46","2015-09-27 00:00:00","1.7","4774.78","616.56","1731.69","1720.53","11.16","0","organic","BaltimoreWashington"
"24","8904.2","4829.01","2015-07-12 00:00:00","1.7","2707.82","759.55","607.82","607.82","0","0","organic","BaltimoreWashington"
"26","11718.49","5562.43","2015-06-28 00:00:00","1.7","2728.68","882.13","2545.25","2545.25","0","0","organic","BaltimoreWashington"
"33","14499.46","6023.88","2015-05-10 00:00:00","1.7","2924.01","1128.81","4422.76","4414.82","7.94","0","organic","BaltimoreWashington"
"35","13466.97","6339.49","2015-04-26 00:00:00","1.7","3106.49","815.62","3205.37","3202.07","3.3","0","organic","BaltimoreWashington"
"51","7446.43","361.76","2015-01-04 00:00:00","1.7","5025.58","0","2059.09","746.43","1312.66","0","organic","Detroit"
"29","1083.03","37.44","2015-06-07 00:00:00","1.7","518.39","0","527.2","460","67.2","0","organic","GrandRapids"
"20","84089.07","6759.99","2015-08-09 00:00:00","1.7","64669.41","7.88","12651.79","9238.64","3413.15","0","organic","GreatLakes"
"18","2826.08","63.18","2015-08-23 00:00:00","1.7","149.88","17.31","2595.71","2585.91","9.8","0","organic","HarrisburgScranton"
"14","1959.56","221.53","2015-09-20 00:00:00","1.7","1243.15","0","494.88","470","24.88","0","organic","Indianapolis"
"6","45159.24","2855.1","2015-11-15 00:00:00","1.7","27350.5","2840.16","12113.48","10565.6","1547.88","0","organic","Midsouth"
"9","55916.99","2906.9","2015-10-25 00:00:00","1.7","33178.27","4270.62","15561.2","12052.62","3508.58","0","organic","Midsouth"
"17","69033.16","4216.66","2015-08-30 00:00:00","1.7","39193.19","3852.33","21770.98","17878.06","3892.92","0","organic","Midsouth"
"18","74965.16","6396.33","2015-08-23 00:00:00","1.7","38841.85","4122.53","25604.45","19831.56","5772.89","0","organic","Midsouth"
"19","69867.41","6146.33","2015-08-16 00:00:00","1.7","39087.25","4519.71","20114.12","15180.41","4933.71","0","organic","Midsouth"
"13","4352.18","459.53","2015-09-27 00:00:00","1.7","3564.95","0","327.7","126.67","201.03","0","organic","Nashville"
"5","1355.67","286.54","2015-11-22 00:00:00","1.7","0","0","1069.13","1069.13","0","0","organic","NewOrleansMobile"
"6","1750.47","425.58","2015-11-15 00:00:00","1.7","0","0","1324.89","1321.56","3.33","0","organic","NewOrleansMobile"
"0","75884.69","2608.86","2015-12-27 00:00:00","1.7","15574.88","1202.38","56498.57","34774.94","21723.63","0","organic","Northeast"
"10","51045.02","2862.61","2015-10-18 00:00:00","1.7","14224.98","518.85","33438.58","26508.59","6929.99","0","organic","Northeast"
"43","3031.46","1222.61","2015-03-01 00:00:00","1.7","28.85","0","1780","1780","0","0","organic","Orlando"
"41","4152.94","387.21","2015-03-15 00:00:00","1.7","1357.51","23.9","2384.32","2384.32","0","0","organic","Philadelphia"
"8","8638.12","7091.78","2015-11-01 00:00:00","1.7","1301.83","0","244.51","238.92","5.59","0","organic","PhoenixTucson"
"31","11605.98","8631.46","2015-05-24 00:00:00","1.7","1351.35","0","1623.17","960","663.17","0","organic","PhoenixTucson"
"48","1441.14","598.03","2015-01-25 00:00:00","1.7","91.36","0","751.75","559.41","192.34","0","organic","Pittsburgh"
"43","36993.47","5052.36","2015-03-01 00:00:00","1.7","17469.75","18.33","14453.03","13506.71","946.32","0","organic","Plains"
"21","5359.81","93.71","2015-08-02 00:00:00","1.7","4051.34","383.27","831.49","703.33","128.16","0","organic","RichmondNorfolk"
"21","5802.91","123.65","2015-08-02 00:00:00","1.7","4829.21","0","850.05","333.33","516.72","0","organic","Roanoke"
"13","8898.69","2858.56","2015-09-27 00:00:00","1.7","5619.88","0","420.25","420.25","0","0","organic","SanDiego"
"19","47726.72","7047.78","2015-08-16 00:00:00","1.7","27537.99","2.65","13138.3","0","13138.3","0","organic","Seattle"
"48","29354.75","6876.29","2015-01-25 00:00:00","1.7","17363.12","7.33","5108.01","453.33","4654.68","0","organic","Seattle"
"0","25732.69","9112.06","2015-12-27 00:00:00","1.7","5396.93","486.56","10737.14","9824.23","912.91","0","organic","Southeast"
"32","30978.21","13360.6","2015-05-17 00:00:00","1.7","7486.14","2396.87","7734.6","6175.62","1558.98","0","organic","Southeast"
"34","30991.09","13621.95","2015-05-03 00:00:00","1.7","6638.11","1077.87","9653.16","9247.13","406.03","0","organic","Southeast"
"35","33155.61","18578.82","2015-04-26 00:00:00","1.7","7341.19","710.75","6524.85","6214.8","310.05","0","organic","Southeast"
"31","1961.33","803.88","2015-05-24 00:00:00","1.7","7.03","0","1150.42","1150.42","0","0","organic","Tampa"
"51","1885.48","748.62","2015-01-04 00:00:00","1.7","30.19","0","1106.67","1106.67","0","0","organic","Tampa"
"44","7309.84","2095.43","2015-02-15 00:00:00","1.7","2610.02","0","2604.39","2604.39","0","0","organic","WestTexNewMexico"
"30","23435.02","754.48","2016-05-29 00:00:00","1.7","10667.23","322.07","11691.24","9420.82","2270.42","0","organic","BaltimoreWashington"
"32","16935.54","684.57","2016-05-15 00:00:00","1.7","8702.37","189.88","7358.72","6434.69","924.03","0","organic","BaltimoreWashington"
"42","10200.05","11.43","2016-03-06 00:00:00","1.7","1079.31","0","9109.31","7203.39","1905.92","0","organic","Boston"
"41","4131.98","280.07","2016-03-13 00:00:00","1.7","2080.98","625.97","1144.96","1144.96","0","0","organic","Charlotte"
"20","4430.65","466.83","2016-08-07 00:00:00","1.7","1188.49","0","2775.33","1296.76","1478.57","0","organic","Indianapolis"
"33","3174.26","1850.51","2016-05-08 00:00:00","1.7","155.45","4.97","1163.33","1163.33","0","0","organic","Jacksonville"
"41","3152.41","2038.98","2016-03-13 00:00:00","1.7","126.9","9.86","976.67","976.67","0","0","organic","Jacksonville"
"46","2292.78","1370.93","2016-02-07 00:00:00","1.7","59.67","12.18","850","850","0","0","organic","Jacksonville"
"6","66733.93","8552.62","2016-11-13 00:00:00","1.7","21195.25","7.84","36978.22","29706.65","7271.57","0","organic","LosAngeles"
"4","86492.45","2136.81","2016-11-27 00:00:00","1.7","31954.82","1694.84","50705.98","30998.32","19707.66","0","organic","Midsouth"
"9","57081.84","3797.54","2016-10-23 00:00:00","1.7","9176.22","43.5","44064.58","43496.72","567.86","0","organic","Northeast"
"46","3886.64","2384.31","2016-02-07 00:00:00","1.7","72.33","0","1430","1430","0","0","organic","Orlando"
"3","43160.92","5015.99","2016-12-04 00:00:00","1.7","12919.27","876.17","24349.49","14907.37","9442.12","0","organic","Plains"
"24","48278.48","3311.13","2016-07-10 00:00:00","1.7","21765.75","5489.97","17711.63","9276.63","8435","0","organic","Plains"
"28","9781.95","229.34","2016-06-12 00:00:00","1.7","3677.21","468.7","5406.7","4380.13","1026.57","0","organic","RaleighGreensboro"
"5","10629.43","354.35","2016-11-20 00:00:00","1.7","2489.89","289.94","7495.25","5563.87","1931.38","0","organic","SouthCarolina"
"7","1141.59","1","2016-11-06 00:00:00","1.7","105.72","0","1034.87","1034.87","0","0","organic","Syracuse"
"6","863948.15","110018.79","2016-11-13 00:00:00","1.7","257268.83","3669.98","492990.55","322666.23","170324.32","0","organic","TotalUS"
"20","177284.38","49438.88","2016-08-07 00:00:00","1.7","53061.67","94.46","74689.37","39122.15","35567.22","0","organic","West"
"40","194052.77","34618.57","2017-03-26 00:00:00","1.7","71542.71","7.86","87883.63","84717.09","3166.54","0","organic","California"
"44","8500.37","220.32","2017-02-26 00:00:00","1.7","3918.45","541.98","3819.62","3466.92","352.7","0","organic","Charlotte"
"52","7225.07","120.83","2017-01-01 00:00:00","1.7","3134.68","489.12","3480.44","3126.49","353.95","0","organic","Charlotte"
"35","10632.86","784.09","2017-04-30 00:00:00","1.7","3774.05","0","6074.72","2554.07","3520.65","0","organic","Columbus"
"7","20245.58","5898.74","2017-11-12 00:00:00","1.7","416.95","0","13929.89","13895.16","34.73","0","organic","DallasFtWorth"
"13","21220.62","5442.96","2017-10-01 00:00:00","1.7","387.86","0","15389.8","15386.47","3.33","0","organic","DallasFtWorth"
"47","1112.77","54.67","2017-02-05 00:00:00","1.7","688.31","0","369.79","369.79","0","0","organic","GrandRapids"
"9","176815.66","3060.61","2017-10-29 00:00:00","1.7","48813.2","0","124638.82","107070.18","17568.64","0","organic","GreatLakes"
"12","191866.1","3603.46","2017-10-08 00:00:00","1.7","56237.45","1.62","131818.51","124355.02","7463.49","0","organic","GreatLakes"
"50","103487.72","4370.03","2017-01-15 00:00:00","1.7","67260.09","0","31857.6","25703.71","6153.89","0","organic","GreatLakes"
"34","4734.57","137.53","2017-05-07 00:00:00","1.7","2384.2","0","2212.84","423.62","1789.22","0","organic","Indianapolis"
"42","3349.83","635.64","2017-03-12 00:00:00","1.7","115.92","5.1","2593.17","345.56","2247.61","0","organic","Jacksonville"
"2","64716.36","9069.25","2017-12-17 00:00:00","1.7","24736.13","0","30910.98","30852.65","58.33","0","organic","LosAngeles"
"8","3013.74","5.18","2017-11-05 00:00:00","1.7","756.67","0","2251.89","1658.64","593.25","0","organic","Louisville"
"8","5876.27","110.32","2017-11-05 00:00:00","1.7","92.85","0","5673.1","5123.32","549.78","0","organic","NewOrleansMobile"
"9","6088.13","89.32","2017-10-29 00:00:00","1.7","154","0","5844.81","5561.11","283.7","0","organic","NewOrleansMobile"
"11","269123.79","12497.35","2017-10-15 00:00:00","1.7","23859.81","117.29","232649.34","232373.13","276.21","0","organic","Northeast"
"13","236097.14","9408.76","2017-10-01 00:00:00","1.7","23215.19","79.66","203393.53","203353.59","39.94","0","organic","Northeast"
"10","22671.89","0","2017-10-22 00:00:00","1.7","308.14","0","22363.75","22363.75","0","0","organic","NorthernNewEngland"
"7","26266.81","1980.93","2017-11-12 00:00:00","1.7","3165.97","3.73","21116.18","21066.24","49.94","0","organic","Philadelphia"
"8","27824.19","1836.45","2017-11-05 00:00:00","1.7","3409.48","0","22578.26","22517.97","60.29","0","organic","Philadelphia"
"3","54723.29","1965.71","2017-12-10 00:00:00","1.7","15750","9.73","36976.92","25074.28","11902.64","0","organic","Plains"
"10","15014.96","183.93","2017-10-22 00:00:00","1.7","3156.87","87.34","11586.82","11103.78","483.04","0","organic","SouthCarolina"
"40","7812.03","709.1","2017-03-26 00:00:00","1.7","4844.72","260.45","1997.76","220.04","1777.72","0","organic","SouthCarolina"
"34","5974.03","19.6","2017-05-07 00:00:00","1.7","2127.32","1.73","3825.38","1556.08","2269.3","0","organic","StLouis"
"51","2443.57","0","2017-01-08 00:00:00","1.7","113.63","0","2329.94","1777.21","552.73","0","organic","Syracuse"
"52","1811.03","6.3","2017-01-01 00:00:00","1.7","42.83","0","1761.9","1263.57","498.33","0","organic","Syracuse"
"0","190257.38","29644.09","2018-03-25 00:00:00","1.7","70982.1","0","89631.19","89424.11","207.08","0","organic","California"
"6","9399.33","1244.97","2018-02-11 00:00:00","1.7","1641.29","0","6513.07","6503.74","9.33","0","organic","LasVegas"
"1","189434.04","44234.93","2018-03-18 00:00:00","1.7","80052.02","53.56","65093.53","64851.08","242.45","0","organic","NewYork"
"7","4561.62","277.76","2018-02-04 00:00:00","1.7","1722.99","0","2560.87","593.4","1948.18","19.29","organic","Spokane"
"8","4300.76","195.24","2018-01-28 00:00:00","1.7","1169.26","0","2936.26","535.55","2400.71","0","organic","Spokane"
"10","638848.04","63424.01","2016-10-16 00:00:00","1.69","363924.96","19878.73","191620.34","190381.9","1238.44","0","conventional","BaltimoreWashington"
"12","216818.99","17695.92","2016-10-02 00:00:00","1.69","145719.43","620.47","52783.17","52592.82","190.35","0","conventional","HartfordSpringfield"
"13","71205.11","4411.02","2017-10-01 00:00:00","1.69","57416.25","77.85","9299.99","5069.66","4230.33","0","conventional","Albany"
"35","761924.71","74466.51","2017-04-30 00:00:00","1.69","471825.66","7668.11","207964.43","202998.95","4607","358.48","conventional","BaltimoreWashington"
"25","560021.69","8735.91","2017-07-09 00:00:00","1.69","464670.36","3962.9","82652.52","75760.19","4052.33","2840","conventional","Boston"
"32","572421.46","5555.84","2017-05-21 00:00:00","1.69","441357.29","3222.88","122285.45","117070.57","5154.88","60","conventional","Boston"
"44","122294.43","1195.92","2017-02-26 00:00:00","1.69","71329.25","44.92","49724.34","49518","206.34","0","conventional","BuffaloRochester"
"16","187822.6","45960.24","2017-09-10 00:00:00","1.69","68912.39","5424.48","67525.49","63280.77","3374.72","870","conventional","Charlotte"
"14","120872.81","53450.48","2017-09-24 00:00:00","1.69","16472.11","904.63","50045.59","44515","5349.24","181.35","conventional","Columbus"
"12","1105462.53","75444.57","2017-10-08 00:00:00","1.69","669974.98","872.2","359170.78","340114.08","19056.7","0","conventional","NewYork"
"25","715078.15","194695.25","2017-07-09 00:00:00","1.69","421757.61","25793.3","72831.99","68952.89","1248.27","2630.83","conventional","SanFrancisco"
"37","670281.46","229167.93","2017-04-16 00:00:00","1.69","349889.27","4769.39","86454.87","84582.49","250.71","1621.67","conventional","SanFrancisco"
"11","275807.02","125345.26","2017-10-15 00:00:00","1.69","60281.11","1836.26","88344.39","62685.34","25649.66","9.39","conventional","SouthCarolina"
"17","155772.26","71468.66","2017-09-03 00:00:00","1.69","15124.65","147.23","69031.72","53354.85","11043.68","4633.19","conventional","StLouis"
"9","135196.35","3133.37","2018-01-21 00:00:00","1.69","116520.88","88.78","15453.32","10023.79","5429.53","0","conventional","Albany"
"25","12480.84","6639.93","2015-07-05 00:00:00","1.69","3113.54","902.49","1824.88","1824.88","0","0","organic","BaltimoreWashington"
"27","10939.94","5224.23","2015-06-21 00:00:00","1.69","2873.85","713.71","2128.15","2122.8","5.35","0","organic","BaltimoreWashington"
"30","12640.64","5802.91","2015-05-31 00:00:00","1.69","3268.67","1060.5","2508.56","2505.91","2.65","0","organic","BaltimoreWashington"
"31","17042.46","6716.44","2015-05-24 00:00:00","1.69","3800.9","993.22","5531.9","5531.9","0","0","organic","BaltimoreWashington"
"19","2649.76","5.12","2015-08-16 00:00:00","1.69","1894.81","0","749.83","86.67","663.16","0","organic","Boise"
"36","1453.59","5.14","2015-04-19 00:00:00","1.69","1138.32","0","310.13","156.67","153.46","0","organic","Boise"
"27","116908.54","51294.9","2015-06-21 00:00:00","1.69","55597.45","3.09","10013.1","10009.77","3.33","0","organic","California"
"11","19520.71","933.6","2015-10-11 00:00:00","1.69","18480.44","0","106.67","106.67","0","0","organic","Chicago"
"12","1708.12","613.05","2015-10-04 00:00:00","1.69","695.07","0","400","400","0","0","organic","GrandRapids"
"14","1837.03","787.73","2015-09-20 00:00:00","1.69","762.63","0","286.67","286.67","0","0","organic","GrandRapids"
"43","61260.09","3154.34","2015-03-01 00:00:00","1.69","43284.57","0","14821.18","13128.9","1692.28","0","organic","GreatLakes"
"50","58061.65","4362.25","2015-01-11 00:00:00","1.69","44552.46","0","9146.94","7266.75","1880.19","0","organic","GreatLakes"
"20","3079.23","99","2015-08-09 00:00:00","1.69","160.14","33.3","2786.79","2786.79","0","0","organic","HarrisburgScranton"
"18","2858.31","482.02","2015-08-23 00:00:00","1.69","1602.7","0","773.59","470","303.59","0","organic","Indianapolis"
"35","1798.92","75.88","2015-04-26 00:00:00","1.69","1092.14","0","630.9","316.67","314.23","0","organic","Indianapolis"
"42","2205.12","70.33","2015-03-08 00:00:00","1.69","949.01","0","1185.78","1026.67","159.11","0","organic","Indianapolis"
"47","1565.24","45.17","2015-02-01 00:00:00","1.69","805.09","0","714.98","496.67","218.31","0","organic","Indianapolis"
"19","3621.53","1275.73","2015-08-16 00:00:00","1.69","49.21","9.16","2287.43","2269.63","17.8","0","organic","Jacksonville"
"15","1858.03","44.79","2015-09-13 00:00:00","1.69","1311.84","0","501.4","286.67","214.73","0","organic","Louisville"
"42","2708.59","1060","2015-03-08 00:00:00","1.69","15.26","0","1633.33","1633.33","0","0","organic","MiamiFtLauderdale"
"9","5077.17","668.25","2015-10-25 00:00:00","1.69","3697.25","0","711.67","643.33","68.34","0","organic","Nashville"
"20","2448.58","383.64","2015-08-09 00:00:00","1.69","255.57","0","1809.37","1809.37","0","0","organic","NewOrleansMobile"
"9","56802.46","4847.06","2015-10-25 00:00:00","1.69","15489.48","457.14","36008.78","27679.02","8329.76","0","organic","Northeast"
"11","55097.44","3427.81","2015-10-11 00:00:00","1.69","14320.5","234.48","37114.65","30619.47","6495.18","0","organic","Northeast"
"47","4907.41","285.43","2015-02-01 00:00:00","1.69","1416.23","4.72","3201.03","3201.03","0","0","organic","Philadelphia"
"1","29471.57","3393.9","2015-12-20 00:00:00","1.69","12896.24","3386","9795.43","4937.52","4857.91","0","organic","Plains"
"5","28577.15","4477.93","2015-11-22 00:00:00","1.69","13302.64","40.44","10756.14","5955.98","4800.16","0","organic","Plains"
"51","34190.37","3874.31","2015-01-04 00:00:00","1.69","14945.34","32.45","15338.27","13793.22","1545.05","0","organic","Plains"
"45","4322.52","30.58","2015-02-15 00:00:00","1.69","1862.3","712.15","1717.49","1690.1","27.39","0","organic","RaleighGreensboro"
"18","7637.57","143.25","2015-08-23 00:00:00","1.69","5309.86","0","2184.46","1123.34","1061.12","0","organic","Roanoke"
"14","10284.23","2634.12","2015-09-20 00:00:00","1.69","7404.88","0","245.23","245.23","0","0","organic","SanDiego"
"44","3614.76","484.16","2015-02-22 00:00:00","1.69","1876.73","412.03","841.84","706.67","135.17","0","organic","SouthCarolina"
"36","34095.71","11389.9","2015-04-19 00:00:00","1.69","9302.64","879.8","12523.37","12329.29","194.08","0","organic","Southeast"
"36","4029.03","1570.21","2015-04-19 00:00:00","1.69","2153.19","0","305.63","0","305.63","0","organic","Spokane"
"32","1916.43","982.96","2015-05-17 00:00:00","1.69","3.52","0","929.95","929.95","0","0","organic","Tampa"
"33","2622.05","1063.04","2015-05-10 00:00:00","1.69","16.47","0","1542.54","1542.54","0","0","organic","Tampa"
"37","1723.93","891.23","2015-04-12 00:00:00","1.69","27.34","0","805.36","805.36","0","0","organic","Tampa"
"11","519892.67","93015.27","2015-10-11 00:00:00","1.69","230653.61","4792.06","191431.73","101953.72","89478.01","0","organic","TotalUS"
"10","139473.83","34482.28","2015-10-18 00:00:00","1.69","51718.64","65.51","53207.4","5834.58","47372.82","0","organic","West"
"38","194132.3","69519.19","2015-04-05 00:00:00","1.69","82145.27","78.72","42389.12","8993.07","33396.05","0","organic","West"
"16","11459.06","4328.13","2015-08-30 00:00:00","1.69","3911.96","0","3218.97","2383.33","835.64","0","organic","WestTexNewMexico"
"49","6861.73","1822.28","2015-01-11 00:00:00","1.69","2377.54","0","2661.91","2656.66","5.25","0","organic","WestTexNewMexico"
"14","2137.53","47.35","2016-09-18 00:00:00","1.69","194.65","0","1895.53","1895.53","0","0","organic","Albany"
"32","6007.48","320.43","2016-05-15 00:00:00","1.69","2628.62","554.28","2504.15","2500.82","3.33","0","organic","Charlotte"
"39","4551.61","311.44","2016-03-27 00:00:00","1.69","2333.56","615.04","1291.57","1291.57","0","0","organic","Charlotte"
"38","5382.24","317.7","2016-04-03 00:00:00","1.69","3569.14","0","1495.4","566.67","928.73","0","organic","Columbus"
"30","1778.67","19.11","2016-05-29 00:00:00","1.69","1245.12","0","514.44","486.67","27.77","0","organic","GrandRapids"
"17","3284.45","214.69","2016-08-28 00:00:00","1.69","298.76","18.72","2752.28","2752.28","0","0","organic","HarrisburgScranton"
"51","7552.52","1709.77","2016-01-03 00:00:00","1.69","3384.63","0","2458.12","2435.48","22.64","0","organic","LasVegas"
"43","1081.74","15.76","2016-02-28 00:00:00","1.69","1009.82","0","56.16","40","16.16","0","organic","Louisville"
"35","13226.51","1.27","2016-04-24 00:00:00","1.69","356.71","0","12868.53","12868.53","0","0","organic","NorthernNewEngland"
"45","4079.97","2474.96","2016-02-14 00:00:00","1.69","47.52","0","1557.49","1557.49","0","0","organic","Orlando"
"27","17096.49","5593.38","2016-06-19 00:00:00","1.69","9679.7","0","1823.41","483.99","1339.42","0","organic","PhoenixTucson"
"4","45636.25","4255.17","2016-11-27 00:00:00","1.69","11988.69","1072.74","28319.65","16698.74","11620.91","0","organic","Plains"
"9","14742.89","171.92","2016-10-23 00:00:00","1.69","6245.22","615.01","7710.74","6163.44","1547.3","0","organic","RaleighGreensboro"
"10","13121.67","168.46","2016-10-16 00:00:00","1.69","5344.14","579.87","7029.2","6432.51","596.69","0","organic","RaleighGreensboro"
"12","5791.95","59.6","2016-10-02 00:00:00","1.69","3548.88","0","2183.47","1603.26","580.21","0","organic","Roanoke"
"22","17192.77","2125.18","2016-07-24 00:00:00","1.69","9589.68","3.3","5474.61","2202.85","3271.76","0","organic","SanDiego"
"7","35103.94","503.78","2016-11-06 00:00:00","1.69","10960.26","41.92","23597.98","600.56","22997.42","0","organic","Seattle"
"13","29440.75","3798.76","2016-09-25 00:00:00","1.69","7157.62","105.3","18379.07","4761.1","13617.97","0","organic","Seattle"
"3","7030.03","219.6","2016-12-04 00:00:00","1.69","2204.44","147.21","4458.78","2942.11","1516.67","0","organic","SouthCarolina"
"49","36802.17","15333.29","2016-01-17 00:00:00","1.69","7545.64","459.04","13464.2","12976.16","488.04","0","organic","Southeast"
"25","3136.55","403.35","2016-07-03 00:00:00","1.69","1599.9","0","1133.3","7.51","1125.79","0","organic","Spokane"
"43","4992.2","316.43","2016-02-28 00:00:00","1.69","3736.21","55.28","884.28","0","884.28","0","organic","Spokane"
"51","2401.84","75.14","2016-01-03 00:00:00","1.69","1380.5","0","946.2","0","946.2","0","organic","Spokane"
"22","7057.4","1567.5","2016-07-24 00:00:00","1.69","1835.55","7.19","3647.16","3647.16","0","0","organic","StLouis"
"32","6797.21","2767.39","2016-05-15 00:00:00","1.69","1279.65","0","2750.17","315.53","2434.64","0","organic","StLouis"
"0","1016.97","113.18","2016-12-25 00:00:00","1.69","147.13","0","756.66","756.66","0","0","organic","Syracuse"
"9","961.36","0","2016-10-23 00:00:00","1.69","37.97","0","923.39","923.39","0","0","organic","Syracuse"
"13","808891.94","119993.58","2016-09-25 00:00:00","1.69","272553.74","4407.75","411936.87","289496.36","122440.51","0","organic","TotalUS"
"17","13652.91","2630.75","2016-08-28 00:00:00","1.69","2321.75","11.34","8689.07","5137.77","3551.3","0","organic","WestTexNewMexico"
"5","31688.93","882.64","2017-11-26 00:00:00","1.69","6845.96","64.4","23895.93","23890.38","5.55","0","organic","BaltimoreWashington"
"20","17452.06","65.48","2017-08-13 00:00:00","1.69","6949.79","0","10436.79","10433.46","3.33","0","organic","Chicago"
"44","46602.16","799.29","2017-02-26 00:00:00","1.69","37768.66","0","8034.21","8029.77","4.44","0","organic","Chicago"
"3","8238.78","253.36","2017-12-10 00:00:00","1.69","4171.8","0","3813.62","2864.13","949.49","0","organic","CincinnatiDayton"
"5","8466.46","133.12","2017-11-26 00:00:00","1.69","2991.52","0","5341.82","3958.95","1382.87","0","organic","CincinnatiDayton"
"24","10483.39","693.51","2017-07-16 00:00:00","1.69","3253.63","0","6444.01","3221.18","3222.83","0","organic","Columbus"
"10","19214.84","3989.78","2017-10-22 00:00:00","1.69","395.07","0","14829.99","14806.66","23.33","0","organic","DallasFtWorth"
"14","6554.93","3286.51","2017-09-24 00:00:00","1.69","244.17","17.19","3007.06","3000.4","6.66","0","organic","Denver"
"31","28877.5","25873.17","2017-05-28 00:00:00","1.69","2438.11","165.37","400.85","303.23","97.62","0","organic","Denver"
"11","20776.71","468.5","2017-10-15 00:00:00","1.69","3770.8","0","16510.2","14535.56","1974.64","0","organic","Detroit"
"8","169816.92","3261.8","2017-11-05 00:00:00","1.69","53829.19","0","112234.63","98907.59","13327.04","0","organic","GreatLakes"
"30","156456.85","4036.03","2017-06-04 00:00:00","1.69","78626.62","4.84","73789.36","27335.55","46453.81","0","organic","GreatLakes"
"20","14483.05","285.14","2017-08-13 00:00:00","1.69","243.13","18.13","13936.65","13936.65","0","0","organic","HarrisburgScranton"
"12","8449.91","201.29","2017-10-08 00:00:00","1.69","1298.56","0","6936.73","5440.34","1496.39","0","organic","Indianapolis"
"16","8687.85","136.58","2017-09-10 00:00:00","1.69","1330.54","0","7212.8","4741.31","2471.49","0","organic","Indianapolis"
"7","2717.83","1.3","2017-11-12 00:00:00","1.69","944.43","0","1772.1","1111.38","660.72","0","organic","Louisville"
"24","140880.73","2458.19","2017-07-16 00:00:00","1.69","44872.35","1239.5","92310.69","78625.54","13685.15","0","organic","Midsouth"
"12","2402.71","208.27","2017-10-08 00:00:00","1.69","73.21","0","2121.23","2111.23","10","0","organic","NewOrleansMobile"
"17","13062.41","2.43","2017-09-03 00:00:00","1.69","168.63","0","12891.35","12891.35","0","0","organic","NorthernNewEngland"
"18","18480.95","3","2017-08-27 00:00:00","1.69","172.15","0","18305.8","18305.8","0","0","organic","NorthernNewEngland"
"20","13218.86","13.62","2017-08-13 00:00:00","1.69","246.35","0","12958.89","12958.89","0","0","organic","NorthernNewEngland"
"22","4640.87","104.79","2017-07-30 00:00:00","1.69","712.46","0","3823.62","3816.96","6.66","0","organic","Orlando"
"11","31850.15","2588.95","2017-10-15 00:00:00","1.69","3517.12","10.51","25733.57","25669.23","64.34","0","organic","Philadelphia"
"4","6289.72","2066.63","2017-12-03 00:00:00","1.69","2100.86","0","2122.23","2105.56","16.67","0","organic","Sacramento"
"6","7725.77","2684.95","2017-11-19 00:00:00","1.69","2463.04","0","2577.78","2577.78","0","0","organic","Sacramento"
"9","15261.11","132.44","2017-10-29 00:00:00","1.69","2891.29","66.22","12171.16","10955.01","1216.15","0","organic","SouthCarolina"
"37","7761.81","645.02","2017-04-16 00:00:00","1.69","5275.47","253.45","1587.87","255.87","1332","0","organic","SouthCarolina"
"8","99714.13","20163.6","2017-11-05 00:00:00","1.69","2648.96","0","76901.57","74677.27","2224.3","0","organic","SouthCentral"
"31","1302205.55","163384.37","2017-05-28 00:00:00","1.69","357431.2","3195.15","778194.83","497848.02","280346.81","0","organic","TotalUS"
"9","181974.98","34411.37","2018-01-21 00:00:00","1.69","64513.67","0","83049.94","83022.84","27.1","0","organic","California"
"0","35088.36","324.87","2018-03-25 00:00:00","1.69","27550.29","0","7213.2","7176.54","36.66","0","organic","Chicago"
"7","11196.3","628.58","2018-02-04 00:00:00","1.69","4438.31","0","6129.41","4339.23","1790.18","0","organic","CincinnatiDayton"
"7","158995.14","2791.08","2018-02-04 00:00:00","1.69","40524.45","680.12","114996.2","110559.26","4436.94","0","organic","Midsouth"
"3","133768.12","20987.96","2018-03-04 00:00:00","1.69","52637.04","92.18","60050.94","59997.6","53.34","0","organic","NewYork"
"6","233976.66","10690.15","2018-02-11 00:00:00","1.69","28304.93","798.88","194182.7","175554.11","18628.59","0","organic","Northeast"
"11","27971.66","1954.92","2018-01-07 00:00:00","1.69","3857.27","0","22159.47","22155.03","4.44","0","organic","Philadelphia"
"3","15349.03","2467.3","2018-03-04 00:00:00","1.69","3004.72","0","9877.01","9871.72","5.29","0","organic","PhoenixTucson"
"8","13125.79","1802.37","2018-01-28 00:00:00","1.69","2243.06","0","9080.36","9073.81","6.55","0","organic","PhoenixTucson"
"9","65835.39","3266.67","2018-01-21 00:00:00","1.69","17088.92","9.85","45469.95","32422.77","13047.18","0","organic","Plains"
"4","7970.31","1546.57","2018-02-25 00:00:00","1.69","774.53","0","5649.21","3548.89","2100.32","0","organic","StLouis"
"7","6493.79","1328.38","2018-02-04 00:00:00","1.69","666.47","0","4498.94","2696.67","1802.27","0","organic","StLouis"
"7","3395058.42","1111431.87","2016-11-06 00:00:00","1.68","1333386.69","120964.4","829275.46","763934.88","35997.83","29342.75","conventional","California"
"8","3139833.5","1126017.42","2016-10-30 00:00:00","1.68","1186843.99","92064.47","734907.62","686375.28","25241.6","23290.74","conventional","California"
"20","644670.46","40121.11","2016-08-07 00:00:00","1.68","385923.6","103402.88","115222.87","113969.56","262.16","991.15","conventional","Chicago"
"21","614939.39","38275.52","2016-07-31 00:00:00","1.68","373205.75","97843.18","105614.94","104111.58","317.97","1185.39","conventional","Chicago"
"22","1180373.67","14628.74","2016-07-24 00:00:00","1.68","650141.77","22932.6","492670.56","466170.19","21057.43","5442.94","conventional","NewYork"
"7","292299.52","89364.77","2016-11-06 00:00:00","1.68","128356.68","18569.63","56008.44","46336.06","8804.32","868.06","conventional","SanDiego"
"17","64354.65","30130.01","2017-09-03 00:00:00","1.68","3171.02","6522.54","24531.08","18158.21","6319.14","53.73","conventional","Boise"
"27","545889.03","5987.76","2017-06-25 00:00:00","1.68","434222.79","3399.3","102279.18","94362.33","5241.02","2675.83","conventional","Boston"
"43","140468.86","1420.89","2017-03-05 00:00:00","1.68","75283.75","46.33","63717.89","63652.74","65.15","0","conventional","BuffaloRochester"
"45","109808.8","1360.81","2017-02-19 00:00:00","1.68","62449.93","33.22","45964.84","44232","1732.84","0","conventional","BuffaloRochester"
"11","4066640.98","1348029.41","2017-10-15 00:00:00","1.68","1699672.65","137027.4","881911.52","822315.27","22733.62","36862.63","conventional","California"
"16","135633.34","54122.63","2017-09-10 00:00:00","1.68","19954.7","989.94","60566.07","52387.6","7866.62","311.85","conventional","Columbus"
"17","234930.31","58131.6","2017-09-03 00:00:00","1.68","35365.15","25800.11","115633.45","98010.75","5328.57","12294.13","conventional","Detroit"
"23","136088.12","2240.69","2017-07-23 00:00:00","1.68","56572.58","33294.94","43979.91","29974.73","4228.93","9776.25","conventional","GrandRapids"
"27","275912.97","8658.16","2017-06-25 00:00:00","1.68","220849.19","134.57","46271.05","42685.55","670.5","2915","conventional","HartfordSpringfield"
"11","1176751.31","75694.79","2017-10-15 00:00:00","1.68","747793.74","632.63","352630.15","319602.75","33027.4","0","conventional","NewYork"
"36","1247609.13","45532.93","2017-04-23 00:00:00","1.68","838408.44","2853.1","360814.66","312758.39","41885.07","6171.2","conventional","NewYork"
"19","3417507.87","233399.64","2017-08-20 00:00:00","1.68","2072428.62","7950.27","1103729.34","912290.33","160575.78","30863.23","conventional","Northeast"
"28","3945270.4","237156.76","2017-06-18 00:00:00","1.68","2668419.58","20366.86","1019327.2","765706","209441.36","44179.84","conventional","Northeast"
"29","4060850.93","246826.64","2017-06-11 00:00:00","1.68","2632016.93","13643.55","1168363.81","778716.02","350202.79","39445","conventional","Northeast"
"18","370286.98","45068.5","2017-08-27 00:00:00","1.68","196136.69","604.27","128477.52","117020.86","11204.43","252.23","conventional","Philadelphia"
"26","365488.32","38790.35","2017-07-02 00:00:00","1.68","196153.79","582.2","129961.98","93672.73","31592.58","4696.67","conventional","Philadelphia"
"39","385731.38","30716.75","2017-04-02 00:00:00","1.68","208155.43","757.88","146101.32","138280.26","7821.06","0","conventional","Philadelphia"
"11","342218.56","89884.18","2017-10-15 00:00:00","1.68","208158.38","800.92","43375.08","42344.65","833.74","196.69","conventional","Sacramento"
"24","473361.62","122341.72","2017-07-16 00:00:00","1.68","165493.94","762.56","184763.4","107734.09","76671.75","357.56","conventional","Seattle"
"43","1396.48","2.48","2015-03-01 00:00:00","1.68","945.45","0","448.55","393.33","55.22","0","organic","Boise"
"28","116322.44","51607.99","2015-06-14 00:00:00","1.68","54937.64","43.18","9733.63","9733.63","0","0","organic","California"
"26","18877.36","576.78","2015-06-28 00:00:00","1.68","18163.91","0","136.67","136.67","0","0","organic","Chicago"
"50","4193.17","349.17","2015-01-11 00:00:00","1.68","3226.58","0","617.42","416.25","201.17","0","organic","Columbus"
"13","2137.67","849.13","2015-09-27 00:00:00","1.68","835.21","0","453.33","453.33","0","0","organic","GrandRapids"
"15","1932.15","906.33","2015-09-13 00:00:00","1.68","762.49","0","263.33","263.33","0","0","organic","GrandRapids"
"16","2320.11","1050.73","2015-09-06 00:00:00","1.68","866.05","0","403.33","403.33","0","0","organic","GrandRapids"
"17","2584.14","1246.63","2015-08-30 00:00:00","1.68","1015.26","0","322.25","306.67","15.58","0","organic","GrandRapids"
"14","75306.07","8591.69","2015-09-20 00:00:00","1.68","60724.74","0","5989.64","4811.55","1178.09","0","organic","GreatLakes"
"44","56569.37","3756.4","2015-02-22 00:00:00","1.68","41242.41","0","11570.56","8327.94","3242.62","0","organic","GreatLakes"
"16","3559.45","155.6","2015-09-06 00:00:00","1.68","173.38","3.33","3227.14","3210.67","16.47","0","organic","HarrisburgScranton"
"44","3400.24","22.4","2015-02-22 00:00:00","1.68","152.59","11.46","3213.79","3213.79","0","0","organic","HarrisburgScranton"
"51","2896.72","161.68","2015-01-04 00:00:00","1.68","206.96","0","2528.08","2528.08","0","0","organic","HarrisburgScranton"
"46","2086.14","41.71","2015-02-08 00:00:00","1.68","778.93","0","1265.5","1226.67","38.83","0","organic","Indianapolis"
"46","7138.01","3705.92","2015-02-08 00:00:00","1.68","2718.76","0","713.33","713.33","0","0","organic","LasVegas"
"12","34443.27","11737.64","2015-10-04 00:00:00","1.68","17362.62","0","5343.01","5303.01","40","0","organic","LosAngeles"
"7","1272.64","43.28","2015-11-08 00:00:00","1.68","894.97","0","334.39","153.33","181.06","0","organic","Louisville"
"48","1201.46","3.57","2015-01-25 00:00:00","1.68","740.48","0","457.41","216.67","240.74","0","organic","Louisville"
"2","46565.74","2651.64","2015-12-13 00:00:00","1.68","24678","1960.98","17275.12","10126.62","7148.5","0","organic","Midsouth"
"35","4821.3","255.29","2015-04-26 00:00:00","1.68","3162.23","53.33","1350.45","345.04","1005.41","0","organic","Nashville"
"13","1747.11","390.56","2015-09-27 00:00:00","1.68","71.51","0","1285.04","1285.04","0","0","organic","NewOrleansMobile"
"45","5687.19","280.4","2015-02-15 00:00:00","1.68","1672.25","19.9","3714.64","3714.64","0","0","organic","Philadelphia"
"41","1253.46","706.69","2015-03-15 00:00:00","1.68","66.64","0","480.13","357.87","122.26","0","organic","Pittsburgh"
"6","30958.65","4190.97","2015-11-15 00:00:00","1.68","14235.26","26.27","12506.15","7356.62","5149.53","0","organic","Plains"
"10","31802.25","4213.37","2015-10-18 00:00:00","1.68","14243.03","31.51","13314.34","6944.31","6370.03","0","organic","Plains"
"42","33434.23","3482.6","2015-03-08 00:00:00","1.68","12593.96","13.73","17343.94","15943.23","1400.71","0","organic","Plains"
"45","39967.69","4337.72","2015-02-15 00:00:00","1.68","19892.57","32.1","15705.3","14480.47","1224.83","0","organic","Plains"
"50","37617.95","6636.08","2015-01-11 00:00:00","1.68","15284.43","4.62","15692.82","13774.1","1918.72","0","organic","Plains"
"11","26547.99","780.51","2015-10-11 00:00:00","1.68","15805.53","3.31","9958.64","14.73","9943.91","0","organic","Portland"
"32","30795.99","13615.68","2015-05-17 00:00:00","1.68","14195.22","0","2985.09","0","2985.09","0","organic","Portland"
"36","7895.99","79.37","2015-04-19 00:00:00","1.68","4244.69","1260.14","2311.79","2248.97","62.82","0","organic","RaleighGreensboro"
"4","2729.66","45.91","2015-11-29 00:00:00","1.68","1463.34","180.4","1040.01","773.34","266.67","0","organic","RichmondNorfolk"
"12","4466.07","58.49","2015-10-04 00:00:00","1.68","2719.94","405.8","1281.84","993.33","288.51","0","organic","RichmondNorfolk"
"19","5611.72","128.18","2015-08-16 00:00:00","1.68","3804.14","436.52","1242.88","553.33","689.55","0","organic","RichmondNorfolk"
"1","5161.57","1124.17","2015-12-20 00:00:00","1.68","3959.43","0","77.97","77.97","0","0","organic","Sacramento"
"2","5141.65","1171.12","2015-12-13 00:00:00","1.68","3811.97","0","158.56","158.56","0","0","organic","Sacramento"
"6","8438.39","1537.41","2015-11-15 00:00:00","1.68","6399.23","0","501.75","430.1","71.65","0","organic","SanDiego"
"14","876.35","4.82","2015-09-20 00:00:00","1.68","121.82","0","749.71","749.71","0","0","organic","Syracuse"
"17","940.43","1","2015-08-30 00:00:00","1.68","56.36","0","883.07","883.07","0","0","organic","Syracuse"
"40","3313.75","1190.57","2015-03-22 00:00:00","1.68","13.18","0","2110","2110","0","0","organic","Tampa"
"41","2301.7","852.41","2015-03-15 00:00:00","1.68","5.96","0","1443.33","1443.33","0","0","organic","Tampa"
"44","2650.48","965.43","2015-02-22 00:00:00","1.68","8.38","0","1676.67","1676.67","0","0","organic","Tampa"
"47","2109.19","762.21","2015-02-01 00:00:00","1.68","20.31","0","1326.67","1326.67","0","0","organic","Tampa"
"28","646098.42","203021.68","2015-06-14 00:00:00","1.68","278912.22","6901.71","157262.81","106154.26","51108.55","0","organic","TotalUS"
"13","2019.71","33.22","2016-09-25 00:00:00","1.68","190.77","0","1795.72","1795.72","0","0","organic","Albany"
"15","3501.41","128.94","2016-09-11 00:00:00","1.68","227.69","0","3144.78","3144.78","0","0","organic","Albany"
"37","14563.78","2.41","2016-04-10 00:00:00","1.68","548.12","0","14013.25","11818.63","2194.62","0","organic","Boston"
"6","1146.07","20.5","2016-11-13 00:00:00","1.68","247.17","0","878.4","878.4","0","0","organic","BuffaloRochester"
"2","7154.49","132.06","2016-12-11 00:00:00","1.68","2651.85","459.44","3911.14","3506.84","404.3","0","organic","Charlotte"
"34","5736.02","268.44","2016-05-01 00:00:00","1.68","2921.35","718.82","1827.41","1827.41","0","0","organic","Charlotte"
"37","35474.03","70.12","2016-04-10 00:00:00","1.68","35212.51","0","191.4","191.4","0","0","organic","Chicago"
"21","5590.38","165.41","2016-07-31 00:00:00","1.68","200.86","32.52","5191.59","5191.59","0","0","organic","HarrisburgScranton"
"24","3843.3","1452.19","2016-07-10 00:00:00","1.68","79.88","8.35","2302.88","2302.88","0","0","organic","Jacksonville"
"47","6797.74","1776.21","2016-01-31 00:00:00","1.68","3076.64","0","1944.89","1880.81","64.08","0","organic","LasVegas"
"50","1460.66","44.55","2016-01-10 00:00:00","1.68","1039.39","0","376.72","0","376.72","0","organic","Louisville"
"0","72923.61","2716.25","2016-12-25 00:00:00","1.68","30275.52","1628.46","38303.38","35684.99","2618.39","0","organic","Midsouth"
"8","6293.04","294.8","2016-10-30 00:00:00","1.68","5438.31","0","559.93","38.89","521.04","0","organic","Nashville"
"10","2886","302.83","2016-10-16 00:00:00","1.68","17.47","0","2565.7","2056.67","509.03","0","organic","NewOrleansMobile"
"29","1388.5","737.02","2016-06-05 00:00:00","1.68","0","0","651.48","641.48","10","0","organic","NewOrleansMobile"
"42","10184.27","8.83","2016-03-06 00:00:00","1.68","442.78","0","9732.66","9732.66","0","0","organic","NorthernNewEngland"
"33","5598.49","2770.42","2016-05-08 00:00:00","1.68","153.63","0","2674.44","2674.44","0","0","organic","Orlando"
"49","8382.56","805.42","2016-01-17 00:00:00","1.68","1997.8","33.34","5546","565.36","4980.64","0","organic","Philadelphia"
"29","54947.33","5202.16","2016-06-05 00:00:00","1.68","26660.75","3345.5","19738.92","14844.01","4894.91","0","organic","Plains"
"45","36769.77","4150.81","2016-02-14 00:00:00","1.68","17198.57","3353.47","12066.92","7771.32","4295.6","0","organic","Plains"
"21","15250.82","326.34","2016-07-31 00:00:00","1.68","7146.4","1131.55","6646.53","6307.47","339.06","0","organic","RaleighGreensboro"
"51","4884.82","156.67","2016-01-03 00:00:00","1.68","2420.08","558.31","1749.76","1386.15","363.61","0","organic","RaleighGreensboro"
"0","3911.18","179.82","2016-12-25 00:00:00","1.68","2219.18","0","1512.18","1475.63","36.55","0","organic","Roanoke"
"50","6929.96","1251.06","2016-01-10 00:00:00","1.68","5380.3","0","298.6","298.6","0","0","organic","Sacramento"
"51","7911.16","1317.55","2016-01-03 00:00:00","1.68","6361.92","0","231.69","231.69","0","0","organic","Sacramento"
"25","2948.8","0","2016-07-03 00:00:00","1.68","111.26","0","2837.54","1715.2","1122.34","0","organic","Syracuse"
"26","2132.15","0","2016-06-26 00:00:00","1.68","103.7","0","2028.45","1317.67","710.78","0","organic","Syracuse"
"7","897671.29","117317.9","2016-11-06 00:00:00","1.68","266018.89","5049.63","509284.87","284638.32","224646.55","0","organic","TotalUS"
"11","126192.84","30116.28","2016-10-09 00:00:00","1.68","33882.82","189.03","62004.71","29570.26","32434.45","0","organic","West"
"17","58736.24","4534","2017-09-03 00:00:00","1.68","8344.86","134.23","45723.15","45723.15","0","0","organic","BaltimoreWashington"
"41","45989.07","1720.14","2017-03-19 00:00:00","1.68","40737.11","0","3531.82","3527.38","4.44","0","organic","Chicago"
"41","9218.04","303.46","2017-03-19 00:00:00","1.68","6026.24","0","2888.34","1116.44","1771.9","0","organic","CincinnatiDayton"
"10","12206.22","546.93","2017-10-22 00:00:00","1.68","1829.34","0","9829.95","8496.54","1333.41","0","organic","Columbus"
"14","21508.67","5819.22","2017-09-24 00:00:00","1.68","535.85","0","15153.6","15146.93","6.67","0","organic","DallasFtWorth"
"20","18826.43","5364.59","2017-08-13 00:00:00","1.68","322.73","0","13139.11","13044.16","94.95","0","organic","DallasFtWorth"
"21","16059.55","572.57","2017-08-06 00:00:00","1.68","3106.62","0","12380.36","10690.06","1690.3","0","organic","Detroit"
"10","190579.53","3616.94","2017-10-22 00:00:00","1.68","45789.71","0","140986.71","121946.19","19040.52","0","organic","GreatLakes"
"11","197529.4","3318.61","2017-10-15 00:00:00","1.68","54525.35","0","139481.99","126855.79","12626.2","0","organic","GreatLakes"
"23","208558.03","3639.54","2017-07-23 00:00:00","1.68","80400.82","4.82","124204.92","72148.53","52056.39","0","organic","GreatLakes"
"33","143791.21","3379.52","2017-05-14 00:00:00","1.68","73032.43","0","67379.26","29130.71","38248.55","0","organic","GreatLakes"
"19","15105","634.38","2017-08-20 00:00:00","1.68","206.66","23.45","14240.51","14240.51","0","0","organic","HarrisburgScranton"
"7","25301.84","6158.94","2017-11-12 00:00:00","1.68","57.13","0","19085.77","19085.77","0","0","organic","Houston"
"13","7780.31","154.85","2017-10-01 00:00:00","1.68","1188.01","0","6376.61","4453.01","1923.6","0","organic","Indianapolis"
"44","3160.21","749.78","2017-02-26 00:00:00","1.68","118.04","0","2292.39","323.54","1968.85","0","organic","Jacksonville"
"3","8602.41","1318.35","2017-12-10 00:00:00","1.68","1602.11","0","5681.95","5651.78","30.17","0","organic","LasVegas"
"22","143256.61","3072.11","2017-07-30 00:00:00","1.68","44213.86","991.22","94976.86","80259.26","14717.6","0","organic","Midsouth"
"37","132011.04","4340.81","2017-04-16 00:00:00","1.68","57599.11","2526.06","67545.06","39490.55","28054.51","0","organic","Midsouth"
"10","264208.2","10671.96","2017-10-22 00:00:00","1.68","29448.03","99.41","223988.8","223697.53","291.27","0","organic","Northeast"
"14","255258.55","9811.16","2017-09-24 00:00:00","1.68","31012","108.75","214326.64","214282.33","44.31","0","organic","Northeast"
"16","16452.15","4.84","2017-09-10 00:00:00","1.68","169.28","0","16278.03","16278.03","0","0","organic","NorthernNewEngland"
"19","17812.78","11.35","2017-08-20 00:00:00","1.68","258.45","0","17542.98","17542.98","0","0","organic","NorthernNewEngland"
"21","16939.38","6","2017-08-06 00:00:00","1.68","281.35","0","16652.03","16652.03","0","0","organic","NorthernNewEngland"
"22","18527.51","15.95","2017-07-30 00:00:00","1.68","259.16","0","18252.4","18252.4","0","0","organic","NorthernNewEngland"
"36","13175","103.25","2017-04-23 00:00:00","1.68","164.43","0","12907.32","12907.32","0","0","organic","NorthernNewEngland"
"44","20993.1","4201.48","2017-02-26 00:00:00","1.68","11005.43","10.86","5775.33","5678.14","97.19","0","organic","Philadelphia"
"34","9163.85","514.87","2017-05-07 00:00:00","1.68","4408.58","216.59","4023.81","2347.45","1676.36","0","organic","RichmondNorfolk"
"1","8177.33","2716.18","2017-12-24 00:00:00","1.68","3016.72","0","2444.43","2431.1","13.33","0","organic","Sacramento"
"8","13736.56","125.12","2017-11-05 00:00:00","1.68","3697.79","112.44","9801.21","9239.73","561.48","0","organic","SouthCarolina"
"25","3943.55","44.2","2017-07-09 00:00:00","1.68","188.68","0","3710.67","3703.89","6.78","0","organic","Tampa"
"35","1248175.29","199039.61","2017-04-30 00:00:00","1.68","421709.78","5187.46","622238.44","400529.93","221708.51","0","organic","TotalUS"
"28","215628.86","37443.94","2017-06-18 00:00:00","1.68","48934.78","159.38","129090.76","31850.15","97240.61","0","organic","West"
"2","2570.52","131.67","2018-03-11 00:00:00","1.68","229.56","0","2209.29","2209.29","0","0","organic","Albany"
"4","36432.65","246.73","2018-02-25 00:00:00","1.68","29263.75","0","6922.17","6908.84","13.33","0","organic","Chicago"
"3","11250.57","810.62","2018-03-04 00:00:00","1.68","4420.73","0","6019.22","4449.27","1569.95","0","organic","CincinnatiDayton"
"10","106624.63","15769.61","2018-01-14 00:00:00","1.68","39738.42","0","51116.6","51104.4","12.2","0","organic","LosAngeles"
"9","152056.12","3204.14","2018-01-21 00:00:00","1.68","44350.14","763.49","103738.35","84681.87","19056.48","0","organic","Midsouth"
"9","8546.3","59.53","2018-01-21 00:00:00","1.68","2081.22","0","6405.55","2314.95","4090.6","0","organic","Nashville"
"6","20349.55","1481.13","2018-02-11 00:00:00","1.68","2510.65","13.13","16344.64","16333.54","11.1","0","organic","Philadelphia"
"1","11828.91","1954.32","2018-03-18 00:00:00","1.68","3597.7","0","6276.89","6270.22","6.67","0","organic","Sacramento"
"8","376500.91","5542.76","2016-10-30 00:00:00","1.67","304461.49","3787.66","62709","62705.31","3.69","0","conventional","Boston"
"15","635036.01","80472.32","2016-09-11 00:00:00","1.67","355228.95","99520.95","99813.79","97150.37","2084.68","578.74","conventional","Chicago"
"19","626086.69","49617","2016-08-14 00:00:00","1.67","371087.23","102966.19","102416.27","99833.21","2139.33","443.73","conventional","Chicago"
"7","100001.45","1858.84","2016-11-06 00:00:00","1.67","58869.42","2785.71","36487.48","34753.44","1713.3","20.74","conventional","GrandRapids"
"6","2706838.44","126870.22","2016-11-13 00:00:00","1.67","1797497.36","14009.38","768461.48","716107.95","52343.53","10","conventional","Northeast"
"9","2916578.9","137388.92","2016-10-23 00:00:00","1.67","1930226.81","16940.59","832022.58","817362.4","12135.18","2525","conventional","Northeast"
"9","69432.23","2959.76","2017-10-29 00:00:00","1.67","57585.49","57.94","8829.04","5050.91","3778.13","0","conventional","Albany"
"45","95475.07","2702.57","2017-02-19 00:00:00","1.67","81691.54","125.48","10955.48","10784.07","171.41","0","conventional","Albany"
"28","713471.14","62875.95","2017-06-18 00:00:00","1.67","462835.5","6444.29","181315.4","169245.63","2474.77","9595","conventional","BaltimoreWashington"
"32","750139.67","70765.6","2017-05-21 00:00:00","1.67","467149.29","7223.03","205001.75","202535.27","2203.43","263.05","conventional","BaltimoreWashington"
"36","749186.76","69674.09","2017-04-23 00:00:00","1.67","458300.03","7322.93","213889.71","197171.14","16072.74","645.83","conventional","BaltimoreWashington"
"26","545128.14","6572.32","2017-07-02 00:00:00","1.67","437068.51","4890.2","96597.11","88408.03","5364.08","2825","conventional","Boston"
"36","146024.28","1826.18","2017-04-23 00:00:00","1.67","67510.44","28859.88","47827.78","32757.4","6398.5","8671.88","conventional","GrandRapids"
"37","175861.5","1857.22","2017-04-16 00:00:00","1.67","80672.38","34537.85","58794.05","39418.9","6580.28","12794.87","conventional","GrandRapids"
"10","125746.37","8944.76","2017-10-22 00:00:00","1.67","57230.12","603.48","58968.01","28364.19","30577.22","26.6","conventional","Indianapolis"
"11","1779831.36","741758.67","2017-10-15 00:00:00","1.67","385402.67","94134.88","558535.14","509468.27","15849.71","33217.16","conventional","LosAngeles"
"43","464210.89","273177.19","2017-03-05 00:00:00","1.67","78151.22","228.88","112653.6","56960.63","55692.97","0","conventional","MiamiFtLauderdale"
"13","1201890.84","83287.52","2017-10-01 00:00:00","1.67","707902.58","547.17","410153.57","377569.16","32584.41","0","conventional","NewYork"
"33","4163120.72","235696.82","2017-05-14 00:00:00","1.67","2525304.86","15247.5","1386871.54","1204975.59","162343.17","19552.78","conventional","Northeast"
"12","331169.67","43189.77","2017-10-08 00:00:00","1.67","163922.46","336.6","123720.84","117136.44","6584.4","0","conventional","Philadelphia"
"11","322915.64","101926.07","2017-10-15 00:00:00","1.67","136483.97","20792.45","63713.15","59356.15","4357","0","conventional","SanDiego"
"19","496897.67","126277.34","2017-08-20 00:00:00","1.67","145202.43","447.78","224970.12","168561.46","56032.06","376.6","conventional","Seattle"
"20","68140.75","16296.64","2017-08-13 00:00:00","1.67","26112.53","100.27","25631.31","16335.62","9284.42","11.27","conventional","Spokane"
"40","308197.46","175398.52","2017-03-26 00:00:00","1.67","49480.72","45.16","83273.06","44188.95","39025.78","58.33","conventional","Tampa"
"10","1294149.71","39681.84","2018-01-14 00:00:00","1.67","818051.5","1338.06","435078.31","415694.04","19384.27","0","conventional","NewYork"
"11","1287480.31","39884.07","2018-01-07 00:00:00","1.67","866953.05","573.69","380069.5","348249.49","31820.01","0","conventional","NewYork"
"1","9296.03","504.11","2015-12-20 00:00:00","1.67","4702.33","419.14","3670.45","1424.08","2246.37","0","organic","BaltimoreWashington"
"25","135522.65","50367.92","2015-07-05 00:00:00","1.67","74571.56","18.66","10564.51","10564.51","0","0","organic","California"
"26","116913.79","46841.35","2015-06-28 00:00:00","1.67","61727.62","0","8344.82","8341.49","3.33","0","organic","California"
"29","114406.15","49301.79","2015-06-07 00:00:00","1.67","52704.34","6.16","12393.86","12393.86","0","0","organic","California"
"13","24311.76","1213.4","2015-09-27 00:00:00","1.67","23051.69","0","46.67","46.67","0","0","organic","Chicago"
"25","19704.96","186.43","2015-07-05 00:00:00","1.67","18998.53","0","520","520","0","0","organic","Chicago"
"40","16076.52","436.1","2015-03-22 00:00:00","1.67","15367.09","0","273.33","273.33","0","0","organic","Chicago"
"1","2002.61","242.01","2015-12-20 00:00:00","1.67","1474.26","0","286.34","222.2","64.14","0","organic","Columbus"
"13","2404.66","486.97","2015-09-27 00:00:00","1.67","1465.4","0","452.29","100.72","351.57","0","organic","Columbus"
"48","4847.86","350.39","2015-01-25 00:00:00","1.67","3650.73","0","846.74","293.33","553.41","0","organic","Columbus"
"0","2010.73","822.95","2015-12-27 00:00:00","1.67","941.11","0","246.67","246.67","0","0","organic","GrandRapids"
"12","70410.49","6795.29","2015-10-04 00:00:00","1.67","53256.82","0","10358.38","5494.36","4864.02","0","organic","GreatLakes"
"15","83530.33","9336.46","2015-09-13 00:00:00","1.67","64212.51","0","9981.36","5498.57","4482.79","0","organic","GreatLakes"
"46","3408.2","35.2","2015-02-08 00:00:00","1.67","136.56","0","3236.44","3236.44","0","0","organic","HarrisburgScranton"
"38","9356.12","4828.61","2015-04-05 00:00:00","1.67","3641.12","0","886.39","545.4","340.99","0","organic","LasVegas"
"35","1764.81","1.22","2015-04-26 00:00:00","1.67","1045.34","0","718.25","373.33","344.92","0","organic","Louisville"
"44","1347.62","14.29","2015-02-22 00:00:00","1.67","658.47","0","674.86","443.33","231.53","0","organic","Louisville"
"16","74083.65","4321.27","2015-09-06 00:00:00","1.67","39381.46","3866.74","26514.18","21807.88","4706.3","0","organic","Midsouth"
"39","4455.04","334.3","2015-03-29 00:00:00","1.67","2754.56","96","1270.18","580","690.18","0","organic","Nashville"
"8","1713.35","334.79","2015-11-01 00:00:00","1.67","94.74","0","1283.82","1280.49","3.33","0","organic","NewOrleansMobile"
"0","3110.45","1617.61","2015-12-27 00:00:00","1.67","49.42","0","1443.42","1119.57","323.85","0","organic","Orlando"
"32","11593.7","8485.76","2015-05-17 00:00:00","1.67","1510.63","0","1597.31","866.67","730.64","0","organic","PhoenixTucson"
"41","36469.37","4427.92","2015-03-15 00:00:00","1.67","14399.17","22.87","17619.41","15944.5","1674.91","0","organic","Plains"
"47","30193.16","3904.24","2015-02-01 00:00:00","1.67","14499.51","32.15","11757.26","9989.22","1768.04","0","organic","Plains"
"37","6453.51","115.36","2015-04-12 00:00:00","1.67","3462.03","1068.76","1807.36","1011.65","795.71","0","organic","RaleighGreensboro"
"1","3999.44","66.16","2015-12-20 00:00:00","1.67","2449.2","215.03","1269.05","1265.11","3.94","0","organic","RichmondNorfolk"
"2","3565","85.17","2015-12-13 00:00:00","1.67","2009.89","194.01","1275.93","1213.84","62.09","0","organic","RichmondNorfolk"
"3","3089.71","42.65","2015-12-06 00:00:00","1.67","1608.75","223.9","1214.41","1060","154.41","0","organic","RichmondNorfolk"
"13","5760.76","59.29","2015-09-27 00:00:00","1.67","4263.28","0","1438.19","583.33","854.86","0","organic","Roanoke"
"22","33855.61","9842.79","2015-07-26 00:00:00","1.67","6913.97","673.36","16425.49","13022.52","3402.97","0","organic","Southeast"
"41","846.47","0","2015-03-15 00:00:00","1.67","134.36","0","712.11","712.11","0","0","organic","Syracuse"
"29","640448.59","200483.4","2015-06-07 00:00:00","1.67","264482.87","6286.15","169196.17","109859.75","59336.42","0","organic","TotalUS"
"19","214374.59","58956.38","2015-08-16 00:00:00","1.67","90741.76","17.51","64658.94","6931.2","57727.74","0","organic","West"
"18","1926.01","19.93","2016-08-21 00:00:00","1.67","233.25","0","1672.83","1672.83","0","0","organic","Albany"
"20","1545.79","54.24","2016-08-07 00:00:00","1.67","206.36","0","1285.19","1285.19","0","0","organic","Albany"
"49","1496.73","66.63","2016-01-17 00:00:00","1.67","430.17","0","999.93","992.14","7.79","0","organic","Albany"
"44","562.64","35.36","2016-02-21 00:00:00","1.67","425.56","0","101.72","14.03","87.69","0","organic","Boise"
"35","6489.79","369.98","2016-04-24 00:00:00","1.67","2721.06","639.06","2759.69","2759.69","0","0","organic","Charlotte"
"18","7223.46","629.11","2016-08-21 00:00:00","1.67","4017.95","0","2576.4","1129.77","1446.63","0","organic","Columbus"
"27","2301.05","41.53","2016-06-19 00:00:00","1.67","1883.37","0","376.15","330","46.15","0","organic","GrandRapids"
"19","116220.19","6686.26","2016-08-14 00:00:00","1.67","68598.93","6.35","40928.65","14160.18","26768.47","0","organic","GreatLakes"
"22","112800.57","5835.96","2016-07-24 00:00:00","1.67","65676.84","11.15","41276.62","23564.35","17712.27","0","organic","GreatLakes"
"19","4592.37","390.91","2016-08-14 00:00:00","1.67","1704.93","0","2496.53","1353.5","1143.03","0","organic","Indianapolis"
"5","60249.61","6503.09","2016-11-20 00:00:00","1.67","18671.5","9.41","35065.61","30815.31","4250.3","0","organic","LosAngeles"
"49","76290.32","7831.76","2016-01-17 00:00:00","1.67","17800.16","1500.23","49158.17","33936.45","15221.72","0","organic","Northeast"
"40","11336.93","5.06","2016-03-20 00:00:00","1.67","423.79","0","10908.08","10908.08","0","0","organic","NorthernNewEngland"
"46","9790.85","6.24","2016-02-07 00:00:00","1.67","200.89","0","9583.72","9583.72","0","0","organic","NorthernNewEngland"
"48","11214.42","12.37","2016-01-24 00:00:00","1.67","210.23","0","10991.82","10991.82","0","0","organic","NorthernNewEngland"
"44","3724.91","2172.08","2016-02-21 00:00:00","1.67","61.97","0","1490.86","1487.53","3.33","0","organic","Orlando"
"10","33832.86","5295.41","2016-10-16 00:00:00","1.67","5664.25","1040.32","21832.88","16796.31","5036.57","0","organic","Plains"
"17","54112.35","5905.64","2016-08-28 00:00:00","1.67","22226.82","309.42","25670.47","9529.41","16141.06","0","organic","Plains"
"18","25714","4776.31","2016-08-21 00:00:00","1.67","9485.6","4.93","11447.16","2931.29","8515.87","0","organic","Portland"
"28","25140.3","6921.86","2016-06-12 00:00:00","1.67","15536.84","15.11","2666.49","273.21","2393.28","0","organic","Portland"
"7","10649.94","405.62","2016-11-06 00:00:00","1.67","2900.88","362.16","6981.28","4928.77","2052.51","0","organic","SouthCarolina"
"43","4454.16","619.3","2016-02-28 00:00:00","1.67","1867.21","306.69","1660.96","1645.23","15.73","0","organic","SouthCarolina"
"22","68443.21","15723.85","2016-07-24 00:00:00","1.67","15761.64","968.77","35988.95","33725.71","2263.24","0","organic","Southeast"
"5","2832.01","64.86","2016-11-20 00:00:00","1.67","835.13","0","1932.02","106.67","1825.35","0","organic","Spokane"
"14","871627.58","127014.67","2016-09-18 00:00:00","1.67","266648.5","4597.27","473367.14","359599.26","113767.88","0","organic","TotalUS"
"22","2503.82","55.26","2017-07-30 00:00:00","1.67","92.99","0","2355.57","2355.57","0","0","organic","Albany"
"45","2523.56","1049.5","2017-02-19 00:00:00","1.67","141.41","0","1332.65","1332.65","0","0","organic","Albany"
"37","194263.4","28602.39","2017-04-16 00:00:00","1.67","68759.01","7.85","96894.15","87693.86","9200.29","0","organic","California"
"45","9418.55","299.88","2017-02-19 00:00:00","1.67","4076.97","598.59","4443.11","4295.31","147.8","0","organic","Charlotte"
"36","50574.88","144.02","2017-04-23 00:00:00","1.67","46354.05","0","4076.81","4072.37","4.44","0","organic","Chicago"
"40","48330.46","1252.26","2017-03-26 00:00:00","1.67","43428.38","0","3649.82","3645.38","4.44","0","organic","Chicago"
"7","12271.52","203.73","2017-11-12 00:00:00","1.67","3368.13","0","8699.66","5085.49","3614.17","0","organic","CincinnatiDayton"
"8","7478.89","569.29","2017-11-05 00:00:00","1.67","1069.47","0","5840.13","5688.86","151.27","0","organic","Columbus"
"9","20558.95","4525.31","2017-10-29 00:00:00","1.67","322.02","0","15711.62","15694.95","16.67","0","organic","DallasFtWorth"
"3","24471.73","4093.04","2017-12-10 00:00:00","1.67","451.74","49.81","19877.14","19803.55","73.59","0","organic","Denver"
"48","1626.47","47.74","2017-01-29 00:00:00","1.67","1079.73","0","499","386.67","112.33","0","organic","GrandRapids"
"43","2930.17","854.82","2017-03-05 00:00:00","1.67","95.83","1.28","1978.24","141.11","1837.13","0","organic","Jacksonville"
"27","10909.04","1963.82","2017-06-25 00:00:00","1.67","3093.37","0","5851.85","2404.38","3447.47","0","organic","LasVegas"
"36","9911.75","1121.34","2017-04-23 00:00:00","1.67","5184.26","0","3606.15","888.21","2717.94","0","organic","LasVegas"
"20","2741.48","0","2017-08-13 00:00:00","1.67","1252.59","0","1488.89","1102.05","386.84","0","organic","Louisville"
"5","6302.07","96.13","2017-11-26 00:00:00","1.67","606.44","0","5599.5","5128.9","470.6","0","organic","MiamiFtLauderdale"
"17","2647.99","36.32","2017-09-03 00:00:00","1.67","2.78","0","2608.89","2602.23","6.66","0","organic","MiamiFtLauderdale"
"1","131240.16","2543.96","2017-12-24 00:00:00","1.67","33564.26","712.1","94419.84","86520.12","7899.72","0","organic","Midsouth"
"39","129499.97","4585.96","2017-04-02 00:00:00","1.67","58475.37","2227.82","64210.82","36145.43","28065.39","0","organic","Midsouth"
"50","88279.56","3414.04","2017-01-15 00:00:00","1.67","43794.8","2191.38","38879.34","37053.18","1826.16","0","organic","Midsouth"
"1","237711.39","14885.87","2017-12-24 00:00:00","1.67","33389.98","221.35","189214.19","186448.83","2765.36","0","organic","Northeast"
"4","247242.48","23973.38","2017-12-03 00:00:00","1.67","52395.33","86.28","170787.49","160329.49","10458","0","organic","Northeast"
"3","23958.64","0","2017-12-10 00:00:00","1.67","285.78","0","23672.86","23672.86","0","0","organic","NorthernNewEngland"
"31","18289.39","12.99","2017-05-28 00:00:00","1.67","299.98","0","17976.42","17976.42","0","0","organic","NorthernNewEngland"
"4","4483.68","133.97","2017-12-03 00:00:00","1.67","710.54","0","3639.17","3623.61","15.56","0","organic","Orlando"
"16","34277.44","1551.8","2017-09-10 00:00:00","1.67","5487.54","5.95","27232.15","27232.15","0","0","organic","Philadelphia"
"36","13678.61","3557.81","2017-04-23 00:00:00","1.67","6186.19","0","3934.61","1470.08","2464.53","0","organic","PhoenixTucson"
"2","57922.35","1958.11","2017-12-17 00:00:00","1.67","17379.12","58.63","38520.68","27431.38","11089.3","0","organic","Plains"
"36","70584.97","4057.02","2017-04-23 00:00:00","1.67","23962.95","307.19","42257.81","26018.54","16239.27","0","organic","Plains"
"51","56310.43","4527.73","2017-01-08 00:00:00","1.67","18578.92","5649.58","27554.2","21617.03","5937.17","0","organic","Plains"
"9","10158.08","327.71","2017-10-29 00:00:00","1.67","2184.05","36.01","7610.31","7023.4","586.91","0","organic","RichmondNorfolk"
"27","17275.62","191.83","2017-06-25 00:00:00","1.67","5205.01","117.4","11761.38","9122.35","2639.03","0","organic","SouthCarolina"
"52","6866.1","296.57","2017-01-01 00:00:00","1.67","2833.99","185.96","3549.58","2687.3","862.28","0","organic","SouthCarolina"
"7","117223.76","24716.13","2017-11-12 00:00:00","1.67","3479.9","0","89027.73","88069.33","958.4","0","organic","SouthCentral"
"27","111509.08","4346.4","2017-06-25 00:00:00","1.67","37186.27","153.28","69823.13","40703.91","29119.22","0","organic","Southeast"
"32","87299.49","11348.27","2017-05-21 00:00:00","1.67","19091.4","257.81","56602.01","29557.75","27044.26","0","organic","Southeast"
"1","5123.55","1106.21","2017-12-24 00:00:00","1.67","841.14","0","3176.2","1584.44","1591.76","0","organic","StLouis"
"51","4065.65","1559.52","2017-01-08 00:00:00","1.67","325.05","0","2181.08","1381.78","799.3","0","organic","StLouis"
"48","1749.51","0","2017-01-29 00:00:00","1.67","106.8","0","1642.71","1473.19","169.52","0","organic","Syracuse"
"22","17633.69","2618.13","2017-07-30 00:00:00","1.67","3169.61","1056.54","10789.41","10733.97","55.44","0","organic","WestTexNewMexico"
"8","14446.26","390.17","2018-01-28 00:00:00","1.67","5130.48","0","8925.61","5602.18","3323.43","0","organic","Atlanta"
"1","21352.34","10539.17","2018-03-18 00:00:00","1.67","797.06","33.21","9982.9","9087.45","895.45","0","organic","Denver"
"10","272690.13","14282.25","2018-01-14 00:00:00","1.67","33534.86","58.59","224814.43","206708.26","18106.17","0","organic","Northeast"
"8","8402.79","197.96","2018-01-28 00:00:00","1.67","1131.65","0","7073.18","5671.11","1402.07","0","organic","Orlando"
"9","7935.53","219.52","2018-01-21 00:00:00","1.67","1633.41","0","6082.6","3524.73","2557.87","0","organic","Roanoke"
"12","672759.7","78716.77","2016-10-02 00:00:00","1.66","381624.67","19492.51","192925.75","190861.05","1423.03","641.67","conventional","BaltimoreWashington"
"3","72203.16","960.31","2016-12-04 00:00:00","1.66","54243.42","22.85","16976.58","15683.05","1256.03","37.5","conventional","BuffaloRochester"
"22","658913.69","42452.5","2016-07-24 00:00:00","1.66","386821.79","109032.48","120606.92","113683.42","1819.86","5103.64","conventional","Chicago"
"11","667770.44","57542.76","2017-10-15 00:00:00","1.66","426158.13","4901.97","179167.58","166892.17","12272.08","3.33","conventional","BaltimoreWashington"
"18","653598.86","51628.46","2017-08-27 00:00:00","1.66","402657.24","5171.88","194141.28","192627.66","800.29","713.33","conventional","BaltimoreWashington"
"28","581303.33","5379.22","2017-06-18 00:00:00","1.66","452146.49","3286.69","120490.93","112280.36","5416.4","2794.17","conventional","Boston"
"42","665364.72","59930.13","2017-03-12 00:00:00","1.66","446178.36","105820.92","53435.31","47528.05","1346.79","4560.47","conventional","Chicago"
"35","300311.86","7020.54","2017-04-30 00:00:00","1.66","234305.43","228.33","58757.56","56541.74","2215.82","0","conventional","HartfordSpringfield"
"41","253838.3","5615.33","2017-03-19 00:00:00","1.66","195073.06","691.53","52458.38","46606.3","5852.08","0","conventional","HartfordSpringfield"
"18","2117126.8","1096036.21","2017-08-27 00:00:00","1.66","344686.36","105558.18","570846.05","523454.36","14650.86","32740.83","conventional","LosAngeles"
"14","159412.07","74533.49","2017-09-24 00:00:00","1.66","22831.21","82.19","61965.18","54501.62","7350.47","113.09","conventional","Nashville"
"32","4110305.09","302107.66","2017-05-21 00:00:00","1.66","2678109.07","15192.54","1114895.82","951882.76","160311.39","2701.67","conventional","Northeast"
"30","401637.7","8209.2","2017-06-04 00:00:00","1.66","322243.99","2107.52","69076.99","31580.39","36384.93","1111.67","conventional","NorthernNewEngland"
"31","445049.68","10552.04","2017-05-28 00:00:00","1.66","357297.24","2336.14","74864.26","41798.08","32252.85","813.33","conventional","NorthernNewEngland"
"34","491356.56","42673.46","2017-05-07 00:00:00","1.66","249542.51","919.18","198221.41","155183.42","42203.27","834.72","conventional","Philadelphia"
"36","363689.09","34157.54","2017-04-23 00:00:00","1.66","208134.75","416.47","120980.33","105813.24","15167.09","0","conventional","Philadelphia"
"40","379956.99","24691.96","2017-03-26 00:00:00","1.66","219076.77","2819.37","133368.89","124540.35","8828.54","0","conventional","Philadelphia"
"41","373158.66","16003.12","2017-03-19 00:00:00","1.66","220282.45","3440.64","133432.45","119317.04","14115.41","0","conventional","Philadelphia"
"15","1369417.02","603285.91","2017-09-17 00:00:00","1.66","339221.28","6807.98","420101.85","365945.02","54079.47","77.36","conventional","Plains"
"12","87278.58","26135.12","2017-10-08 00:00:00","1.66","16257.01","73.31","44813.14","38450.63","6362.51","0","conventional","Roanoke"
"12","348907.43","94059.88","2017-10-08 00:00:00","1.66","214294.88","934.78","39617.89","37953.34","1407.04","257.51","conventional","Sacramento"
"23","675183.5","166906.47","2017-07-23 00:00:00","1.66","421727.32","5650.14","80899.57","78075.75","1063.82","1760","conventional","SanFrancisco"
"15","2816590.79","1623450.57","2017-09-17 00:00:00","1.66","438322.06","2874.78","751943.38","367156.52","382447.49","2339.37","conventional","Southeast"
"15","65219.18","16477.84","2017-09-17 00:00:00","1.66","28242.32","34.47","20464.55","12775.39","7598.66","90.5","conventional","Spokane"
"29","58542.16","1072.14","2017-06-11 00:00:00","1.66","42974.8","113.4","14381.82","9561.81","2500.01","2320","conventional","Syracuse"
"33","74951.66","1032.62","2017-05-14 00:00:00","1.66","43170.45","42","30706.59","28525.65","2180.94","0","conventional","Syracuse"
"20","13132.64","3946.7","2015-08-09 00:00:00","1.66","4109.96","836.42","4239.56","4225.93","13.63","0","organic","BaltimoreWashington"
"34","16396.29","6666.67","2015-05-03 00:00:00","1.66","3755.62","1163.9","4810.1","4806.79","3.31","0","organic","BaltimoreWashington"
"37","15999.82","7671.04","2015-04-12 00:00:00","1.66","3634.16","864.43","3830.19","3822.27","7.92","0","organic","BaltimoreWashington"
"7","101320.15","17074.6","2015-11-08 00:00:00","1.66","62469.04","0","21776.51","20005.46","1771.05","0","organic","California"
"24","18945.72","253.02","2015-07-12 00:00:00","1.66","18087.09","0","605.61","566.67","38.94","0","organic","Chicago"
"39","15545.06","119.66","2015-03-29 00:00:00","1.66","14605.4","0","820","820","0","0","organic","Chicago"
"11","9860.75","304.48","2015-10-11 00:00:00","1.66","8500.97","0","1055.3","443.33","611.97","0","organic","CincinnatiDayton"
"19","15095.2","252.24","2015-08-16 00:00:00","1.66","13919.8","0","923.16","260","663.16","0","organic","CincinnatiDayton"
"23","14741.72","230.06","2015-07-19 00:00:00","1.66","11663.77","0","2847.89","96.67","2751.22","0","organic","CincinnatiDayton"
"18","4806.35","593.95","2015-08-23 00:00:00","1.66","2740.64","3.34","1468.42","305.46","1162.96","0","organic","Columbus"
"37","4628.41","383.43","2015-04-12 00:00:00","1.66","3479.25","0","765.73","450.15","315.58","0","organic","Columbus"
"21","7273.85","443.61","2015-08-02 00:00:00","1.66","5477.67","0","1352.57","580","772.57","0","organic","Detroit"
"1","1991.44","1015.15","2015-12-20 00:00:00","1.66","816.29","0","160","160","0","0","organic","GrandRapids"
"4","1497.39","808.92","2015-11-29 00:00:00","1.66","568.47","0","120","120","0","0","organic","GrandRapids"
"5","1602.88","870.86","2015-11-22 00:00:00","1.66","595.85","0","136.17","130","6.17","0","organic","GrandRapids"
"13","70809.98","7925.81","2015-09-27 00:00:00","1.66","55025.02","0","7859.15","4464.32","3394.83","0","organic","GreatLakes"
"31","79844.57","4379.87","2015-05-24 00:00:00","1.66","61338.68","0","14126.02","9484.68","4641.34","0","organic","GreatLakes"
"13","1713.63","169.73","2015-09-27 00:00:00","1.66","1231.13","0","312.77","166.67","146.1","0","organic","Indianapolis"
"17","2883.1","493.78","2015-08-30 00:00:00","1.66","1711.21","0","678.11","323.33","354.78","0","organic","Indianapolis"
"48","5758.68","2421.36","2015-01-25 00:00:00","1.66","3050.67","0","286.65","273.33","13.32","0","organic","LasVegas"
"15","45533.58","26153.24","2015-09-13 00:00:00","1.66","15358.54","0","4021.8","3985.13","36.67","0","organic","LosAngeles"
"5","46456.92","2136.26","2015-11-22 00:00:00","1.66","30845.18","2730.31","10745.17","7911.72","2833.45","0","organic","Midsouth"
"7","49231.83","4884.66","2015-11-08 00:00:00","1.66","24573.94","3121.29","16651.94","13541.29","3110.65","0","organic","Midsouth"
"10","57077.28","2657.09","2015-10-18 00:00:00","1.66","31526.9","3739.04","19154.25","13759.4","5394.85","0","organic","Midsouth"
"1","3764.64","479.91","2015-12-20 00:00:00","1.66","2713.01","0","571.72","533.33","38.39","0","organic","Nashville"
"5","4282.27","329.99","2015-11-22 00:00:00","1.66","3186.8","0","765.48","616.67","148.81","0","organic","Nashville"
"10","4679.4","660.38","2015-10-18 00:00:00","1.66","2930.12","0","1088.9","930","158.9","0","organic","Nashville"
"38","5251.04","261.25","2015-04-05 00:00:00","1.66","3354.35","116.49","1518.95","938.41","580.54","0","organic","Nashville"
"1","1822.24","470.42","2015-12-20 00:00:00","1.66","0","0","1351.82","1351.82","0","0","organic","NewOrleansMobile"
"5","9580.4","15.45","2015-11-22 00:00:00","1.66","78.44","0","9486.51","9486.51","0","0","organic","NorthernNewEngland"
"45","10159.47","7842.64","2015-02-15 00:00:00","1.66","1205.1","0","1111.73","1096.68","15.05","0","organic","PhoenixTucson"
"18","1973.39","749.11","2015-08-23 00:00:00","1.66","61.43","0","1162.85","1083.22","79.63","0","organic","Pittsburgh"
"44","40390.21","5100.04","2015-02-22 00:00:00","1.66","17771.09","9.16","17509.92","16731.6","778.32","0","organic","Plains"
"3","12668.99","934.4","2015-12-06 00:00:00","1.66","8211.33","0","3523.26","7.43","3515.83","0","organic","Portland"
"29","7277.02","158.41","2015-06-07 00:00:00","1.66","2909.31","772.63","3436.67","2473.82","962.85","0","organic","RaleighGreensboro"
"9","4174.55","58.25","2015-10-25 00:00:00","1.66","2344.49","371.33","1400.48","1176.66","223.82","0","organic","RichmondNorfolk"
"50","2914.35","143.78","2015-01-11 00:00:00","1.66","2060.44","270.92","439.21","412.81","26.4","0","organic","RichmondNorfolk"
"33","37079.86","9690.74","2015-05-10 00:00:00","1.66","22159.83","58.17","5171.12","0","5171.12","0","organic","Seattle"
"35","39909.48","8195.52","2015-04-26 00:00:00","1.66","30041.24","74.47","1598.25","0","1598.25","0","organic","Seattle"
"47","3977.03","456.99","2015-02-01 00:00:00","1.66","1272.79","503.05","1744.2","1580","164.2","0","organic","SouthCarolina"
"3","26746.71","10128.33","2015-12-06 00:00:00","1.66","5808.76","431.28","10378.34","8091.5","2286.84","0","organic","Southeast"
"41","3237.43","1140.23","2015-03-15 00:00:00","1.66","2078.6","0","18.6","0","18.6","0","organic","Spokane"
"48","3313.55","611.87","2015-01-25 00:00:00","1.66","2325.24","3.65","372.79","226.67","146.12","0","organic","Spokane"
"20","1295.6","16","2015-08-09 00:00:00","1.66","53.03","0","1226.57","1226.57","0","0","organic","Syracuse"
"50","762.15","1.24","2015-01-11 00:00:00","1.66","195.51","0","565.4","565.4","0","0","organic","Syracuse"
"17","670005.94","150924.97","2015-08-30 00:00:00","1.66","325442.96","5569.76","188068.25","113122.37","74945.88","0","organic","TotalUS"
"27","638192.89","202071.06","2015-06-21 00:00:00","1.66","304368.47","6264.36","125489","76906.18","48582.82","0","organic","TotalUS"
"11","143146.85","27827.61","2015-10-11 00:00:00","1.66","57061.73","56.28","58201.23","2437.78","55763.45","0","organic","West"
"18","11538.97","3284.92","2015-08-16 00:00:00","1.66","5434.82","0","2819.23","2726.66","92.57","0","organic","WestTexNewMexico"
"26","11100.27","5294.94","2015-06-21 00:00:00","1.66","4443.29","0","1362.04","1035.3","326.74","0","organic","WestTexNewMexico"
"36","8335.28","2470.16","2015-04-12 00:00:00","1.66","3359.63","0","2505.49","1860.22","645.27","0","organic","WestTexNewMexico"
"45","9271.68","2240.97","2015-02-08 00:00:00","1.66","2867.38","0","4163.33","4163.33","0","0","organic","WestTexNewMexico"
"17","1922.46","17.35","2016-08-28 00:00:00","1.66","200.92","0","1704.19","1704.19","0","0","organic","Albany"
"42","6619.18","2601.59","2016-03-06 00:00:00","1.66","3440.3","0","577.29","246.67","330.62","0","organic","Atlanta"
"50","5614.09","2123.47","2016-01-10 00:00:00","1.66","2121.26","0","1369.36","392.02","977.34","0","organic","Atlanta"
"46","17201.44","643.01","2016-02-07 00:00:00","1.66","7814.15","346.1","8398.18","2034.08","6364.1","0","organic","BaltimoreWashington"
"44","5329.12","0","2016-02-21 00:00:00","1.66","279.64","0","5049.48","1223.64","3825.84","0","organic","BuffaloRochester"
"8","10446.48","160","2016-10-30 00:00:00","1.66","4973.04","1171.38","4142.06","3748.17","393.89","0","organic","Charlotte"
"30","5676.93","301.54","2016-05-29 00:00:00","1.66","2647.47","702.09","2025.83","2015.83","10","0","organic","Charlotte"
"38","35602.29","95.32","2016-04-03 00:00:00","1.66","35272.75","0","234.22","234.22","0","0","organic","Chicago"
"21","116608.12","5611.64","2016-07-31 00:00:00","1.66","67958.96","25.44","43012.08","20164.41","22847.67","0","organic","GreatLakes"
"4","2862.28","120.71","2016-11-27 00:00:00","1.66","984.33","0","1757.24","614.85","1142.39","0","organic","Indianapolis"
"31","3862.88","2130.3","2016-05-22 00:00:00","1.66","142.19","13.72","1576.67","1576.67","0","0","organic","Jacksonville"
"38","3632.75","2203.04","2016-04-03 00:00:00","1.66","123.98","12.4","1293.33","1293.33","0","0","organic","Jacksonville"
"48","2934.24","1638.49","2016-01-24 00:00:00","1.66","59.38","9.7","1226.67","1226.67","0","0","organic","Jacksonville"
"7","3968.96","118.44","2016-11-06 00:00:00","1.66","11.64","0","3838.88","2595.42","1243.46","0","organic","NewOrleansMobile"
"14","11836.41","0","2016-09-18 00:00:00","1.66","227.63","0","11608.78","11608.78","0","0","organic","NorthernNewEngland"
"45","10158.92","5.01","2016-02-14 00:00:00","1.66","169.07","0","9984.84","9984.84","0","0","organic","NorthernNewEngland"
"50","10525.16","15.92","2016-01-10 00:00:00","1.66","246.12","0","10263.12","10259.79","3.33","0","organic","NorthernNewEngland"
"26","13866.31","6127.86","2016-06-26 00:00:00","1.66","4823.04","0","2915.41","647.76","2267.65","0","organic","PhoenixTucson"
"24","27248.92","5420.57","2016-07-10 00:00:00","1.66","11123.92","19.77","10684.66","130.33","10554.33","0","organic","Portland"
"29","29171.54","7923.13","2016-06-05 00:00:00","1.66","20355.75","11.77","880.89","90","790.89","0","organic","Portland"
"32","6628.06","281.92","2016-05-15 00:00:00","1.66","3879.17","441.75","2025.22","1946.67","78.55","0","organic","RaleighGreensboro"
"49","4137.6","147.2","2016-01-17 00:00:00","1.66","2088.92","436.7","1464.78","1260.66","204.12","0","organic","RaleighGreensboro"
"0","5233.93","501.16","2016-12-25 00:00:00","1.66","2272.02","151.72","2309.03","2309.03","0","0","organic","RichmondNorfolk"
"14","9465.99","479.32","2016-09-18 00:00:00","1.66","3496.18","354.07","5136.42","3837.2","1299.22","0","organic","SouthCarolina"
"49","4600.84","844.33","2016-01-17 00:00:00","1.66","1613.53","323.18","1819.8","1799.92","19.88","0","organic","SouthCarolina"
"43","36570.56","15059.75","2016-02-28 00:00:00","1.66","8583.7","436.81","12490.3","12288.18","202.12","0","organic","Southeast"
"41","2357.86","0","2016-03-13 00:00:00","1.66","154.45","0","2203.41","889.72","1313.69","0","organic","Syracuse"
"5","171623.92","33916.58","2016-11-20 00:00:00","1.66","38582.41","31.05","99093.88","27888.84","71205.04","0","organic","West"
"5","11834.89","344.14","2017-11-26 00:00:00","1.66","3863.03","0","7627.72","6495.07","1132.65","0","organic","Atlanta"
"20","40536.12","1099.85","2017-08-13 00:00:00","1.66","6739.42","161.91","32534.94","32534.94","0","0","organic","BaltimoreWashington"
"27","167931.62","23367.89","2017-06-25 00:00:00","1.66","53252.13","0","91311.6","89270.67","2040.93","0","organic","California"
"50","142739.21","27811.48","2017-01-15 00:00:00","1.66","58090.25","3.08","56834.4","55364.11","1470.29","0","organic","California"
"6","7514.34","293.63","2017-11-19 00:00:00","1.66","3450.25","0","3770.46","3342.66","427.8","0","organic","CincinnatiDayton"
"32","14138.36","257.41","2017-05-21 00:00:00","1.66","5819.7","0","8061.25","1103.03","6958.22","0","organic","CincinnatiDayton"
"35","13924.31","243.48","2017-04-30 00:00:00","1.66","4877.17","0","8803.66","882.46","7921.2","0","organic","CincinnatiDayton"
"4","18538.92","4177.1","2017-12-03 00:00:00","1.66","330.35","0","14031.47","10610.18","3421.29","0","organic","DallasFtWorth"
"2","129898.85","2761.68","2017-12-17 00:00:00","1.66","34831.02","640.04","91666.11","80649.5","11016.61","0","organic","Midsouth"
"4","131588.67","2948","2017-12-03 00:00:00","1.66","38442.38","759.91","89438.38","85848.62","3589.76","0","organic","Midsouth"
"0","229313.64","11281.04","2017-12-31 00:00:00","1.66","33549.86","122.83","184359.91","170878.67","13481.24","0","organic","Northeast"
"2","222261.39","13706.54","2017-12-17 00:00:00","1.66","34143.68","94.76","174316.41","155391.08","18925.33","0","organic","Northeast"
"24","240537.76","12309.73","2017-07-16 00:00:00","1.66","34479.02","2085.77","191663.24","178777.51","12885.73","0","organic","Northeast"
"24","20254.68","10.56","2017-07-16 00:00:00","1.66","397.21","0","19846.91","19846.91","0","0","organic","NorthernNewEngland"
"43","15016.27","76.78","2017-03-05 00:00:00","1.66","269.38","0","14670.11","14670.11","0","0","organic","NorthernNewEngland"
"25","39752.74","2463.61","2017-07-09 00:00:00","1.66","11058.61","0","26230.52","125.58","26104.94","0","organic","Portland"
"21","12743.98","513.56","2017-08-06 00:00:00","1.66","3881.12","71.87","8277.43","7343.81","933.62","0","organic","RichmondNorfolk"
"46","9082.88","1014.35","2017-02-12 00:00:00","1.66","7049.67","0","1018.86","856.72","162.14","0","organic","SanDiego"
"46","3673.62","79.25","2017-02-12 00:00:00","1.66","1229.41","0","2364.96","578.99","1785.97","0","organic","Spokane"
"46","2470.65","2.56","2017-02-12 00:00:00","1.66","102.49","0","2365.6","1989.81","375.79","0","organic","Syracuse"
"1","232395.98","30630.73","2017-12-24 00:00:00","1.66","38800.38","84.09","162880.78","90385.44","72367.24","128.1","organic","West"
"27","21170.11","3042.11","2017-06-11 00:00:00","1.66","3588.46","0","14539.54","7757.19","6782.35","0","organic","WestTexNewMexico"
"1","3154.45","275.89","2018-03-18 00:00:00","1.66","297.96","0","2580.6","2577.27","3.33","0","organic","Albany"
"3","17082","597.4","2018-03-04 00:00:00","1.66","5315.48","0","11169.12","9691.97","1477.15","0","organic","Atlanta"
"9","38098.21","1450.87","2018-01-21 00:00:00","1.66","9262.48","65.08","27319.78","27315.34","4.44","0","organic","BaltimoreWashington"
"1","35542.17","184.53","2018-03-18 00:00:00","1.66","26955.74","0","8401.9","8398.57","3.33","0","organic","Chicago"
"2","41969.83","583.18","2018-03-11 00:00:00","1.66","32382.95","0","9003.7","8990.36","13.34","0","organic","Chicago"
"5","33678.58","259.18","2018-02-18 00:00:00","1.66","24314.04","0","9105.36","9095.36","10","0","organic","Chicago"
"0","15502.38","728.9","2018-03-25 00:00:00","1.66","4308.74","0","10464.74","7398.87","3065.87","0","organic","CincinnatiDayton"
"1","11198.86","1458.43","2018-03-18 00:00:00","1.66","2174.4","0","7566.03","7545.71","20.32","0","organic","LasVegas"
"3","11529.02","1575.2","2018-03-04 00:00:00","1.66","2190.42","0","7763.4","7763.4","0","0","organic","LasVegas"
"4","10302.5","1407.85","2018-02-25 00:00:00","1.66","1898.15","0","6996.5","6957.59","38.91","0","organic","LasVegas"
"7","273309.58","16597.29","2018-02-04 00:00:00","1.66","41306.63","766.14","214639.52","188630.21","26009.31","0","organic","Northeast"
"0","31275.39","1746.29","2018-03-25 00:00:00","1.66","8110.67","0","21418.43","1712.1","19700.47","5.86","organic","Portland"
"6","4099.32","243.98","2018-02-11 00:00:00","1.66","1330.99","0","2524.35","583.17","1941.18","0","organic","Spokane"
"21","698627.62","64022.99","2016-07-31 00:00:00","1.65","402053.22","31448.04","201103.37","197041.21","706.6","3355.56","conventional","BaltimoreWashington"
"8","71163.53","1130.02","2016-10-30 00:00:00","1.65","56077.13","81.81","13874.57","13874.57","0","0","conventional","BuffaloRochester"
"10","3107049.25","144612.79","2016-10-16 00:00:00","1.65","2009401.22","13908.08","939127.16","892219.03","46084.52","823.61","conventional","Northeast"
"8","270941.97","88975.06","2016-10-30 00:00:00","1.65","119080.04","14742.36","48144.51","41712.24","6337","95.27","conventional","SanDiego"
"6","97273","2695","2017-11-19 00:00:00","1.65","80596","43","13940","7536","6404","0","conventional","Albany"
"11","73574.89","3383.35","2017-10-15 00:00:00","1.65","63355.37","62.45","6773.72","3882.02","2891.7","0","conventional","Albany"
"29","91949.26","1989.84","2017-06-11 00:00:00","1.65","76736.87","364.68","12857.87","2704.43","8235.11","1918.33","conventional","Albany"
"27","693972.27","57367.81","2017-06-25 00:00:00","1.65","446948.93","6496.32","183159.21","167326.54","7351.56","8481.11","conventional","BaltimoreWashington"
"29","744158.66","65666","2017-06-11 00:00:00","1.65","475095.67","7177.12","196219.87","184500.54","4298.5","7420.83","conventional","BaltimoreWashington"
"17","4648718.22","1856634.4","2017-09-03 00:00:00","1.65","1720930.65","168178.12","902975.05","839519.87","21358.39","42096.79","conventional","California"
"17","200900.91","49285.16","2017-09-03 00:00:00","1.65","69478.02","6029.05","76108.68","67996.4","4698.95","3413.33","conventional","Charlotte"
"37","742675.28","65083.44","2017-04-16 00:00:00","1.65","490301.8","104457.58","82832.46","75155.6","2307.78","5369.08","conventional","Chicago"
"38","699592.47","70040.01","2017-04-09 00:00:00","1.65","454691.92","102227.68","72632.86","63362.77","2625.56","6644.53","conventional","Chicago"
"39","676300.83","64888.08","2017-04-02 00:00:00","1.65","452598.7","97671.17","61142.88","56000.95","934.56","4207.37","conventional","Chicago"
"5","96700","1864","2017-11-26 00:00:00","1.65","50330","11404","33102","22505","10417","180","conventional","GrandRapids"
"17","127147.57","2659.69","2017-09-03 00:00:00","1.65","52612.04","28692.1","43183.74","30195.58","4062.57","8925.59","conventional","GrandRapids"
"42","248805.91","4902.42","2017-03-12 00:00:00","1.65","186372.61","162.89","57367.99","56747.94","620.05","0","conventional","HartfordSpringfield"
"16","78604.92","2337.33","2017-09-10 00:00:00","1.65","34553.13","91.41","41623.05","15816.03","25440.35","366.67","conventional","Louisville"
"18","450204.59","302627.69","2017-08-27 00:00:00","1.65","49717.5","289.62","97569.78","37812.76","51132.58","8624.44","conventional","MiamiFtLauderdale"
"14","1178504.26","77197.18","2017-09-24 00:00:00","1.65","716125.04","599.08","384582.96","362090.67","22488.31","3.98","conventional","NewYork"
"34","1746824.6","56814.61","2017-05-07 00:00:00","1.65","920313.85","3634.42","766061.72","451173.29","305309.26","9579.17","conventional","NewYork"
"37","4043204.76","222626.36","2017-04-16 00:00:00","1.65","2576783.08","14146.92","1229648.4","1019859.84","200044.12","9744.44","conventional","Northeast"
"19","379035.92","150962.01","2017-08-20 00:00:00","1.65","110759.28","20546.29","96768.34","88428.12","6993.62","1346.6","conventional","SanDiego"
"12","780710.38","118596.49","2017-10-08 00:00:00","1.65","587792.61","2921.61","71399.67","70491.41","419.54","488.72","conventional","SanFrancisco"
"19","72084.39","19604.56","2017-08-20 00:00:00","1.65","23704.67","189.66","28585.5","19888.67","8696.83","0","conventional","Spokane"
"30","64255.79","976.08","2017-06-04 00:00:00","1.65","42117.66","21.91","21140.14","17366.8","2528.34","1245","conventional","Syracuse"
"12","24397166.19","8911144.2","2017-10-08 00:00:00","1.65","7609509.9","391832.89","7484679.2","5444021.28","1976738.84","63919.08","conventional","TotalUS"
"7","7159.03","2700.66","2015-11-08 00:00:00","1.65","2975.05","566.83","916.49","846.82","69.67","0","organic","BaltimoreWashington"
"45","1269.74","12.86","2015-02-15 00:00:00","1.65","123.93","0","1132.95","1132.95","0","0","organic","BuffaloRochester"
"23","19677.2","562.05","2015-07-19 00:00:00","1.65","18741.42","0","373.73","263.33","110.4","0","organic","Chicago"
"38","21064.17","112.46","2015-04-05 00:00:00","1.65","20035.04","0","916.67","916.67","0","0","organic","Chicago"
"41","3385.11","406.97","2015-03-15 00:00:00","1.65","2060.4","0","917.74","291.55","626.19","0","organic","Columbus"
"10","7791.34","1652.49","2015-10-18 00:00:00","1.65","4374.48","0","1764.37","393.33","1371.04","0","organic","Detroit"
"6","1663.16","958.54","2015-11-15 00:00:00","1.65","531.29","0","173.33","173.33","0","0","organic","GrandRapids"
"30","79819.77","3599.67","2015-05-31 00:00:00","1.65","58929.65","0","17290.45","12356.85","4933.6","0","organic","GreatLakes"
"45","58236.29","3633.54","2015-02-15 00:00:00","1.65","40867.13","0","13735.62","11050","2685.62","0","organic","GreatLakes"
"45","4701.71","49.13","2015-02-15 00:00:00","1.65","261.1","16.03","4375.45","4375.45","0","0","organic","HarrisburgScranton"
"47","3796.16","39.55","2015-02-01 00:00:00","1.65","151.13","0","3605.48","3605.48","0","0","organic","HarrisburgScranton"
"50","3882.88","90.15","2015-01-11 00:00:00","1.65","288.15","0","3504.58","3504.58","0","0","organic","HarrisburgScranton"
"21","2024.18","106.36","2015-08-02 00:00:00","1.65","1348.4","0","569.42","240","329.42","0","organic","Indianapolis"
"31","2362.64","81.97","2015-05-24 00:00:00","1.65","1193.4","0","1087.27","853.88","233.39","0","organic","Indianapolis"
"8","1156.12","48.5","2015-11-01 00:00:00","1.65","835.97","0","271.65","43.33","228.32","0","organic","Louisville"
"11","1243.4","11.54","2015-10-11 00:00:00","1.65","988.31","0","243.55","0","243.55","0","organic","Louisville"
"14","1974.52","40.99","2015-09-20 00:00:00","1.65","1268.23","0","665.3","423.33","241.97","0","organic","Louisville"
"41","1664.74","8.34","2015-03-15 00:00:00","1.65","731.35","0","925.05","796.67","128.38","0","organic","Louisville"
"43","1510.75","0","2015-03-01 00:00:00","1.65","1077.97","0","432.78","213.33","219.45","0","organic","Louisville"
"20","81469.58","6068.03","2015-08-09 00:00:00","1.65","43254.06","5020.21","27127.28","22422.37","4704.91","0","organic","Midsouth"
"27","67376.23","7698.52","2015-06-21 00:00:00","1.65","38237.89","4064.84","17374.98","11504.18","5870.8","0","organic","Midsouth"
"38","68150.51","10574.96","2015-04-05 00:00:00","1.65","31229.73","4688.87","21656.95","17759.54","3897.41","0","organic","Midsouth"
"39","64688.75","10530.83","2015-03-29 00:00:00","1.65","30083.37","4781.66","19292.89","17345.15","1947.74","0","organic","Midsouth"
"41","58939.14","8401.12","2015-03-15 00:00:00","1.65","28424.2","4385.54","17728.28","16137.24","1591.04","0","organic","Midsouth"
"49","52559.1","11415.28","2015-01-18 00:00:00","1.65","25306.56","3345.08","12492.18","10971.43","1520.75","0","organic","Midsouth"
"6","4964.88","453.74","2015-11-15 00:00:00","1.65","3405.37","0","1105.77","986.67","119.1","0","organic","Nashville"
"47","4205.27","213.64","2015-02-01 00:00:00","1.65","2682.26","99.55","1209.82","603.33","606.49","0","organic","Nashville"
"14","2119.22","291.65","2015-09-20 00:00:00","1.65","82.54","0","1745.03","1745.03","0","0","organic","NewOrleansMobile"
"42","1574.72","486.52","2015-03-08 00:00:00","1.65","8.2","0","1080","1080","0","0","organic","NewOrleansMobile"
"3","18494.23","4117.08","2015-12-06 00:00:00","1.65","7226.46","1106.58","6044.11","200.3","5843.81","0","organic","NewYork"
"0","8119.93","10.91","2015-12-27 00:00:00","1.65","155.21","0","7953.81","7953.81","0","0","organic","NorthernNewEngland"
"1","9262.66","9.65","2015-12-20 00:00:00","1.65","149.62","0","9103.39","9103.39","0","0","organic","NorthernNewEngland"
"35","17775.41","11276.67","2015-04-26 00:00:00","1.65","4970.49","0","1528.25","726.67","801.58","0","organic","PhoenixTucson"
"42","2337.44","561.33","2015-03-08 00:00:00","1.65","330.67","0","1445.44","1233.27","212.17","0","organic","Pittsburgh"
"8","5676.99","77.02","2015-11-01 00:00:00","1.65","2249.16","707.61","2643.2","2156.74","486.46","0","organic","RaleighGreensboro"
"5","3609.47","54.55","2015-11-22 00:00:00","1.65","2599.95","278.44","676.53","596.67","79.86","0","organic","RichmondNorfolk"
"6","3559.21","101.96","2015-11-15 00:00:00","1.65","2225.93","300.45","930.87","640","290.87","0","organic","RichmondNorfolk"
"13","4046.31","37.76","2015-09-27 00:00:00","1.65","2720.03","313.05","975.47","583.33","392.14","0","organic","RichmondNorfolk"
"19","7244.44","115.46","2015-08-16 00:00:00","1.65","5312.72","0","1816.26","533.33","1282.93","0","organic","Roanoke"
"36","9164.67","4447.66","2015-04-19 00:00:00","1.65","4568.21","0","148.8","148.8","0","0","organic","Sacramento"
"37","8205.75","4230.7","2015-04-12 00:00:00","1.65","3803.44","0","171.61","171.61","0","0","organic","Sacramento"
"9","9164.19","1955.4","2015-10-25 00:00:00","1.65","6641.62","0","567.17","561.7","5.47","0","organic","SanDiego"
"30","53822.93","11101.07","2015-05-31 00:00:00","1.65","41130.51","83.64","1507.71","0","1507.71","0","organic","Seattle"
"42","2261.62","1432.51","2015-03-08 00:00:00","1.65","675.78","0","153.33","153.33","0","0","organic","StLouis"
"8","1038.67","1.21","2015-11-01 00:00:00","1.65","76.09","0","961.37","961.37","0","0","organic","Syracuse"
"46","1283.8","0","2015-02-08 00:00:00","1.65","114.59","0","1169.21","1169.21","0","0","organic","Syracuse"
"47","1285.09","3.72","2015-02-01 00:00:00","1.65","111.53","0","1169.84","1169.84","0","0","organic","Syracuse"
"42","2681.85","832.54","2015-03-08 00:00:00","1.65","5.98","0","1843.33","1843.33","0","0","organic","Tampa"
"46","2953.53","883","2015-02-08 00:00:00","1.65","7.2","0","2063.33","2063.33","0","0","organic","Tampa"
"13","143436.75","35384.41","2015-09-27 00:00:00","1.65","51664.23","55.05","56333.06","2226.01","54107.05","0","organic","West"
"39","1705.39","14.07","2016-03-27 00:00:00","1.65","98.52","0","1592.8","1592.8","0","0","organic","Albany"
"48","6193.73","2193.2","2016-01-24 00:00:00","1.65","2432.91","0","1567.62","713.33","854.29","0","organic","Atlanta"
"35","27335.53","969.19","2016-04-24 00:00:00","1.65","12045.95","254.75","14065.64","13051.01","1014.63","0","organic","BaltimoreWashington"
"39","17017.63","1397.56","2016-03-27 00:00:00","1.65","7193.83","301.19","8125.05","7020.96","1104.09","0","organic","BaltimoreWashington"
"29","1829.78","0","2016-06-05 00:00:00","1.65","1431.5","0","398.28","373.33","24.95","0","organic","Boise"
"16","178322.37","19885.38","2016-09-04 00:00:00","1.65","82532.01","0","75904.98","72625.37","3279.61","0","organic","California"
"20","10375.29","405.22","2016-08-07 00:00:00","1.65","5999.14","1492.11","2478.82","2422.15","56.67","0","organic","Charlotte"
"22","14589.37","538.94","2016-07-24 00:00:00","1.65","10669.81","0","3380.62","827.26","2553.36","0","organic","CincinnatiDayton"
"14","94463.19","5214.46","2016-09-18 00:00:00","1.65","53650.27","0","35598.46","16037.37","19561.09","0","organic","GreatLakes"
"18","119045.99","6118.03","2016-08-21 00:00:00","1.65","69626.28","41.27","43260.41","18251.44","25008.97","0","organic","GreatLakes"
"34","3584.65","2476.8","2016-05-01 00:00:00","1.65","224.15","13.7","870","870","0","0","organic","Jacksonville"
"18","122874.61","5502.21","2016-08-21 00:00:00","1.65","51927.71","3270.04","62174.65","46959.29","15215.36","0","organic","Midsouth"
"8","7404.92","1.21","2016-10-30 00:00:00","1.65","180.56","0","7223.15","7223.15","0","0","organic","NorthernNewEngland"
"15","17561.31","6.18","2016-09-11 00:00:00","1.65","270.9","0","17284.23","17284.23","0","0","organic","NorthernNewEngland"
"47","9140.79","2.48","2016-01-31 00:00:00","1.65","154.07","0","8984.24","8984.24","0","0","organic","NorthernNewEngland"
"25","14055.26","6214.62","2016-07-03 00:00:00","1.65","4300.63","0","3540.01","454.43","3085.58","0","organic","PhoenixTucson"
"32","47778.34","5526.42","2016-05-15 00:00:00","1.65","23572.79","2753.86","15925.27","9033.29","6891.98","0","organic","Plains"
"11","14282.79","252.46","2016-10-09 00:00:00","1.65","6045.5","665.88","7318.95","6449.47","869.48","0","organic","RaleighGreensboro"
"20","15800.5","278.7","2016-08-07 00:00:00","1.65","9029.94","1380.46","5111.4","3957.56","1153.84","0","organic","RaleighGreensboro"
"33","6930.97","322.96","2016-05-08 00:00:00","1.65","3842.19","492.76","2273.06","2044.82","228.24","0","organic","RaleighGreensboro"
"25","45009.96","1082.01","2016-07-03 00:00:00","1.65","27564.89","56.6","16306.46","342.52","15963.94","0","organic","Seattle"
"18","64499.62","11946.01","2016-08-21 00:00:00","1.65","13428.48","712.1","38413.03","32410.75","6002.28","0","organic","Southeast"
"22","919489.84","159151.31","2016-07-24 00:00:00","1.65","343780.56","8612.44","407945.53","329530.26","78415.27","0","organic","TotalUS"
"21","189615.28","50386.72","2016-07-31 00:00:00","1.65","54278.15","106.15","84844.26","29501.17","55343.09","0","organic","West"
"24","23418.88","5754.48","2016-07-10 00:00:00","1.65","5221.55","0","12442.85","5753.33","6689.52","0","organic","WestTexNewMexico"
"21","41701.43","1372.7","2017-08-06 00:00:00","1.65","10746.78","148.14","29433.81","29420.48","13.33","0","organic","BaltimoreWashington"
"45","2104.05","11.28","2017-02-19 00:00:00","1.65","403.6","0","1689.17","1166.92","522.25","0","organic","Boise"
"3","40734.03","180.13","2017-12-10 00:00:00","1.65","30865.75","0","9688.15","9681.49","6.66","0","organic","Chicago"
"30","12883.22","307.24","2017-06-04 00:00:00","1.65","4899.81","0","7676.17","829.24","6846.93","0","organic","CincinnatiDayton"
"5","15521.5","3562.36","2017-11-26 00:00:00","1.65","249.22","0","11709.92","11661.84","48.08","0","organic","DallasFtWorth"
"9","20995.71","425.08","2017-10-29 00:00:00","1.65","2658.53","0","17818.87","15086.1","2732.77","0","organic","Detroit"
"21","125026.87","3724.58","2017-08-06 00:00:00","1.65","32794.35","4.87","88319.69","67919.34","20400.35","0","organic","GreatLakes"
"22","178141.22","3482.46","2017-07-30 00:00:00","1.65","65083.8","0","109284.6","76778.61","32505.99","0","organic","GreatLakes"
"33","4231.54","128.17","2017-05-14 00:00:00","1.65","1389.05","0","2714.32","1694.89","1019.43","0","organic","Indianapolis"
"0","2023.95","44.23","2017-12-31 00:00:00","1.65","496.69","5.06","1477.97","1431.11","46.86","0","organic","Jacksonville"
"45","5304.44","846.14","2017-02-19 00:00:00","1.65","49.2","0","4409.1","3646.67","762.43","0","organic","MiamiFtLauderdale"
"5","4800.66","87.84","2017-11-26 00:00:00","1.65","727.01","0","3985.81","3975.55","10.26","0","organic","Orlando"
"10","32004.79","1948.97","2017-10-22 00:00:00","1.65","4354.97","24.34","25676.51","25637.91","38.6","0","organic","Philadelphia"
"36","10330.09","641.94","2017-04-23 00:00:00","1.65","4484.77","159.23","5044.15","3311.15","1733","0","organic","RichmondNorfolk"
"3","14628.7","1220.08","2017-12-10 00:00:00","1.65","2293.05","0","11115.57","10928.4","187.17","0","organic","WestTexNewMexico"
"25","18244.09","2295.76","2017-07-09 00:00:00","1.65","3701.18","38.67","12208.48","11637.39","571.09","0","organic","WestTexNewMexico"
"29","18798.8","2703.95","2017-05-28 00:00:00","1.65","4148.35","11.11","11935.39","5244.73","6690.66","0","organic","WestTexNewMexico"
"6","38202.17","409.68","2018-02-11 00:00:00","1.65","26524.51","0","11267.98","11261.31","6.67","0","organic","Chicago"
"0","10720.47","1541.02","2018-03-25 00:00:00","1.65","1842.23","0","7337.22","7283.04","54.18","0","organic","LasVegas"
"3","313200.35","38734.87","2018-03-04 00:00:00","1.65","90401.71","108.65","183955.12","168196.82","15758.3","0","organic","Northeast"
"3","24614.51","1558.03","2018-03-04 00:00:00","1.65","10118.36","0","12938.12","12934.79","3.33","0","organic","SanDiego"
"22","719104.08","62896.92","2016-07-24 00:00:00","1.64","422902.9","30142.23","203162.03","194809.7","1005.66","7346.67","conventional","BaltimoreWashington"
"7","81691.65","1321.66","2016-11-06 00:00:00","1.64","56677.66","79.68","23612.65","23400.15","0","212.5","conventional","BuffaloRochester"
"6","144089.12","49399.39","2016-11-13 00:00:00","1.64","26597.39","22714.68","45377.66","38436.79","6940.87","0","conventional","Charlotte"
"23","1076259.08","12881.29","2016-07-17 00:00:00","1.64","611445.16","28823.32","423109.31","365760.49","50850.98","6497.84","conventional","NewYork"
"3","50831.37","796.48","2016-12-04 00:00:00","1.64","42942.66","4","7088.23","6841.52","149.49","97.22","conventional","Syracuse"
"14","68539.64","2508.62","2017-09-24 00:00:00","1.64","56023.16","74.82","9933.04","5391.35","4541.69","0","conventional","Albany"
"11","406111.3","197442.9","2017-10-15 00:00:00","1.64","34760.61","148.61","173759.18","110652.91","63067","39.27","conventional","Atlanta"
"25","701869.5","64096.37","2017-07-09 00:00:00","1.64","448758.2","6202.11","182812.82","170309.91","3724.85","8778.06","conventional","BaltimoreWashington"
"38","738255.19","71187.86","2017-04-09 00:00:00","1.64","438985.9","6568.37","221513.06","218334.47","2510.53","668.06","conventional","BaltimoreWashington"
"31","160484.02","1588.75","2017-05-28 00:00:00","1.64","75152.52","109.42","83633.33","81516.96","1153.04","963.33","conventional","BuffaloRochester"
"19","4524974.68","1995269.12","2017-08-20 00:00:00","1.64","1293180.21","165218.13","1071307.22","986592.65","33841.83","50872.74","conventional","California"
"10","168237.31","44543.75","2017-10-22 00:00:00","1.64","65040.05","4652.86","54000.65","50704.73","3295.92","0","conventional","Charlotte"
"30","776194.77","79878.4","2017-06-04 00:00:00","1.64","493631.53","132270.53","70414.31","61829.43","2440.78","6144.1","conventional","Chicago"
"32","764241.14","67698.15","2017-05-21 00:00:00","1.64","496380.19","123099.28","77063.52","67000.24","2740.06","7323.22","conventional","Chicago"
"40","656875.03","60039.23","2017-03-26 00:00:00","1.64","432870.45","101928.61","62036.74","56904.92","1563.34","3568.48","conventional","Chicago"
"41","678898.01","61927.68","2017-03-19 00:00:00","1.64","448962.74","103000.56","65007.03","61719.23","814.44","2473.36","conventional","Chicago"
"1","130735.97","2190.4","2017-12-24 00:00:00","1.64","59470.2","28289.38","40785.99","29812.2","4900.59","6073.2","conventional","GrandRapids"
"52","232663.88","2772.36","2017-01-01 00:00:00","1.64","188107.91","2695.77","39087.84","38034.62","919.42","133.8","conventional","HartfordSpringfield"
"39","149669.6","84324.85","2017-04-02 00:00:00","1.64","16423.7","171.97","48749.08","20349.59","28239.49","160","conventional","Jacksonville"
"12","195455.06","62574.22","2017-10-08 00:00:00","1.64","60756.44","75.85","72048.55","47487.79","24560.76","0","conventional","LasVegas"
"17","80371.08","2707.25","2017-09-03 00:00:00","1.64","35073.5","133.23","42457.1","16063.17","26038.37","355.56","conventional","Louisville"
"13","2443800.39","484618.58","2017-10-01 00:00:00","1.64","1130202.23","20147.99","808831.59","688480.03","120198.57","152.99","conventional","Midsouth"
"13","290521.98","12237.85","2017-10-01 00:00:00","1.64","217700.24","1440.92","59142.97","20376.29","38766.68","0","conventional","NorthernNewEngland"
"11","368965.61","44235.03","2017-10-15 00:00:00","1.64","197307.19","235.29","127188.1","110631.92","16556.18","0","conventional","Philadelphia"
"19","368098.13","41521.77","2017-08-20 00:00:00","1.64","188024.05","1049.84","137502.47","118791.88","16327.26","2383.33","conventional","Philadelphia"
"32","403959.96","140005.65","2017-05-21 00:00:00","1.64","211234.12","1385.95","51334.24","49064.02","475.5","1794.72","conventional","Sacramento"
"13","296183.33","135045.88","2017-10-01 00:00:00","1.64","74889.77","1574.57","84673.11","61373.43","23291.48","8.2","conventional","SouthCarolina"
"17","59583.07","2114.45","2017-09-03 00:00:00","1.64","36157.55","13.49","21297.58","18165.54","2042.04","1090","conventional","Syracuse"
"19","289379.57","199550.24","2017-08-20 00:00:00","1.64","35017.75","84.57","54727.01","12351","37069.34","5306.67","conventional","Tampa"
"13","24610645.21","8342407.59","2017-10-01 00:00:00","1.64","8354516.32","384794.18","7528927.12","5513111.7","1954129.38","61686.04","conventional","TotalUS"
"10","762997.53","82376.44","2018-01-14 00:00:00","1.64","440322.05","134141.55","106157.49","93374.57","12782.92","0","conventional","Chicago"
"6","6884.09","1133.05","2015-11-15 00:00:00","1.64","4772.58","458.97","519.49","480.58","38.91","0","organic","BaltimoreWashington"
"36","15852.99","8223.03","2015-04-19 00:00:00","1.64","3998.93","865.46","2765.57","2765.57","0","0","organic","BaltimoreWashington"
"51","1505.12","1.27","2015-01-04 00:00:00","1.64","1129.5","0","374.35","186.67","187.68","0","organic","Boise"
"49","1426.87","91.85","2015-01-18 00:00:00","1.64","137.49","0","1197.53","1197.53","0","0","organic","BuffaloRochester"
"9","103918.03","20902.94","2015-10-25 00:00:00","1.64","66867.39","0","16147.7","15174.85","972.85","0","organic","California"
"41","15001.33","990.98","2015-03-15 00:00:00","1.64","12767.2","0","1243.15","1243.15","0","0","organic","Chicago"
"16","5450.41","549.36","2015-09-06 00:00:00","1.64","3387.7","0","1513.35","582.87","930.48","0","organic","Columbus"
"45","4283.56","374.59","2015-02-15 00:00:00","1.64","2597.56","0","1311.41","706.67","604.74","0","organic","Columbus"
"27","9992.2","636.81","2015-06-21 00:00:00","1.64","7546.77","0","1808.62","422.19","1386.43","0","organic","Detroit"
"3","1643.19","944.24","2015-12-06 00:00:00","1.64","492.28","0","206.67","206.67","0","0","organic","GrandRapids"
"7","1629.69","981.27","2015-11-08 00:00:00","1.64","485.09","0","163.33","163.33","0","0","organic","GrandRapids"
"19","2787.28","1152.32","2015-08-16 00:00:00","1.64","1438.29","0","196.67","196.67","0","0","organic","GrandRapids"
"21","82380.97","4097.55","2015-08-02 00:00:00","1.64","68639.13","4.73","9639.56","5115.58","4523.98","0","organic","GreatLakes"
"46","58545.6","3711.76","2015-02-08 00:00:00","1.64","35512.66","0","19321.18","17758.89","1562.29","0","organic","GreatLakes"
"15","2512.58","311.33","2015-09-13 00:00:00","1.64","1618.91","0","582.34","326.67","255.67","0","organic","Indianapolis"
"29","4115.46","3240.32","2015-06-07 00:00:00","1.64","118.98","12.83","743.33","743.33","0","0","organic","Jacksonville"
"9","1779.45","69.06","2015-10-25 00:00:00","1.64","1631.97","0","78.42","0","78.42","0","organic","Louisville"
"40","3813.7","297.71","2015-03-22 00:00:00","1.64","2408.67","51.68","1055.64","306.67","748.97","0","organic","Nashville"
"46","4614.78","249.82","2015-02-08 00:00:00","1.64","2704.37","124.35","1536.24","743.33","792.91","0","organic","Nashville"
"27","2778.44","569.5","2015-06-21 00:00:00","1.64","218.94","0","1990","1990","0","0","organic","NewOrleansMobile"
"9","30717.28","3595.24","2015-10-25 00:00:00","1.64","13212.07","311.49","13598.48","7405.56","6192.92","0","organic","Plains"
"33","26757.91","9687.42","2015-05-10 00:00:00","1.64","13297.52","0","3772.97","0","3772.97","0","organic","Portland"
"34","8315.7","4124.83","2015-05-03 00:00:00","1.64","4001.1","0","189.77","189.77","0","0","organic","Sacramento"
"38","9013.89","4591.9","2015-04-05 00:00:00","1.64","4319.15","0","102.84","102.84","0","0","organic","Sacramento"
"39","9959.6","5357.72","2015-03-29 00:00:00","1.64","4490.5","0","111.38","111.38","0","0","organic","Sacramento"
"8","9456.39","1478.71","2015-11-01 00:00:00","1.64","7160.95","0","816.73","775.12","41.61","0","organic","SanDiego"
"23","49484.06","7839.69","2015-07-19 00:00:00","1.64","35593.5","73.11","5977.76","0","5977.76","0","organic","Seattle"
"45","31775.03","9542.72","2015-02-15 00:00:00","1.64","10814.64","666.44","10751.23","10040","711.23","0","organic","Southeast"
"6","1350.16","0","2015-11-15 00:00:00","1.64","114.22","0","1235.94","1235.94","0","0","organic","Syracuse"
"12","1130.91","0","2015-10-04 00:00:00","1.64","72.27","0","1058.64","1058.64","0","0","organic","Syracuse"
"26","659947.03","192182.13","2015-06-28 00:00:00","1.64","332739.27","5956.87","129068.76","80006.4","49062.36","0","organic","TotalUS"
"42","8743.37","2206.18","2015-03-01 00:00:00","1.64","2725.29","0","3811.9","3811.9","0","0","organic","WestTexNewMexico"
"50","6182.81","1561.3","2015-01-04 00:00:00","1.64","2958.17","0","1663.34","1663.34","0","0","organic","WestTexNewMexico"
"7","12410.85","1268.31","2016-11-06 00:00:00","1.64","5723.98","0","5418.56","196.67","5221.89","0","organic","Atlanta"
"18","2485.38","0","2016-08-21 00:00:00","1.64","1042.7","0","1442.68","378.42","1064.26","0","organic","Boise"
"43","11259.09","6","2016-02-28 00:00:00","1.64","1286.52","0","9966.57","7968.65","1997.92","0","organic","Boston"
"30","7055.5","33.37","2016-05-29 00:00:00","1.64","1055.87","0","5966.26","1972.69","3993.57","0","organic","BuffaloRochester"
"2","128204.63","20010.88","2016-12-11 00:00:00","1.64","59840.22","49.16","48304.37","37233.95","11070.42","0","organic","California"
"9","9342.71","147.98","2016-10-23 00:00:00","1.64","4509.02","811.96","3873.75","3400.36","473.39","0","organic","Charlotte"
"10","9444.39","162.58","2016-10-16 00:00:00","1.64","4681.53","778.48","3821.8","3485.9","335.9","0","organic","Charlotte"
"11","10308.86","246.32","2016-10-09 00:00:00","1.64","4951.79","759.62","4351.13","4276","75.13","0","organic","Charlotte"
"21","8048.9","422.26","2016-07-31 00:00:00","1.64","4190.77","1150.01","2285.86","2242.53","43.33","0","organic","Charlotte"
"1","4249.07","504.97","2016-12-18 00:00:00","1.64","1858.48","0","1885.62","1254.08","631.54","0","organic","Columbus"
"29","3604.28","1979.42","2016-06-05 00:00:00","1.64","135.7","2.49","1486.67","1486.67","0","0","organic","Jacksonville"
"35","3650.65","1906.63","2016-04-24 00:00:00","1.64","95.77","14.92","1633.33","1633.33","0","0","organic","Jacksonville"
"4","63734.67","7949.89","2016-11-27 00:00:00","1.64","22176.16","6.27","33602.35","28969.13","4633.22","0","organic","LosAngeles"
"44","897.77","27.95","2016-02-21 00:00:00","1.64","646.39","0","223.43","53.33","170.1","0","organic","Louisville"
"7","3297.5","10.89","2016-11-06 00:00:00","1.64","29.95","0","3256.66","3243.33","13.33","0","organic","MiamiFtLauderdale"
"43","9920.46","1.26","2016-02-28 00:00:00","1.64","357.43","0","9561.77","9558.44","3.33","0","organic","NorthernNewEngland"
"44","9227.72","1.26","2016-02-21 00:00:00","1.64","174.6","0","9051.86","9051.86","0","0","organic","NorthernNewEngland"
"26","6955.34","3803.59","2016-06-26 00:00:00","1.64","275.09","0","2876.66","2863.33","13.33","0","organic","Orlando"
"32","5418.84","2354.87","2016-05-15 00:00:00","1.64","122.94","0","2941.03","2941.03","0","0","organic","Orlando"
"36","5604.81","2538.97","2016-04-17 00:00:00","1.64","159.88","0","2905.96","2905.96","0","0","organic","Orlando"
"21","30036.81","5706.06","2016-07-31 00:00:00","1.64","11094.56","0","13236.19","6847.84","6388.35","0","organic","Portland"
"36","19825.05","2203.92","2016-04-17 00:00:00","1.64","14267.41","1.66","3352.06","92.83","3259.23","0","organic","Portland"
"50","41864.22","15773.34","2016-01-10 00:00:00","1.64","7657.9","565.69","17867.29","14426.01","3441.28","0","organic","Southeast"
"12","2386.34","155.78","2016-10-02 00:00:00","1.64","710.62","0","1519.94","144.76","1375.18","0","organic","Spokane"
"20","2329.01","326.15","2016-08-07 00:00:00","1.64","709.21","0","1293.65","456.15","837.5","0","organic","Spokane"
"30","2979.01","117.12","2016-05-29 00:00:00","1.64","2253.12","0","608.77","0","608.77","0","organic","Spokane"
"24","2872.1","0","2016-07-10 00:00:00","1.64","51.22","0","2820.88","2024.16","796.72","0","organic","Syracuse"
"48","809.41","1.25","2016-01-24 00:00:00","1.64","113.89","0","694.27","691.49","2.78","0","organic","Syracuse"
"4","761675.87","100240.54","2016-11-27 00:00:00","1.64","198874.09","3381.69","459179.55","292770.32","166409.23","0","organic","TotalUS"
"47","11626.56","1618.9","2016-01-31 00:00:00","1.64","4032.03","2.34","5973.29","5957.67","15.62","0","organic","WestTexNewMexico"
"10","47486.93","815.38","2017-10-22 00:00:00","1.64","10255.4","71.21","36344.94","36343.5","1.44","0","organic","BaltimoreWashington"
"52","3425.49","8.52","2017-01-01 00:00:00","1.64","320.56","0","3096.41","2585.1","511.31","0","organic","BuffaloRochester"
"30","206419.24","31578.61","2017-06-04 00:00:00","1.64","80018.8","12.42","94809.41","94661.56","147.85","0","organic","California"
"39","191988.18","31381.85","2017-04-02 00:00:00","1.64","69457.56","17.3","91131.47","87215.5","3915.97","0","organic","California"
"43","47884.05","444.51","2017-03-05 00:00:00","1.64","42428.17","0","5011.37","5011.37","0","0","organic","Chicago"
"33","8117.63","665.81","2017-05-14 00:00:00","1.64","3417.68","0","4034.14","2226.47","1807.67","0","organic","Columbus"
"8","18268.65","4533.05","2017-11-05 00:00:00","1.64","324.41","0","13411.19","13307.8","103.39","0","organic","DallasFtWorth"
"10","27024.28","5719.08","2017-10-22 00:00:00","1.64","906.97","75.1","20323.13","20034.56","288.57","0","organic","Denver"
"18","18415.34","391.46","2017-08-27 00:00:00","1.64","2392.09","0","15616.38","12233.06","3383.32","0","organic","Detroit"
"31","18393.5","529.19","2017-05-28 00:00:00","1.64","4739.85","0","13124.46","1096.93","12027.53","0","organic","Detroit"
"45","1862.24","22.53","2017-02-19 00:00:00","1.64","1036.23","0","803.48","803.48","0","0","organic","GrandRapids"
"7","159071.48","3624.05","2017-11-12 00:00:00","1.64","45966.15","0","109173.25","96907","12266.25","0","organic","GreatLakes"
"24","209543.04","4180.21","2017-07-16 00:00:00","1.64","76793.36","0","124683.37","79403.55","45279.82","0","organic","GreatLakes"
"19","8548.97","101.9","2017-08-20 00:00:00","1.64","1173.7","0","7257.6","3982.21","3275.39","0","organic","Indianapolis"
"7","5811.87","80.51","2017-11-12 00:00:00","1.64","111.76","0","5619.6","5588.9","30.7","0","organic","NewOrleansMobile"
"12","275572","11078.6","2017-10-08 00:00:00","1.64","25362.38","131.65","238999.37","238752.11","247.26","0","organic","Northeast"
"11","23800.97","0","2017-10-15 00:00:00","1.64","202.17","0","23598.8","23598.8","0","0","organic","NorthernNewEngland"
"8","10865.72","1262.85","2017-11-05 00:00:00","1.64","2499.88","52.94","7050.05","6880.75","169.3","0","organic","RichmondNorfolk"
"27","12534.75","656.89","2017-06-25 00:00:00","1.64","5010.34","83.67","6783.85","3312.08","3471.77","0","organic","RichmondNorfolk"
"11","10752.98","221.97","2017-10-15 00:00:00","1.64","1582.91","0","8948.1","7871.92","1076.18","0","organic","Roanoke"
"24","6337.48","242.19","2017-07-16 00:00:00","1.64","2225.86","0","3869.43","3079.26","790.17","0","organic","Roanoke"
"7","14375.75","75.29","2017-11-12 00:00:00","1.64","3360.95","39.33","10900.18","10426.89","473.29","0","organic","SouthCarolina"
"19","115769.96","29483.18","2017-08-20 00:00:00","1.64","5017.19","0","81269.59","77509.12","3760.47","0","organic","SouthCentral"
"44","3681.31","152.37","2017-02-26 00:00:00","1.64","1154.78","1","2373.16","84.32","2288.84","0","organic","Spokane"
"6","5820.91","1329.71","2017-11-19 00:00:00","1.64","678.38","0","3812.82","2116.39","1696.43","0","organic","StLouis"
"1","7369.95","107.68","2017-12-24 00:00:00","1.64","672.37","0","6589.9","5882.22","707.68","0","organic","Tampa"
"34","5564.72","811.85","2017-05-07 00:00:00","1.64","37.89","0","4714.98","2881.11","1833.87","0","organic","Tampa"
"1","1179930.12","103199.55","2017-12-24 00:00:00","1.64","247166.08","1143.57","828217.63","700331.83","127746.86","138.94","organic","TotalUS"
"30","1352960.47","165665.93","2017-06-04 00:00:00","1.64","387057.95","2865.59","797371","525280.48","272090.52","0","organic","TotalUS"
"9","18554.97","349.05","2018-01-21 00:00:00","1.64","3967.66","0","14238.26","6204.43","8033.83","0","organic","Atlanta"
"5","9811.36","680.18","2018-02-18 00:00:00","1.64","4321.38","0","4809.8","4698.48","111.32","0","organic","CincinnatiDayton"
"5","11078.27","1473.68","2018-02-18 00:00:00","1.64","1915.56","0","7689.03","7665.64","23.39","0","organic","LasVegas"
"1","419607.75","61608.19","2018-03-18 00:00:00","1.64","131261.94","53.54","226684.08","195973.16","30710.92","0","organic","Northeast"
"2","18202.54","3","2018-03-11 00:00:00","1.64","342.18","0","17857.36","17807.36","50","0","organic","NorthernNewEngland"
"8","56920.22","2711.12","2018-01-28 00:00:00","1.64","14479.56","0","39729.54","27818.91","11910.63","0","organic","Plains"
"0","34687.2","10102.62","2018-03-25 00:00:00","1.64","10778.96","0","13805.62","13802.29","3.33","0","organic","SanFrancisco"
"4","4720.69","269.06","2018-02-25 00:00:00","1.64","1496.26","0","2955.37","747.5","2207.87","0","organic","Spokane"
"5","4747.13","271.98","2018-02-18 00:00:00","1.64","1421.43","0","3053.72","1301.83","1751.89","0","organic","Spokane"
"5","224798.6","30149","2018-02-18 00:00:00","1.64","38800.64","123.13","155725.83","120428.13","35257.73","39.97","organic","West"
"7","57178.2","3212.04","2016-11-06 00:00:00","1.63","43024.32","36.4","10905.44","10474.09","431.35","0","conventional","Albany"
"5","78675.66","1426.31","2016-11-20 00:00:00","1.63","52281.34","27.83","24940.18","24940.18","0","0","conventional","BuffaloRochester"
"18","628099.41","62002.43","2016-08-21 00:00:00","1.63","372918.48","87449.64","105728.86","102613.78","1582.1","1532.98","conventional","Chicago"
"10","117842.82","1510.9","2016-10-16 00:00:00","1.63","69625.5","3811.2","42895.22","38573.86","4300.71","20.65","conventional","GrandRapids"
"18","132894.77","2041.86","2016-08-21 00:00:00","1.63","66472.24","18506.96","45873.71","39617.39","1742.09","4514.23","conventional","GrandRapids"
"13","224391.93","42274.18","2016-09-25 00:00:00","1.63","125999.46","127.05","55991.24","55353.12","628.12","10","conventional","HartfordSpringfield"
"23","259416.65","3078.92","2016-07-17 00:00:00","1.63","173492.18","287.31","82558.24","78534","347.25","3676.99","conventional","HartfordSpringfield"
"16","524513.26","10795.32","2017-09-10 00:00:00","1.63","394645.36","1483.54","117589.04","97862.02","18127.02","1600","conventional","Boston"
"36","520793.48","9577.17","2017-04-23 00:00:00","1.63","382449.77","3293.6","125472.94","104839.16","20633.78","0","conventional","Boston"
"31","781085.77","62151.32","2017-05-28 00:00:00","1.63","538899.85","103858.53","76176.07","69117.6","1927.78","5130.69","conventional","Chicago"
"36","719367.5","81460.1","2017-04-23 00:00:00","1.63","470214.98","94819.76","72872.66","66653.73","1911.72","4307.21","conventional","Chicago"
"22","127602.86","2162.74","2017-07-30 00:00:00","1.63","49417.9","30794.05","45228.17","30869.15","5476.93","8882.09","conventional","GrandRapids"
"20","263624.63","4240","2017-08-13 00:00:00","1.63","193118.61","164.97","66101.05","49438.96","14192.88","2469.21","conventional","HartfordSpringfield"
"9","152558.08","8565.38","2017-10-29 00:00:00","1.63","65715.28","870.81","77406.61","36905.14","40362.33","139.14","conventional","Indianapolis"
"18","138021.2","83466.7","2017-08-27 00:00:00","1.63","12673.2","54.34","41826.96","19492.6","19474.36","2860","conventional","Jacksonville"
"19","150828.78","86428.56","2017-08-20 00:00:00","1.63","13226.03","12.2","51161.99","22007.23","27404.76","1750","conventional","Jacksonville"
"11","2395914.69","529662.41","2017-10-15 00:00:00","1.63","1066264.19","21955.24","778032.85","654675.29","123337.18","20.38","conventional","Midsouth"
"25","1442667.56","82965.35","2017-07-09 00:00:00","1.63","800414.02","3563.36","555724.83","494674.05","42918.63","18132.15","conventional","NewYork"
"12","3065336.1","291046.85","2017-10-08 00:00:00","1.63","1864722.88","6148.69","903417.68","736995.23","166422.45","0","conventional","Northeast"
"26","4035234.26","242271.89","2017-07-02 00:00:00","1.63","2580466.19","39314.57","1173181.61","762656.42","355666.02","54859.17","conventional","Northeast"
"14","296892.52","10778.57","2017-09-24 00:00:00","1.63","233287.45","1510.55","51315.95","13437.56","37878.39","0","conventional","NorthernNewEngland"
"10","229001.29","62822.01","2017-10-22 00:00:00","1.63","87018.3","5007.19","74153.79","71573.43","2580.36","0","conventional","RaleighGreensboro"
"11","243992.86","72524.24","2017-10-15 00:00:00","1.63","89294.26","5003.35","77171.01","71183.69","5987.32","0","conventional","RaleighGreensboro"
"13","249920.93","67533.05","2017-10-01 00:00:00","1.63","96920.94","4787.85","80679.09","76700.96","3978.13","0","conventional","RaleighGreensboro"
"16","361079.39","121828.74","2017-09-10 00:00:00","1.63","195817","1392.93","42040.72","41469.44","98.13","473.15","conventional","Sacramento"
"34","89105.75","1032.88","2017-05-07 00:00:00","1.63","52450.37","43","35579.5","29203.64","6375.86","0","conventional","Syracuse"
"18","291725.75","198709.14","2017-08-27 00:00:00","1.63","33927.87","98.63","58990.11","24226.46","29160.32","5603.33","conventional","Tampa"
"39","321691.27","191494.22","2017-04-02 00:00:00","1.63","49716.19","58.4","80422.46","42505.11","37917.35","0","conventional","Tampa"
"10","132716.65","2444.54","2018-01-14 00:00:00","1.63","60928.74","30487.47","38855.9","27912.73","1824.11","9119.06","conventional","GrandRapids"
"36","6705.06","1820.12","2015-04-19 00:00:00","1.63","4094.67","0","790.27","772.29","17.98","0","organic","Atlanta"
"12","8857.68","451.99","2015-10-04 00:00:00","1.63","6092.19","667.28","1646.22","1646.22","0","0","organic","BaltimoreWashington"
"38","14551.96","8144.98","2015-04-05 00:00:00","1.63","3199.51","708.11","2499.36","2499.36","0","0","organic","BaltimoreWashington"
"39","15847.83","7578.28","2015-03-29 00:00:00","1.63","3597.75","786.94","3884.86","3884.86","0","0","organic","BaltimoreWashington"
"41","1777.09","0","2015-03-15 00:00:00","1.63","1209.68","0","567.41","366.67","200.74","0","organic","Boise"
"22","15050.08","253.43","2015-07-26 00:00:00","1.63","12357.79","0","2438.86","70","2368.86","0","organic","CincinnatiDayton"
"47","4215.96","432.24","2015-02-01 00:00:00","1.63","2985.02","0","798.7","223.33","575.37","0","organic","Columbus"
"35","8147.68","430.95","2015-04-26 00:00:00","1.63","6139.36","0","1577.37","616.67","960.7","0","organic","Detroit"
"21","2807.04","14.18","2015-08-02 00:00:00","1.63","2366.56","0","426.3","420","6.3","0","organic","GrandRapids"
"40","56818.47","3057.74","2015-03-22 00:00:00","1.63","51274.78","0","2485.95","1992.35","493.6","0","organic","GreatLakes"
"48","59906.52","3609.5","2015-01-25 00:00:00","1.63","45327.3","0","10969.72","6137.81","4831.91","0","organic","GreatLakes"
"51","1780.6","76.89","2015-01-04 00:00:00","1.63","874.32","0","829.39","542.89","286.5","0","organic","Indianapolis"
"23","3597.52","1209.37","2015-07-19 00:00:00","1.63","23.85","34.07","2330.23","2330.23","0","0","organic","Jacksonville"
"19","8549.47","3299.05","2015-08-16 00:00:00","1.63","4589.07","0","661.35","580.13","81.22","0","organic","LasVegas"
"49","6032.31","3449.94","2015-01-18 00:00:00","1.63","1769.04","0","813.33","813.33","0","0","organic","LasVegas"
"21","40544.17","16172.21","2015-08-02 00:00:00","1.63","16827.6","0","7544.36","7544.36","0","0","organic","LosAngeles"
"39","1219.02","0","2015-03-29 00:00:00","1.63","685.41","0","533.61","279.31","254.3","0","organic","Louisville"
"48","54932.83","11160.54","2015-01-25 00:00:00","1.63","26029.58","3297.83","14444.88","11428.78","3016.1","0","organic","Midsouth"
"8","4965.1","580.21","2015-11-01 00:00:00","1.63","3237.25","0","1147.64","883.33","264.31","0","organic","Nashville"
"18","2273.57","257.87","2015-08-23 00:00:00","1.63","222.96","0","1792.74","1792.74","0","0","organic","NewOrleansMobile"
"28","2261.61","536.76","2015-06-14 00:00:00","1.63","54.85","0","1670","1670","0","0","organic","NewOrleansMobile"
"5","55389.85","4842.73","2015-11-22 00:00:00","1.63","14368.7","217.07","35961.35","28099.9","7861.45","0","organic","Northeast"
"7","54182.7","6009.03","2015-11-08 00:00:00","1.63","16101.87","111.18","31960.62","30428.94","1531.68","0","organic","Northeast"
"4","8205.88","4.77","2015-11-29 00:00:00","1.63","89.4","0","8111.71","8108.38","3.33","0","organic","NorthernNewEngland"
"10","7919.94","1.19","2015-10-18 00:00:00","1.63","76.18","0","7842.57","7842.57","0","0","organic","NorthernNewEngland"
"42","6507.49","284.64","2015-03-08 00:00:00","1.63","1349.92","8.83","4864.1","4864.1","0","0","organic","Philadelphia"
"50","6715.18","428.55","2015-01-11 00:00:00","1.63","1809.47","4.83","4472.33","4465.66","6.67","0","organic","Philadelphia"
"43","2224.4","754.95","2015-03-01 00:00:00","1.63","51.47","0","1417.98","1379.85","38.13","0","organic","Pittsburgh"
"10","4738.31","87.63","2015-10-18 00:00:00","1.63","2410.99","385.81","1853.88","1616.67","237.21","0","organic","RichmondNorfolk"
"41","9075.16","4595.6","2015-03-15 00:00:00","1.63","4262.4","0","217.16","217.16","0","0","organic","Sacramento"
"45","7436.13","3520.52","2015-02-15 00:00:00","1.63","3406.08","0","509.53","509.53","0","0","organic","Sacramento"
"4","24450.39","7633.55","2015-11-29 00:00:00","1.63","5929.83","556.13","10330.88","7563.48","2767.4","0","organic","Southeast"
"5","1052.37","0","2015-11-22 00:00:00","1.63","48.75","0","1003.62","1003.62","0","0","organic","Syracuse"
"0","2161.84","874.75","2015-12-27 00:00:00","1.63","17.54","0","1269.55","1216.67","52.88","0","organic","Tampa"
"24","2377.5","306.52","2015-07-12 00:00:00","1.63","3.61","0","2067.37","2067.37","0","0","organic","Tampa"
"43","2901.01","787.15","2015-03-01 00:00:00","1.63","7.19","0","2106.67","2106.67","0","0","organic","Tampa"
"38","661842.02","197746.89","2015-04-05 00:00:00","1.63","275595.72","6434.88","182064.53","131692.64","50371.89","0","organic","TotalUS"
"47","7324.06","1934.46","2015-01-25 00:00:00","1.63","3032.72","0","2356.88","2320","36.88","0","organic","WestTexNewMexico"
"6","11118.24","924.89","2016-11-13 00:00:00","1.63","3867.3","0","6326.05","2042.81","4283.24","0","organic","Atlanta"
"12","11208.26","11.32","2016-10-02 00:00:00","1.63","771.37","0","10425.57","10425.57","0","0","organic","Boston"
"8","563.06","3.6","2016-10-30 00:00:00","1.63","126.13","0","433.33","433.33","0","0","organic","BuffaloRochester"
"37","6772.32","0","2016-04-10 00:00:00","1.63","174.71","0","6597.61","1835.91","4761.7","0","organic","BuffaloRochester"
"41","4489.99","7.1","2016-03-13 00:00:00","1.63","127.46","0","4355.43","1186.87","3168.56","0","organic","BuffaloRochester"
"17","175422.72","20282.39","2016-08-28 00:00:00","1.63","79271.95","9.33","75859.05","74991.99","867.06","0","organic","California"
"35","35192.95","66.02","2016-04-24 00:00:00","1.63","34696.93","0","430","430","0","0","organic","Chicago"
"3","3346.65","143.41","2016-12-04 00:00:00","1.63","1277.96","0","1925.28","631.05","1294.23","0","organic","Indianapolis"
"30","4110.96","2183.27","2016-05-29 00:00:00","1.63","164.4","9.96","1753.33","1753.33","0","0","organic","Jacksonville"
"33","11801.47","0","2016-05-08 00:00:00","1.63","298.93","0","11502.54","11502.54","0","0","organic","NorthernNewEngland"
"41","10985.53","5.05","2016-03-13 00:00:00","1.63","222.41","0","10758.07","10758.07","0","0","organic","NorthernNewEngland"
"51","8936.72","13.4","2016-01-03 00:00:00","1.63","248.57","0","8674.75","8674.75","0","0","organic","NorthernNewEngland"
"44","9223","4295.76","2016-02-21 00:00:00","1.63","1488.34","0","3438.9","2820.83","618.07","0","organic","PhoenixTucson"
"5","50911","4070.4","2016-11-20 00:00:00","1.63","12446.98","1059.21","33334.41","20022.54","13311.87","0","organic","Plains"
"22","56114.01","4090.81","2016-07-24 00:00:00","1.63","23351.98","78.91","28592.31","19205.27","9387.04","0","organic","Plains"
"25","50608.69","3410.77","2016-07-03 00:00:00","1.63","21334.93","5331.39","20531.6","11798.14","8733.46","0","organic","Plains"
"26","52284.1","5251.61","2016-06-26 00:00:00","1.63","22040.06","1998.21","22994.22","16106.91","6887.31","0","organic","Plains"
"27","57957.05","6103.01","2016-06-19 00:00:00","1.63","24050.77","7860.59","19942.68","14701.78","5240.9","0","organic","Plains"
"28","51075.07","5529.79","2016-06-12 00:00:00","1.63","22175.76","2574.67","20794.85","16998.34","3796.51","0","organic","Plains"
"31","53325.35","7055.8","2016-05-22 00:00:00","1.63","25456.08","10288.36","10525.11","6942.43","3582.68","0","organic","Plains"
"50","41956.88","5395.24","2016-01-10 00:00:00","1.63","14899.65","3836.61","17825.38","11957.58","5867.8","0","organic","Plains"
"2","7685.91","129.38","2016-12-11 00:00:00","1.63","3172.14","298.96","4085.43","3332.94","752.49","0","organic","RaleighGreensboro"
"1","12212.22","829.17","2016-12-18 00:00:00","1.63","9348.28","52.46","1982.31","403.33","1578.98","0","organic","SanDiego"
"19","70790.98","13080.44","2016-08-14 00:00:00","1.63","14578.13","820.66","42311.75","34013.16","8298.59","0","organic","Southeast"
"47","41361.94","16328.26","2016-01-31 00:00:00","1.63","6860.8","379.04","17793.84","16603.66","1190.18","0","organic","Southeast"
"46","4026.22","1245.18","2016-02-07 00:00:00","1.63","640.98","0","2140.06","23.89","2116.17","0","organic","StLouis"
"1","1106.24","11.28","2016-12-18 00:00:00","1.63","106.56","0","988.4","988.4","0","0","organic","Syracuse"
"35","3752.94","0","2016-04-24 00:00:00","1.63","232.87","0","3520.07","1805.18","1714.89","0","organic","Syracuse"
"5","860320.59","110737.55","2016-11-20 00:00:00","1.63","233518.72","3847.05","512217.27","319112.58","193104.69","0","organic","TotalUS"
"9","699763.35","131203.12","2016-10-23 00:00:00","1.63","241758.21","4363.02","322439","168962.6","153476.4","0","organic","TotalUS"
"23","1018118.27","152828.51","2016-07-17 00:00:00","1.63","359772.18","9957.61","495559.97","346531.83","149028.14","0","organic","TotalUS"
"30","3771.39","54.47","2017-06-04 00:00:00","1.63","352.85","0","3364.07","3364.07","0","0","organic","Albany"
"3","13300.51","332.1","2017-12-10 00:00:00","1.63","3555.77","0","9412.64","5748.61","3664.03","0","organic","Atlanta"
"36","13269.05","1704.94","2017-04-23 00:00:00","1.63","7073.78","0","4490.33","147.22","4343.11","0","organic","Atlanta"
"47","22249.09","7.16","2017-02-05 00:00:00","1.63","2644.02","38.21","19559.7","16906.1","2653.6","0","organic","Boston"
"38","186112.1","30319.27","2017-04-09 00:00:00","1.63","66541.46","7.86","89243.51","82024.66","7218.85","0","organic","California"
"46","9089.66","148.37","2017-02-12 00:00:00","1.63","4040.19","418.86","4482.24","4319.92","162.32","0","organic","Charlotte"
"36","7379.24","710.33","2017-04-23 00:00:00","1.63","2797.09","0","3871.82","2811.5","1060.32","0","organic","Columbus"
"6","21044.41","5229.44","2017-11-19 00:00:00","1.63","295.54","0","15519.43","15488.25","31.18","0","organic","DallasFtWorth"
"21","21766.05","6944.17","2017-08-06 00:00:00","1.63","440.45","0","14381.43","14378.1","3.33","0","organic","DallasFtWorth"
"9","16675.63","215.06","2017-10-29 00:00:00","1.63","156.06","20.15","16284.36","16284.36","0","0","organic","HarrisburgScranton"
"21","13641.1","253.23","2017-08-06 00:00:00","1.63","179.45","5.72","13202.7","13199.48","3.22","0","organic","HarrisburgScranton"
"5","2510.26","0","2017-11-26 00:00:00","1.63","930.33","0","1579.93","1182.6","397.33","0","organic","Louisville"
"6","5873.34","61.31","2017-11-19 00:00:00","1.63","490.32","0","5321.71","5227.78","93.93","0","organic","MiamiFtLauderdale"
"16","6601.76","248.6","2017-09-10 00:00:00","1.63","125.76","0","6227.4","5804.52","422.88","0","organic","NewOrleansMobile"
"37","4994.04","213.2","2017-04-16 00:00:00","1.63","0","0","4780.84","4280","500.84","0","organic","NewOrleansMobile"
"38","5498.31","281.91","2017-04-09 00:00:00","1.63","0","0","5216.4","4707.5","508.9","0","organic","NewOrleansMobile"
"23","272856.18","8003.45","2017-07-23 00:00:00","1.63","34071.85","1137.51","229643.37","203830.16","25813.21","0","organic","Northeast"
"4","25940.77","3952.63","2017-12-03 00:00:00","1.63","6132.01","11.61","15844.52","15814.32","30.2","0","organic","Philadelphia"
"24","25573.07","2091.63","2017-07-16 00:00:00","1.63","6078.08","27.59","17375.77","17372.44","3.33","0","organic","Philadelphia"
"0","62228.22","3018.47","2017-12-31 00:00:00","1.63","15029.08","38.91","44141.76","32311.88","11829.88","0","organic","Plains"
"29","71995.22","7271.57","2017-06-11 00:00:00","1.63","21569.39","118.23","43036.03","20516.93","22519.1","0","organic","Plains"
"31","71551.35","3682.02","2017-05-28 00:00:00","1.63","22151.54","194.47","45523.32","24299.08","21224.24","0","organic","Plains"
"48","12400.14","210.3","2017-01-29 00:00:00","1.63","5718.04","367.53","6104.27","5464.33","639.94","0","organic","RaleighGreensboro"
"22","77530.96","1310.67","2017-07-30 00:00:00","1.63","17344.96","138.42","58736.91","51428.61","7308.3","0","organic","Southeast"
"2","5954.71","949.55","2017-12-17 00:00:00","1.63","979.61","0","4025.55","2095.55","1930","0","organic","StLouis"
"28","9327.52","797.12","2017-06-18 00:00:00","1.63","1738.65","10.49","6781.26","3648.33","3132.93","0","organic","StLouis"
"34","19234.05","1758.8","2017-04-23 00:00:00","1.63","7535.06","16.99","9923.2","5530.18","4393.02","0","organic","WestTexNewMexico"
"8","6610.16","41.96","2018-01-28 00:00:00","1.63","2301.94","0","4266.26","2704.59","1561.67","0","organic","Nashville"
"4","303577.39","23250.65","2018-02-25 00:00:00","1.63","66623.87","199.38","213503.49","193020.88","20482.61","0","organic","Northeast"
"0","22596.13","9.44","2018-03-25 00:00:00","1.63","257.67","0","22329.02","22329.02","0","0","organic","NorthernNewEngland"
"7","27035.57","2687.03","2018-02-04 00:00:00","1.63","3164.38","20.63","21163.53","21162.15","1.38","0","organic","Philadelphia"
"10","30339.71","2315.82","2018-01-14 00:00:00","1.63","3563.73","8.4","24451.76","24402.26","49.5","0","organic","Philadelphia"
"5","66740.04","4145.56","2018-02-18 00:00:00","1.63","16561.13","27.13","46006.22","30261.94","15744.28","0","organic","Plains"
"8","8243.33","221.71","2018-01-28 00:00:00","1.63","2293.88","0","5727.74","4884.05","843.69","0","organic","Roanoke"
"0","9608.95","1902.19","2018-03-25 00:00:00","1.63","3572.34","0","4134.42","4124.42","10","0","organic","Sacramento"
"9","1283987.65","108705.28","2018-01-21 00:00:00","1.63","259172.13","1490.02","914409.26","710654.4","203526.59","228.27","organic","TotalUS"
"2","264691.87","27566.25","2018-03-11 00:00:00","1.63","60383.57","276.42","176465.63","107174.93","69290.7","0","organic","West"
"7","17074.83","2046.96","2018-02-04 00:00:00","1.63","1529.2","0","13498.67","13066.82","431.85","0","organic","WestTexNewMexico"
"6","63608.01","3523.63","2016-11-13 00:00:00","1.62","49837.68","34","10212.7","9790.67","422.03","0","conventional","Albany"
"13","96853.15","7658.55","2016-09-25 00:00:00","1.62","79425.81","43.25","9725.54","9586.8","138.74","0","conventional","Albany"
"7","366175.49","4016.72","2016-11-06 00:00:00","1.62","284809.54","3370.17","73979.06","73804.06","0","175","conventional","Boston"
"11","116477.56","1531.38","2016-10-09 00:00:00","1.62","67528.39","3408.67","44009.12","39395.64","4580.81","32.67","conventional","GrandRapids"
"5","240655.78","4755.3","2016-11-20 00:00:00","1.62","168091.33","122.4","67686.75","66362.72","1324.03","0","conventional","HartfordSpringfield"
"11","231063.21","7855.45","2016-10-09 00:00:00","1.62","171100.57","274.57","51832.62","51617.66","39.96","175","conventional","HartfordSpringfield"
"13","1061132.87","121477.42","2016-09-25 00:00:00","1.62","566149.9","2002.25","371503.3","333527.7","37136.71","838.89","conventional","NewYork"
"6","277735.11","93242.35","2016-11-13 00:00:00","1.62","144958.18","1255.02","38279.56","38273.66","5.9","0","conventional","Sacramento"
"6","39271.46","1266.16","2016-11-13 00:00:00","1.62","27380.67","33.79","10590.84","10590.84","0","0","conventional","Syracuse"
"8","71076.94","2483.36","2017-11-05 00:00:00","1.62","55509.31","33.88","13050.39","9877.42","3172.97","0","conventional","Albany"
"37","90487.05","4362.98","2017-04-16 00:00:00","1.62","71957.73","161.28","14005.06","7179.98","6825.08","0","conventional","Albany"
"39","92621.11","4530.8","2017-04-02 00:00:00","1.62","68015.37","97.26","19977.68","6332.44","13645.24","0","conventional","Albany"
"17","671504.54","58996.88","2017-09-03 00:00:00","1.62","435940.98","5348.28","171218.4","168300.59","547.81","2370","conventional","BaltimoreWashington"
"13","482271.83","14889.71","2017-10-01 00:00:00","1.62","366122.85","1797.71","99461.56","71620.46","27841.1","0","conventional","Boston"
"14","498019.71","10697.54","2017-09-24 00:00:00","1.62","384522.4","1718.59","101081.18","67635.26","33422.59","23.33","conventional","Boston"
"33","610348.46","5152.68","2017-05-14 00:00:00","1.62","448442.71","3462.02","153291.05","146852.13","6280.59","158.33","conventional","Boston"
"29","114081.68","1737.4","2017-06-11 00:00:00","1.62","75551.59","78.57","36714.12","30261.23","1937.89","4515","conventional","BuffaloRochester"
"22","735265.55","76110.93","2017-07-30 00:00:00","1.62","447892.34","134637.19","76625.09","66465.51","7716.18","2443.4","conventional","Chicago"
"35","787324.19","81817.28","2017-04-30 00:00:00","1.62","498579.75","125905.46","81021.7","72854.76","2421.11","5745.83","conventional","Chicago"
"43","680803.2","59136.57","2017-03-05 00:00:00","1.62","454626.1","98165.17","68875.36","62917.85","1104.45","4853.06","conventional","Chicago"
"17","127613.24","53867.78","2017-09-03 00:00:00","1.62","21626.87","1053.14","51065.45","44365.2","6306.66","393.59","conventional","Columbus"
"40","149813.32","81656.27","2017-03-26 00:00:00","1.62","16051.23","125.48","51980.34","20444.62","31040.72","495","conventional","Jacksonville"
"18","80466.47","3038.11","2017-08-27 00:00:00","1.62","33674.56","103.73","43650.07","17157.17","26001.79","491.11","conventional","Louisville"
"41","520937.75","297627.53","2017-03-19 00:00:00","1.62","79475.12","350.68","143484.42","80525.62","62486.58","472.22","conventional","MiamiFtLauderdale"
"15","219275.21","136981.14","2017-09-17 00:00:00","1.62","25106.49","108","57079.58","46789.06","10177.19","113.33","conventional","NewOrleansMobile"
"16","217336.35","123071.39","2017-09-10 00:00:00","1.62","24260.85","164","69840.11","59451.56","5951.88","4436.67","conventional","NewOrleansMobile"
"11","3251117.56","302669.36","2017-10-15 00:00:00","1.62","2116241.41","6202.08","826004.71","703791.09","122213.62","0","conventional","Northeast"
"39","3988654.48","235162.47","2017-04-02 00:00:00","1.62","2529680.45","14491.29","1209320.27","967632.76","241470.84","216.67","conventional","Northeast"
"27","359321.55","8947.03","2017-06-25 00:00:00","1.62","270962.51","13004.97","66407.04","28816.42","33800.62","3790","conventional","NorthernNewEngland"
"29","406486.08","9491.92","2017-06-11 00:00:00","1.62","326672.5","2468.8","67852.86","26940.61","37008.92","3903.33","conventional","NorthernNewEngland"
"40","281795.07","164358.1","2017-03-26 00:00:00","1.62","38333.89","88.48","79014.6","44649.55","34365.05","0","conventional","Orlando"
"13","389987.92","45811.04","2017-10-01 00:00:00","1.62","195759.47","255.36","148162.05","133321.24","14840.81","0","conventional","Philadelphia"
"12","159117.57","43388.05","2017-10-08 00:00:00","1.62","49967.91","1517.57","64244.04","60012.28","4231.76","0","conventional","RichmondNorfolk"
"35","391714.3","143615.47","2017-04-30 00:00:00","1.62","197927.08","874.02","49297.73","46808.23","210.89","2278.61","conventional","Sacramento"
"21","723557.56","156780.78","2017-08-06 00:00:00","1.62","472631.33","4524.91","89620.54","85993.75","753.46","2873.33","conventional","SanFrancisco"
"6","347463","80544","2017-11-19 00:00:00","1.62","109554","1324","156041","91853","63374","814","conventional","Seattle"
"14","24637148.38","8652381.39","2017-09-24 00:00:00","1.62","8295761.93","385004.72","7304000.34","5442167.06","1792564.59","69268.69","conventional","TotalUS"
"12","3927688.07","1409409.51","2017-10-08 00:00:00","1.62","991395.23","46534.94","1480348.39","880091.4","595424.37","4832.62","conventional","West"
"40","6483.98","1891.11","2015-03-22 00:00:00","1.62","4197.32","0","395.55","0","395.55","0","organic","Atlanta"
"45","1308.88","11.21","2015-02-15 00:00:00","1.62","891.63","0","406.04","166.67","239.37","0","organic","Boise"
"17","1771.59","21.42","2015-08-30 00:00:00","1.62","124.01","0","1626.16","1620.87","5.29","0","organic","BuffaloRochester"
"19","29458.3","1142.46","2015-08-16 00:00:00","1.62","27912.51","0","403.33","403.33","0","0","organic","Chicago"
"20","28253.94","1173.62","2015-08-09 00:00:00","1.62","26743.66","0","336.66","333.33","3.33","0","organic","Chicago"
"22","26098.32","401.96","2015-07-26 00:00:00","1.62","25320.55","0","375.81","346.67","29.14","0","organic","Chicago"
"42","16545.05","818.74","2015-03-08 00:00:00","1.62","13266.68","0","2459.63","2459.63","0","0","organic","Chicago"
"16","15010.83","517.66","2015-09-06 00:00:00","1.62","13286.9","0","1206.27","550","656.27","0","organic","CincinnatiDayton"
"21","15286.4","198.92","2015-08-02 00:00:00","1.62","14035.28","0","1052.2","123.34","928.86","0","organic","CincinnatiDayton"
"48","8703.74","580.39","2015-01-25 00:00:00","1.62","7210.53","0","912.82","60","852.82","0","organic","Detroit"
"27","72563.98","4039.33","2015-06-21 00:00:00","1.62","57352.16","1.58","11170.91","5417.71","5753.2","0","organic","GreatLakes"
"39","64282.45","2606.14","2015-03-29 00:00:00","1.62","51107.34","0","10568.97","9963.32","605.65","0","organic","GreatLakes"
"9","2147.79","227.83","2015-10-25 00:00:00","1.62","1202.07","0","717.89","446.67","271.22","0","organic","Indianapolis"
"16","2794.65","321.17","2015-09-06 00:00:00","1.62","1731.98","0","741.5","413.33","328.17","0","organic","Indianapolis"
"18","8676.7","4150.85","2015-08-23 00:00:00","1.62","3628.56","0","897.29","361.51","535.78","0","organic","LasVegas"
"10","33737.71","10370.68","2015-10-18 00:00:00","1.62","16004.06","3.18","7359.79","6393.48","966.31","0","organic","LosAngeles"
"26","67201.29","7894.13","2015-06-28 00:00:00","1.62","35220.02","4380.25","19706.89","12921.08","6785.81","0","organic","Midsouth"
"42","73251.74","8451.96","2015-03-08 00:00:00","1.62","27277.29","4616.93","32905.56","31682.71","1222.85","0","organic","Midsouth"
"0","3895.76","501.13","2015-12-27 00:00:00","1.62","2284.69","0","1109.94","840","269.94","0","organic","Nashville"
"15","2353.2","310.87","2015-09-13 00:00:00","1.62","107.29","0","1935.04","1935.04","0","0","organic","NewOrleansMobile"
"2","8029.92","9.61","2015-12-13 00:00:00","1.62","134.51","0","7885.8","7885.8","0","0","organic","NorthernNewEngland"
"8","8260.25","13.04","2015-11-01 00:00:00","1.62","88.91","0","8158.3","8158.3","0","0","organic","NorthernNewEngland"
"12","9011.35","15.66","2015-10-04 00:00:00","1.62","189.08","0","8806.61","8806.61","0","0","organic","NorthernNewEngland"
"11","4268.78","325.35","2015-10-11 00:00:00","1.62","1595.95","16.5","2330.98","147","2183.98","0","organic","Philadelphia"
"28","12799.12","8833.67","2015-06-14 00:00:00","1.62","2031.09","0","1934.36","1193.33","741.03","0","organic","PhoenixTucson"
"49","3480.66","120.23","2015-01-18 00:00:00","1.62","2152.16","363.06","845.21","583.33","261.88","0","organic","RichmondNorfolk"
"30","10430.71","5542.33","2015-05-31 00:00:00","1.62","4688.66","0","199.72","199.72","0","0","organic","Sacramento"
"31","11399.34","6010.97","2015-05-24 00:00:00","1.62","5119.6","0","268.77","268.77","0","0","organic","Sacramento"
"35","9637.66","5069.89","2015-04-26 00:00:00","1.62","4401.41","0","166.36","166.36","0","0","organic","Sacramento"
"0","8704.72","1834.72","2015-12-27 00:00:00","1.62","5181.54","0","1688.46","472.88","1215.58","0","organic","SanDiego"
"42","47476.51","7056.73","2015-03-08 00:00:00","1.62","38276.41","95.23","2048.14","0","2048.14","0","organic","Seattle"
"34","4147.44","1380.54","2015-05-03 00:00:00","1.62","2400.14","3.79","362.97","0","362.97","0","organic","Spokane"
"18","1617.91","3","2015-08-23 00:00:00","1.62","87.09","0","1527.82","1527.82","0","0","organic","Syracuse"
"9","560830.54","109006.18","2015-10-25 00:00:00","1.62","244222.97","6181.13","201420.26","116814.8","84605.46","0","organic","TotalUS"
"37","2161.66","7.04","2016-04-10 00:00:00","1.62","161.85","0","1992.77","1992.77","0","0","organic","Albany"
"18","12432.9","2212.91","2016-08-21 00:00:00","1.62","4513.56","0","5706.43","2478.87","3227.56","0","organic","Atlanta"
"21","14463.16","2799.3","2016-07-31 00:00:00","1.62","5878.73","0","5785.13","1371.57","4413.56","0","organic","Atlanta"
"43","14556.02","503.01","2016-02-28 00:00:00","1.62","8253.43","308.93","5490.65","1187.22","4303.43","0","organic","BaltimoreWashington"
"46","9462","7.59","2016-02-07 00:00:00","1.62","1515.63","0","7938.78","7179.88","758.9","0","organic","Boston"
"22","2705.37","38.4","2016-07-24 00:00:00","1.62","258.23","0","2408.74","1446.03","962.71","0","organic","BuffaloRochester"
"0","6780.63","74.49","2016-12-25 00:00:00","1.62","2520.97","399.49","3785.68","3479.65","306.03","0","organic","Charlotte"
"22","8306.2","388.08","2016-07-24 00:00:00","1.62","4288.98","1242.32","2386.82","2383.49","3.33","0","organic","Charlotte"
"33","34200.94","83.69","2016-05-08 00:00:00","1.62","33146.9","0","970.35","970.35","0","0","organic","Chicago"
"48","25004.87","976.46","2016-01-24 00:00:00","1.62","23728.41","0","300","300","0","0","organic","Chicago"
"50","35835.37","1437.58","2016-01-10 00:00:00","1.62","34064.46","0","333.33","333.33","0","0","organic","Chicago"
"51","24460.46","931.2","2016-01-03 00:00:00","1.62","23415.93","0","113.33","113.33","0","0","organic","Chicago"
"19","3590.48","269.64","2016-08-14 00:00:00","1.62","336.68","13.51","2970.65","2954.1","16.55","0","organic","HarrisburgScranton"
"22","5387.66","154.4","2016-07-24 00:00:00","1.62","319.09","138.06","4776.11","4513.07","263.04","0","organic","HarrisburgScranton"
"0","2583.94","114.51","2016-12-25 00:00:00","1.62","1052.73","0","1416.7","1027.03","389.67","0","organic","Indianapolis"
"37","3379.11","1917.91","2016-04-10 00:00:00","1.62","102.98","14.89","1343.33","1343.33","0","0","organic","Jacksonville"
"13","62154.36","7132.44","2016-09-25 00:00:00","1.62","25173.2","0","29848.72","25361.07","4487.65","0","organic","LosAngeles"
"19","112079.18","5109.11","2016-08-14 00:00:00","1.62","54891.79","3514.77","48563.51","32201.94","16361.57","0","organic","Midsouth"
"34","11626.48","0","2016-05-01 00:00:00","1.62","128.33","0","11498.15","11498.15","0","0","organic","NorthernNewEngland"
"43","13804.29","1136.49","2016-02-28 00:00:00","1.62","4947.8","3.7","7716.3","2276.27","5440.03","0","organic","Philadelphia"
"30","39722.85","625.03","2016-05-29 00:00:00","1.62","30792.23","27.93","8277.66","478.03","7799.63","0","organic","Seattle"
"7","63877.72","5389.94","2016-11-06 00:00:00","1.62","14873.28","507.85","43106.65","17305.32","25801.33","0","organic","Southeast"
"21","67427.23","13672.33","2016-07-31 00:00:00","1.62","15899.54","1036.72","36818.64","29716.26","7102.38","0","organic","Southeast"
"43","3092.98","0","2016-02-28 00:00:00","1.62","94.74","0","2998.24","856.96","2141.28","0","organic","Syracuse"
"4","10609.29","380.9","2017-12-03 00:00:00","1.62","3883.18","0","6345.21","5731","614.21","0","organic","Atlanta"
"6","10393.69","186.36","2017-11-19 00:00:00","1.62","4241.25","0","5966.08","5612.89","353.19","0","organic","Atlanta"
"49","7484.99","1121.56","2017-01-22 00:00:00","1.62","4738.82","0","1624.61","2.79","1621.82","0","organic","Atlanta"
"50","6291.29","1129.49","2017-01-15 00:00:00","1.62","3582.5","0","1579.3","0","1579.3","0","organic","Atlanta"
"13","48973.13","2863.92","2017-10-01 00:00:00","1.62","5844.08","56.27","40208.86","40203.04","5.82","0","organic","BaltimoreWashington"
"25","169101.22","18593.36","2017-07-09 00:00:00","1.62","54586.32","4.68","95916.86","95826.72","90.14","0","organic","California"
"47","8473.46","140.61","2017-02-05 00:00:00","1.62","3540.95","461.31","4330.59","4075.6","254.99","0","organic","Charlotte"
"22","20300","7498.76","2017-07-30 00:00:00","1.62","747.2","0","12054.04","12034.04","20","0","organic","DallasFtWorth"
"25","153380.48","3853.72","2017-07-09 00:00:00","1.62","70843.63","0","78683.13","14008.38","64674.75","0","organic","GreatLakes"
"6","14161.9","176.4","2017-11-19 00:00:00","1.62","275.71","9.39","13700.4","13700.4","0","0","organic","HarrisburgScranton"
"45","13264.69","3590.54","2017-02-19 00:00:00","1.62","2202.3","10.47","7461.38","7429.08","32.3","0","organic","HarrisburgScranton"
"18","8228.93","106.71","2017-08-27 00:00:00","1.62","1378.46","0","6743.76","4350.93","2392.83","0","organic","Indianapolis"
"36","4590.91","174.77","2017-04-23 00:00:00","1.62","1385.03","0","3031.11","2357.22","673.89","0","organic","Indianapolis"
"6","2317.4","9.09","2017-11-19 00:00:00","1.62","901.48","0","1406.83","1070.55","336.28","0","organic","Louisville"
"2","6706.15","41.87","2017-12-17 00:00:00","1.62","1898.54","0","4765.74","2612.39","2153.35","0","organic","Nashville"
"35","14208.82","97.08","2017-04-30 00:00:00","1.62","229.93","0","13881.81","13881.81","0","0","organic","NorthernNewEngland"
"15","30696.16","1230.31","2017-09-17 00:00:00","1.62","4224.35","5.17","25236.33","25236.33","0","0","organic","Philadelphia"
"25","63609.57","2420.11","2017-07-09 00:00:00","1.62","23093.17","61.27","38035.02","18331.46","19703.56","0","organic","Plains"
"30","73160.65","4101.74","2017-06-04 00:00:00","1.62","21665.84","57.86","47335.21","25286.63","22048.58","0","organic","Plains"
"33","69358.17","3417.56","2017-05-14 00:00:00","1.62","21230.05","251.83","44458.73","22549.94","21908.79","0","organic","Plains"
"52","47042.21","4547.17","2017-01-01 00:00:00","1.62","15245.73","1366.36","25882.95","17253.74","8629.21","0","organic","Plains"
"50","10210.4","185.33","2017-01-15 00:00:00","1.62","5492.56","523.31","4009.2","3842","167.2","0","organic","RaleighGreensboro"
"6","9572.38","469.82","2017-11-19 00:00:00","1.62","2619.23","36.54","6446.79","6399.28","47.51","0","organic","RichmondNorfolk"
"10","12275.26","370.45","2017-10-22 00:00:00","1.62","2692.51","53.05","9159.25","8792.65","366.6","0","organic","RichmondNorfolk"
"52","4920.41","584.97","2017-01-01 00:00:00","1.62","2230.14","209.54","1895.76","1895.76","0","0","organic","RichmondNorfolk"
"25","9008.58","327.53","2017-07-09 00:00:00","1.62","2701.41","0","5979.64","1517.51","4462.13","0","organic","Roanoke"
"33","49291.33","1601.12","2017-05-14 00:00:00","1.62","13061.38","41.19","34587.64","1325.19","33262.45","0","organic","Seattle"
"4","1119325","99317.88","2017-12-03 00:00:00","1.62","269450.85","1108.2","749121.8","592524.24","156438.84","158.72","organic","TotalUS"
"0","16552.71","1909.33","2017-12-31 00:00:00","1.62","3538.48","60.91","11043.99","10821.63","222.36","0","organic","WestTexNewMexico"
"7","11900.41","384.29","2018-02-04 00:00:00","1.62","4042.55","0","7473.57","5731.98","1741.59","0","organic","Atlanta"
"9","12422.7","8.94","2018-01-21 00:00:00","1.62","5461.01","246.99","6705.76","6703.12","2.64","0","organic","Charlotte"
"3","46026.58","1107.05","2018-03-04 00:00:00","1.62","35255.03","0","9664.5","9654.5","10","0","organic","Chicago"
"7","46956.84","313.29","2018-02-04 00:00:00","1.62","32668.25","0","13975.3","13975.3","0","0","organic","Chicago"
"7","2838.38","57.22","2018-02-04 00:00:00","1.62","465.58","0","2315.58","2008.9","306.68","0","organic","Jacksonville"
"2","13792.54","1966.47","2018-03-11 00:00:00","1.62","2132.96","0","9693.11","9686.91","6.2","0","organic","LasVegas"
"5","167151.11","4053.94","2018-02-18 00:00:00","1.62","55861.14","750.29","106476.61","104813.94","1662.67","0","organic","Midsouth"
"8","162896.45","3033.33","2018-01-28 00:00:00","1.62","48878.5","911.57","110073.05","101010.31","9062.74","0","organic","Midsouth"
"1","22375.57","6","2018-03-18 00:00:00","1.62","243.48","0","22126.09","22126.09","0","0","organic","NorthernNewEngland"
"2","17727.19","2335.09","2018-03-11 00:00:00","1.62","3082.62","0","12309.48","12278.25","31.23","0","organic","PhoenixTucson"
"7","14456.1","2260.81","2018-02-04 00:00:00","1.62","2011.22","0","10184.07","10169.69","14.38","0","organic","PhoenixTucson"
"9","8933.22","3017.16","2018-01-21 00:00:00","1.62","3954.94","0","1961.12","1961.12","0","0","organic","Sacramento"
"0","15303.4","2325.3","2018-03-25 00:00:00","1.62","2171.66","0","10806.44","10569.8","236.64","0","organic","WestTexNewMexico"
"11","17489.58","2894.77","2018-01-07 00:00:00","1.62","2356.13","224.53","12014.15","11988.14","26.01","0","organic","WestTexNewMexico"
"21","125586.57","9293.65","2016-07-31 00:00:00","1.61","96915.41","25.46","19352.05","18803.23","78.82","470","conventional","Albany"
"21","508949.6","12550.4","2016-07-31 00:00:00","1.61","338691.73","8772.17","148935.3","147430.08","5.5","1499.72","conventional","Boston"
"12","366233.17","18332.24","2016-10-02 00:00:00","1.61","195428.72","898.05","151574.16","143701.7","7790.37","82.09","conventional","Philadelphia"
"10","330213.06","102990.47","2016-10-16 00:00:00","1.61","180666.02","2661.47","43895.1","41539.17","1035.65","1320.28","conventional","Sacramento"
"5","38598.98","814.68","2016-11-20 00:00:00","1.61","27876.91","1","9906.39","9906.39","0","0","conventional","Syracuse"
"18","75471.56","2156.2","2017-08-27 00:00:00","1.61","59831.83","71.46","13412.07","9395.94","3709.46","306.67","conventional","Albany"
"19","74620.33","1553.71","2017-08-20 00:00:00","1.61","59028.13","130.14","13908.35","8599.25","4155.77","1153.33","conventional","Albany"
"22","83599.96","1915.81","2017-07-30 00:00:00","1.61","73287.66","321.62","8074.87","5552.63","1932.24","590","conventional","Albany"
"12","451608.73","16621.16","2017-10-08 00:00:00","1.61","322931.92","1266.34","110789.31","76160.93","34628.38","0","conventional","Boston"
"35","603284.31","5758.71","2017-04-30 00:00:00","1.61","467084.4","3505.87","126935.33","114534.76","11768.63","631.94","conventional","Boston"
"37","592049.78","7319.25","2017-04-16 00:00:00","1.61","437483.37","3589.29","143657.87","124789.29","17115.8","1752.78","conventional","Boston"
"15","192447.11","56017.67","2017-09-17 00:00:00","1.61","64593.12","5176.8","66659.52","62156.95","4502.57","0","conventional","Charlotte"
"44","674827.05","52553.89","2017-02-26 00:00:00","1.61","442525.98","110938.64","68808.54","62915.36","1403.34","4489.84","conventional","Chicago"
"3","107018.62","2211.54","2017-12-10 00:00:00","1.61","52467.15","17501.9","34838.03","25029.12","5916.44","3892.47","conventional","GrandRapids"
"34","369499.67","6754.65","2017-05-07 00:00:00","1.61","251849.93","310.83","110584.26","109324.82","974.72","284.72","conventional","HartfordSpringfield"
"13","189529.26","58261.77","2017-10-01 00:00:00","1.61","67847.94","62.85","63356.7","43605.94","19750.76","0","conventional","LasVegas"
"14","192284.92","59560","2017-09-24 00:00:00","1.61","62383.75","66.23","70274.94","42658.17","27616.77","0","conventional","LasVegas"
"17","2176974.29","1050438.58","2017-09-03 00:00:00","1.61","441327.04","112400.98","572807.69","521219.23","15575.83","36012.63","conventional","LosAngeles"
"15","1154925.12","71450.66","2017-09-17 00:00:00","1.61","693111.36","408.14","389954.96","355131.24","34823.72","0","conventional","NewYork"
"16","1150959.1","76107.84","2017-09-10 00:00:00","1.61","681320.36","640.77","392890.13","356286.86","35547.71","1055.56","conventional","NewYork"
"13","3438536.39","303877.34","2017-10-01 00:00:00","1.61","2154492.82","6754.69","973411.54","795311.93","178099.61","0","conventional","Northeast"
"16","3536857.97","264529.93","2017-09-10 00:00:00","1.61","2267361.07","6494.94","998472.03","844249.91","130829.9","23392.22","conventional","Northeast"
"12","267322.07","13747.51","2017-10-08 00:00:00","1.61","203354.1","1304.64","48915.82","14987.09","33928.73","0","conventional","NorthernNewEngland"
"15","354589.37","124583.84","2017-09-17 00:00:00","1.61","189307.81","912.4","39785.32","39044.8","587.02","153.5","conventional","Sacramento"
"30","428553.32","160860.42","2017-06-04 00:00:00","1.61","210208.11","2618.83","54865.96","51366.15","316.75","3183.06","conventional","Sacramento"
"42","354782.58","113887.8","2017-03-12 00:00:00","1.61","189365.17","1980.8","49548.81","47380.73","80.43","2087.65","conventional","Sacramento"
"5","322421","73725","2017-11-26 00:00:00","1.61","102163","700","145833","94616","50872","345","conventional","Seattle"
"16","2707005.49","1511637.28","2017-09-10 00:00:00","1.61","383131.2","4113.88","808123.13","537849.67","238131.35","32142.11","conventional","Southeast"
"10","120265.74","72104.67","2017-10-22 00:00:00","1.61","8866.99","81.1","39212.98","34007.52","5199.54","5.92","conventional","StLouis"
"38","79779.92","1222.66","2017-04-09 00:00:00","1.61","46634.37","10.34","31912.55","14344.41","17568.14","0","conventional","Syracuse"
"28","13924.11","5819.08","2015-06-14 00:00:00","1.61","2943.69","956.31","4205.03","4199.7","5.33","0","organic","BaltimoreWashington"
"9","22648.93","1033.01","2015-10-25 00:00:00","1.61","21495.92","0","120","120","0","0","organic","Chicago"
"15","27327.18","985.56","2015-09-13 00:00:00","1.61","26008.45","0","333.17","323.33","9.84","0","organic","Chicago"
"16","28269.21","1283.81","2015-09-06 00:00:00","1.61","26272.22","0","713.18","703.33","9.85","0","organic","Chicago"
"18","31623.52","1517.15","2015-08-23 00:00:00","1.61","29613.04","0","493.33","493.33","0","0","organic","Chicago"
"8","9499.24","287.24","2015-11-01 00:00:00","1.61","7556.8","0","1655.2","326.67","1328.53","0","organic","CincinnatiDayton"
"0","6834.42","1276.73","2015-12-27 00:00:00","1.61","3370.14","0","2187.55","366.67","1820.88","0","organic","Detroit"
"11","7509.74","1111.36","2015-10-11 00:00:00","1.61","4593.51","0","1804.87","480","1324.87","0","organic","Detroit"
"31","7900.21","506.77","2015-05-24 00:00:00","1.61","5960.45","0","1432.99","776.58","656.41","0","organic","Detroit"
"10","2146","1156.71","2015-10-18 00:00:00","1.61","650.48","0","338.81","283.33","55.48","0","organic","GrandRapids"
"34","1377.24","7.07","2015-05-03 00:00:00","1.61","1053.5","0","316.67","316.67","0","0","organic","GrandRapids"
"4","59169.17","6464.54","2015-11-29 00:00:00","1.61","46706.82","0","5997.81","3485.76","2512.05","0","organic","GreatLakes"
"16","95931.87","10710.92","2015-09-06 00:00:00","1.61","70456.63","0","14764.32","8139.62","6624.7","0","organic","GreatLakes"
"1","1601.29","289.63","2015-12-20 00:00:00","1.61","1082.9","0","228.76","169.1","59.66","0","organic","Indianapolis"
"43","7867.61","4161.89","2015-03-01 00:00:00","1.61","2885.72","0","820","820","0","0","organic","LasVegas"
"20","35630.99","13861.99","2015-08-09 00:00:00","1.61","13291.44","0","8477.56","8477.56","0","0","organic","LosAngeles"
"46","1438.14","13.52","2015-02-08 00:00:00","1.61","823.66","0","600.96","393.33","207.63","0","organic","Louisville"
"36","2879.62","1344.13","2015-04-19 00:00:00","1.61","31.38","0","1504.11","1498.53","5.58","0","organic","MiamiFtLauderdale"
"8","54907.07","5463.85","2015-11-01 00:00:00","1.61","26550.99","3798.97","19093.26","12311.91","6781.35","0","organic","Midsouth"
"25","72541.61","9102.96","2015-07-05 00:00:00","1.61","36327.86","4782","22328.79","13216.79","9112","0","organic","Midsouth"
"43","62339.44","9303.87","2015-03-01 00:00:00","1.61","29547.34","4471.19","19017.04","16977.16","2039.88","0","organic","Midsouth"
"12","3044.44","244.88","2015-10-04 00:00:00","1.61","104.55","0","2695.01","2681.68","13.33","0","organic","NewOrleansMobile"
"26","2478.05","428.93","2015-06-28 00:00:00","1.61","185.78","0","1863.34","1863.34","0","0","organic","NewOrleansMobile"
"31","1654.85","434.29","2015-05-24 00:00:00","1.61","16.56","0","1204","1204","0","0","organic","NewOrleansMobile"
"3","9278.66","11.96","2015-12-06 00:00:00","1.61","78.95","0","9187.75","9184.42","3.33","0","organic","NorthernNewEngland"
"9","7858.07","8.31","2015-10-25 00:00:00","1.61","84.27","0","7765.49","7765.49","0","0","organic","NorthernNewEngland"
"11","8749.6","6","2015-10-11 00:00:00","1.61","68.35","0","8675.25","8675.25","0","0","organic","NorthernNewEngland"
"41","25244.87","9298.84","2015-03-15 00:00:00","1.61","13800.36","1.55","2144.12","0","2144.12","0","organic","Portland"
"4","3158.95","95.84","2015-11-29 00:00:00","1.61","2175.66","0","887.45","390","497.45","0","organic","Roanoke"
"26","4088.37","537.84","2015-06-28 00:00:00","1.61","3550.53","0","0","0","0","0","organic","Spokane"
"10","1398.54","0","2015-10-18 00:00:00","1.61","59.14","0","1339.4","1336.72","2.68","0","organic","Syracuse"
"15","1602.4","0","2015-09-13 00:00:00","1.61","102.48","0","1499.92","1499.92","0","0","organic","Syracuse"
"6","124812.43","36788.36","2015-11-15 00:00:00","1.61","44774.06","71.92","43178.09","5680.18","37497.91","0","organic","West"
"12","176416.14","27947.64","2015-10-04 00:00:00","1.61","79505.2","59.03","68904.27","2908.21","65996.06","0","organic","West"
"17","11341.36","5070.74","2015-08-23 00:00:00","1.61","3018.12","0","3252.5","2216.67","1035.83","0","organic","WestTexNewMexico"
"40","16332.76","1677.68","2016-03-20 00:00:00","1.61","6707.4","390.33","7557.35","6172.74","1384.61","0","organic","BaltimoreWashington"
"25","14709.87","16.98","2016-07-03 00:00:00","1.61","444.06","0","14248.83","12451.45","1797.38","0","organic","Boston"
"9","1079","20.39","2016-10-23 00:00:00","1.61","221.94","0","836.67","836.67","0","0","organic","BuffaloRochester"
"1","122728.42","18006.04","2016-12-18 00:00:00","1.61","60993.65","176.75","43551.98","37872.37","5679.61","0","organic","California"
"32","32454.82","37.45","2016-05-15 00:00:00","1.61","30432.28","0","1985.09","1985.09","0","0","organic","Chicago"
"34","31458.63","102.92","2016-05-01 00:00:00","1.61","30785.77","0","569.94","569.94","0","0","organic","Chicago"
"47","28813.36","814.1","2016-01-31 00:00:00","1.61","27719.26","0","280","280","0","0","organic","Chicago"
"51","21072.22","1302.29","2016-01-03 00:00:00","1.61","4127.37","1756.97","13885.59","869.14","13016.45","0","organic","NewYork"
"38","8175.69","0","2016-04-03 00:00:00","1.61","215.36","0","7960.33","7960.33","0","0","organic","NorthernNewEngland"
"39","12855.46","11.39","2016-03-27 00:00:00","1.61","307.53","0","12536.54","12536.54","0","0","organic","NorthernNewEngland"
"35","6013.98","2375","2016-04-24 00:00:00","1.61","98.26","0","3540.72","3540.72","0","0","organic","Orlando"
"48","9059.12","5138.33","2016-01-24 00:00:00","1.61","1669.21","0","2251.58","2187.87","63.71","0","organic","PhoenixTucson"
"51","10650.66","6889.43","2016-01-03 00:00:00","1.61","1037.3","0","2723.93","2618.9","105.03","0","organic","PhoenixTucson"
"32","28745.81","1973","2016-05-15 00:00:00","1.61","24271.37","3.34","2498.1","96.67","2401.43","0","organic","Portland"
"35","5854.3","157.49","2016-04-24 00:00:00","1.61","3368.46","437.29","1891.06","1791.35","99.71","0","organic","RaleighGreensboro"
"1","5227.98","373.13","2016-12-18 00:00:00","1.61","2227.6","179.75","2447.5","2381.39","66.11","0","organic","RichmondNorfolk"
"6","7529.46","275.42","2016-11-13 00:00:00","1.61","2721.84","217.94","4314.26","2456.8","1857.46","0","organic","RichmondNorfolk"
"19","13377.37","1080.09","2016-08-14 00:00:00","1.61","3792.29","542.8","7962.19","6868.73","1093.46","0","organic","SouthCarolina"
"46","4661.03","573.69","2016-02-07 00:00:00","1.61","1792.04","364.71","1930.59","1801.35","129.24","0","organic","SouthCarolina"
"42","40036.61","15966.97","2016-03-06 00:00:00","1.61","9880.53","364.48","13824.63","13251.15","573.48","0","organic","Southeast"
"44","37375.96","13880.19","2016-02-21 00:00:00","1.61","7471.45","356.11","15668.21","14899.84","768.37","0","organic","Southeast"
"46","36963.31","13154.94","2016-02-07 00:00:00","1.61","7667.79","504.48","15636.1","14354.53","1281.57","0","organic","Southeast"
"32","3399.86","77","2016-05-15 00:00:00","1.61","2582.47","0","740.39","0","740.39","0","organic","Spokane"
"10","795.95","0","2016-10-16 00:00:00","1.61","50.17","0","745.78","745.78","0","0","organic","Syracuse"
"16","177083.68","42575.46","2016-09-04 00:00:00","1.61","60202.23","527.53","73778.46","37977.13","35801.33","0","organic","West"
"25","22122.61","564.97","2017-07-09 00:00:00","1.61","10263.73","0","11293.91","4751.26","6542.65","0","organic","Atlanta"
"13","26718.67","17.83","2017-10-01 00:00:00","1.61","1127.52","0","25573.32","25559.99","13.33","0","organic","Boston"
"21","22037.86","7.5","2017-08-06 00:00:00","1.61","1198.39","0","20831.97","16162.53","4669.44","0","organic","Boston"
"22","23890.76","7","2017-07-30 00:00:00","1.61","1303.51","0","22580.25","17924.17","4656.08","0","organic","Boston"
"24","25501.3","18.95","2017-07-16 00:00:00","1.61","1315.56","0","24166.79","22172.13","1994.66","0","organic","Boston"
"48","2348.77","2.44","2017-01-29 00:00:00","1.61","347.33","0","1999","1829.7","169.3","0","organic","BuffaloRochester"
"35","199903.62","29040.03","2017-04-30 00:00:00","1.61","67606.93","7.79","103248.87","99212.47","4036.4","0","organic","California"
"22","9033.15","639.15","2017-07-30 00:00:00","1.61","2112.71","0","6281.29","4054.92","2226.37","0","organic","Columbus"
"34","9940.47","695.6","2017-05-07 00:00:00","1.61","3430.4","0","5814.47","1994.78","3819.69","0","organic","Columbus"
"1","29466.81","6227.29","2017-12-24 00:00:00","1.61","528.01","30.11","22681.4","22304.32","377.08","0","organic","Denver"
"10","21512.97","619.98","2017-10-22 00:00:00","1.61","3460.25","0","17396.8","14598.78","2798.02","0","organic","Detroit"
"22","17991.86","507","2017-07-30 00:00:00","1.61","3352.6","0","14132.26","9913.45","4218.81","0","organic","Detroit"
"8","18723.45","256.08","2017-11-05 00:00:00","1.61","154.47","5.48","18307.42","18300.82","6.6","0","organic","HarrisburgScranton"
"2","2498.65","48.7","2017-12-17 00:00:00","1.61","519.43","2.5","1928.02","1901.37","26.65","0","organic","Jacksonville"
"25","2453.16","0","2017-07-09 00:00:00","1.61","1551.16","0","902","11.67","890.33","0","organic","Louisville"
"3","140885.3","3274.32","2017-12-10 00:00:00","1.61","33387.67","675.89","103547.42","97646.59","5900.83","0","organic","Midsouth"
"29","150302.38","3919.7","2017-06-11 00:00:00","1.61","51398.57","1205.25","93778.86","45391.71","48387.15","0","organic","Midsouth"
"51","90503.81","3638.19","2017-01-08 00:00:00","1.61","41242.82","2265.14","43357.66","40878.78","2478.88","0","organic","Midsouth"
"6","5134.74","51.28","2017-11-19 00:00:00","1.61","2032.17","0","3051.29","2376.14","675.15","0","organic","Nashville"
"20","4739.29","25.2","2017-08-13 00:00:00","1.61","2387.12","0","2326.97","1738.89","588.08","0","organic","Nashville"
"13","32035.84","1696.86","2017-10-01 00:00:00","1.61","3087.3","0","27251.68","27251.68","0","0","organic","Philadelphia"
"1","18364.96","5479.83","2017-12-24 00:00:00","1.61","2129.93","0","10755.2","10741.33","13.87","0","organic","PhoenixTucson"
"28","7557.29","385.86","2017-06-18 00:00:00","1.61","3385.75","0","3785.68","1493.9","2291.78","0","organic","Roanoke"
"51","5241.2","263.74","2017-01-08 00:00:00","1.61","2764.44","0","2213.02","2213.02","0","0","organic","Roanoke"
"0","9655.29","3891.4","2017-12-31 00:00:00","1.61","3759.45","0","2004.44","2004.44","0","0","organic","Sacramento"
"47","25769.82","10715.26","2017-02-05 00:00:00","1.61","12410.67","8.76","2635.13","2635.13","0","0","organic","SanFrancisco"
"29","14897.51","567.58","2017-06-11 00:00:00","1.61","4048.33","139.47","10142.13","7496.73","2645.4","0","organic","SouthCarolina"
"4","4677.74","40.64","2017-12-03 00:00:00","1.61","534.88","0","4102.22","4091.12","11.1","0","organic","Tampa"
"36","1190461.18","152604.41","2017-04-23 00:00:00","1.61","347557.13","3245.62","687054.02","460390.87","226663.15","0","organic","TotalUS"
"10","216681.04","52253.4","2018-01-14 00:00:00","1.61","95353.95","0","69073.69","69054.51","19.18","0","organic","California"
"3","170250.03","4165.25","2018-03-04 00:00:00","1.61","46035.81","934.06","119114.91","108411.32","10703.59","0","organic","Midsouth"
"4","179220.19","3635.67","2018-02-25 00:00:00","1.61","46267.02","672.63","128644.87","112039.31","16605.56","0","organic","Midsouth"
"8","28257.18","3878.22","2018-01-28 00:00:00","1.61","3721.44","7.64","20649.88","20602.87","47.01","0","organic","Philadelphia"
"8","7695.89","156.01","2018-01-28 00:00:00","1.61","859.2","0","6680.68","5567.39","1113.29","0","organic","Tampa"
"8","1336979.09","118616.17","2018-01-28 00:00:00","1.61","280080.34","1270.61","936859.49","796104.27","140652.84","102.38","organic","TotalUS"
"5","566160.06","51078.68","2016-11-20 00:00:00","1.6","309529.29","13095.11","192456.98","189672.97","1882.62","901.39","conventional","BaltimoreWashington"
"10","453605.17","6472.04","2016-10-16 00:00:00","1.6","345051.11","4742.43","97339.59","97339.59","0","0","conventional","Boston"
"6","87366.58","1891.82","2016-11-13 00:00:00","1.6","56517.54","84.41","28872.81","28872.81","0","0","conventional","BuffaloRochester"
"9","110744.71","1171.55","2016-10-23 00:00:00","1.6","50973.9","78.19","58521.07","58521.07","0","0","conventional","BuffaloRochester"
"16","670453.42","77981.63","2016-09-04 00:00:00","1.6","415924.58","91323.75","85223.46","82376.72","2320.05","526.69","conventional","Chicago"
"17","621715.78","54971.17","2016-08-28 00:00:00","1.6","373442.31","93288.97","100013.33","92533.97","4244.28","3235.08","conventional","Chicago"
"12","122091.54","1617.76","2016-10-02 00:00:00","1.6","67660.2","4166.81","48646.77","43757.18","4868.96","20.63","conventional","GrandRapids"
"21","142302.47","2218.73","2016-07-31 00:00:00","1.6","78075.95","12112.22","49895.57","44479.98","3058.86","2356.73","conventional","GrandRapids"
"22","149002.57","2349.93","2016-07-24 00:00:00","1.6","66146.5","26206.73","54299.41","40486.7","3842.5","9970.21","conventional","GrandRapids"
"24","133747.66","1971.43","2016-07-10 00:00:00","1.6","70502.43","21317.82","39955.98","25889.86","4005.05","10061.07","conventional","GrandRapids"
"9","195809.34","35724.11","2016-10-23 00:00:00","1.6","99575.79","113.66","60395.78","60146.33","186.95","62.5","conventional","HarrisburgScranton"
"21","3813808.25","224803.7","2016-07-31 00:00:00","1.6","2213892.51","57230.15","1317881.89","1265795.04","33486.76","18600.09","conventional","Northeast"
"21","68311.05","1970.63","2016-07-31 00:00:00","1.6","47609.54","10.23","18720.65","18175.65","0","545","conventional","Syracuse"
"41","92774.61","2332.96","2017-03-19 00:00:00","1.6","72033.15","140.57","18267.93","8302.27","9965.66","0","conventional","Albany"
"12","411520.44","213442.97","2017-10-08 00:00:00","1.6","32020.48","51.1","166005.89","100702.03","65197.74","106.12","conventional","Atlanta"
"10","672066.53","60120.62","2017-10-22 00:00:00","1.6","418176.99","4523.13","189245.79","184656.12","4545.23","44.44","conventional","BaltimoreWashington"
"26","672614.37","57584.22","2017-07-02 00:00:00","1.6","397714.06","6602.84","210713.25","182308.65","14659.6","13745","conventional","BaltimoreWashington"
"40","739376.32","70467.54","2017-03-26 00:00:00","1.6","462479.21","7285.09","199144.48","196644.22","1950.26","550","conventional","BaltimoreWashington"
"42","763783.58","72820.1","2017-03-12 00:00:00","1.6","476272.3","9389.51","205301.67","202870.46","2051.49","379.72","conventional","BaltimoreWashington"
"30","145203.51","1453.91","2017-06-04 00:00:00","1.6","80512.88","57.58","63179.14","59568.9","1656.91","1953.33","conventional","BuffaloRochester"
"29","807370.03","87526.68","2017-06-11 00:00:00","1.6","514710.25","122729.21","82403.89","76117.78","1456","4830.11","conventional","Chicago"
"33","792532.64","99653.4","2017-05-14 00:00:00","1.6","470279.57","147524.4","75075.27","68906.93","2127.03","4041.31","conventional","Chicago"
"12","537932.73","133463.1","2017-10-08 00:00:00","1.6","140121.62","177.88","264170.13","102204.57","161965.56","0","conventional","Denver"
"14","499761.73","125319.71","2017-09-24 00:00:00","1.6","161435.81","191.97","212814.24","75919.39","136894.85","0","conventional","Denver"
"12","217988.15","7540.43","2017-10-08 00:00:00","1.6","159211.65","174.29","51061.78","50139.83","921.95","0","conventional","HartfordSpringfield"
"13","250057.54","6770.97","2017-10-01 00:00:00","1.6","189987.47","76.86","53222.24","51546.23","1676.01","0","conventional","HartfordSpringfield"
"21","262304.2","5057.28","2017-08-06 00:00:00","1.6","200007.7","223.22","57016","52868.61","2359.61","1787.78","conventional","HartfordSpringfield"
"14","2466210.08","494295.13","2017-09-24 00:00:00","1.6","1150979.86","19549.26","801385.83","704199.37","96708.78","477.68","conventional","Midsouth"
"35","4289149.75","286828.17","2017-04-30 00:00:00","1.6","2806975.81","14226.06","1181119.71","986234.23","184172.2","10713.28","conventional","Northeast"
"38","4313430.98","221283.06","2017-04-09 00:00:00","1.6","2750988.26","12498.1","1328661.56","1082688.19","242674.12","3299.25","conventional","Northeast"
"42","3779295.69","166067.6","2017-03-12 00:00:00","1.6","2452508.05","28153.1","1132566.94","852503.25","276859.52","3204.17","conventional","Northeast"
"12","84870.68","35817.02","2017-10-08 00:00:00","1.6","10330.12","1240.8","37482.74","29940.23","7542.51","0","conventional","Pittsburgh"
"16","1534772.16","677031.99","2017-09-10 00:00:00","1.6","369718.92","5851.96","482169.29","440426.06","40820.99","922.24","conventional","Plains"
"36","370499.27","140311.55","2017-04-23 00:00:00","1.6","183045.02","1050.45","46092.25","44010.19","117.06","1965","conventional","Sacramento"
"11","63283.44","15839","2017-10-15 00:00:00","1.6","26443.4","98.77","20902.27","13661.48","7156.18","84.61","conventional","Spokane"
"19","168054.68","77753.47","2017-08-20 00:00:00","1.6","20659.5","233.13","69408.58","60881.95","5823.82","2702.81","conventional","StLouis"
"32","65540.84","954.42","2017-05-21 00:00:00","1.6","39537.45","25","25023.97","22216.56","2684.08","123.33","conventional","Syracuse"
"37","75156.9","2160.01","2017-04-16 00:00:00","1.6","40347.49","18.69","32630.71","29196.51","3434.2","0","conventional","Syracuse"
"39","75253.52","2542.88","2017-04-02 00:00:00","1.6","40061.88","8","32640.76","22629.71","10011.05","0","conventional","Syracuse"
"24","5946.34","1501.4","2015-07-12 00:00:00","1.6","2208.56","0","2236.38","608.67","1627.71","0","organic","Atlanta"
"8","9421.09","3323.3","2015-11-01 00:00:00","1.6","4105.67","687.55","1304.57","935.87","368.7","0","organic","BaltimoreWashington"
"15","11772.43","1450.32","2015-09-13 00:00:00","1.6","5418.35","698.25","4205.51","4202.73","2.78","0","organic","BaltimoreWashington"
"17","12626.2","2524.44","2015-08-30 00:00:00","1.6","5164.04","715.02","4222.7","4219.94","2.76","0","organic","BaltimoreWashington"
"4","2261.52","16.57","2015-11-29 00:00:00","1.6","129.95","0","2115","2096.59","18.41","0","organic","BuffaloRochester"
"20","2743.42","30.97","2015-08-09 00:00:00","1.6","188.59","0","2523.86","2510.63","13.23","0","organic","BuffaloRochester"
"48","1480.91","16.46","2015-01-25 00:00:00","1.6","90.53","0","1373.92","1373.92","0","0","organic","BuffaloRochester"
"5","89062.36","14803.41","2015-11-22 00:00:00","1.6","51282.8","0","22976.15","22516.44","459.71","0","organic","California"
"8","104331.19","20050.21","2015-11-01 00:00:00","1.6","63408.14","0","20872.84","20158.5","714.34","0","organic","California"
"8","24450.48","936.9","2015-11-01 00:00:00","1.6","23373.58","0","140","140","0","0","organic","Chicago"
"14","26935.23","1188.26","2015-09-20 00:00:00","1.6","25203.64","0","543.33","543.33","0","0","organic","Chicago"
"17","30663.55","1065.92","2015-08-30 00:00:00","1.6","29017.63","0","580","580","0","0","organic","Chicago"
"8","1640.89","984.57","2015-11-01 00:00:00","1.6","506.83","0","149.49","103.33","46.16","0","organic","GrandRapids"
"51","1012.61","23.59","2015-01-04 00:00:00","1.6","772.85","0","216.17","210","6.17","0","organic","GrandRapids"
"3","71502.74","7269.3","2015-12-06 00:00:00","1.6","53935.3","3.12","10295.02","5915.04","4379.98","0","organic","GreatLakes"
"10","75238.38","9125.57","2015-10-18 00:00:00","1.6","50799.97","0","15312.84","6138.54","9174.3","0","organic","GreatLakes"
"11","69918.93","6468.53","2015-10-11 00:00:00","1.6","50913.46","0","12536.94","5310.04","7226.9","0","organic","GreatLakes"
"42","74152.81","3590.18","2015-03-08 00:00:00","1.6","46265.47","10.54","24286.62","20700.55","3586.07","0","organic","GreatLakes"
"42","6095.01","18.08","2015-03-08 00:00:00","1.6","353.34","0","5723.59","5723.59","0","0","organic","HarrisburgScranton"
"25","10492.77","4751.99","2015-07-05 00:00:00","1.6","5225.48","0","515.3","235.16","280.14","0","organic","LasVegas"
"47","7634.17","4366.54","2015-02-01 00:00:00","1.6","2884.3","0","383.33","383.33","0","0","organic","LasVegas"
"16","40540.88","16410.64","2015-09-06 00:00:00","1.6","16444.08","0","7686.16","7686.16","0","0","organic","LosAngeles"
"0","51768.23","2070.07","2015-12-27 00:00:00","1.6","25260.38","2431.47","22006.31","11522.75","10483.56","0","organic","Midsouth"
"28","75740.17","8396.47","2015-06-14 00:00:00","1.6","33250.84","4677.73","29415.13","20211.79","9203.34","0","organic","Midsouth"
"2","1529.16","424.7","2015-12-13 00:00:00","1.6","0","0","1104.46","1104.46","0","0","organic","NewOrleansMobile"
"33","1417.42","348.97","2015-05-10 00:00:00","1.6","0","0","1068.45","1065.12","3.33","0","organic","NewOrleansMobile"
"46","2253.42","427.12","2015-02-08 00:00:00","1.6","371.43","0","1454.87","1138.48","316.39","0","organic","Pittsburgh"
"0","32041.32","3224.07","2015-12-27 00:00:00","1.6","13453.09","1672.35","13691.81","5921.08","7770.73","0","organic","Plains"
"30","9214.37","244.24","2015-05-31 00:00:00","1.6","5424.93","1038.16","2507.04","2150.81","356.23","0","organic","RaleighGreensboro"
"39","5559.67","214.19","2015-03-29 00:00:00","1.6","3073.68","486.7","1785.1","1721.22","63.88","0","organic","RichmondNorfolk"
"12","5828.18","54.08","2015-10-04 00:00:00","1.6","4018.33","0","1755.77","583.33","1172.44","0","organic","Roanoke"
"20","7947.92","93.25","2015-08-09 00:00:00","1.6","5320.38","0","2534.29","1270","1264.29","0","organic","Roanoke"
"42","9666.61","4923.8","2015-03-08 00:00:00","1.6","4582.74","0","160.07","160.07","0","0","organic","Sacramento"
"47","35085.7","8698.27","2015-02-01 00:00:00","1.6","9368.82","804.65","16213.96","14673.34","1540.62","0","organic","Southeast"
"7","1552.91","3","2015-11-08 00:00:00","1.6","138.07","0","1411.84","1408.51","3.33","0","organic","Syracuse"
"9","1566.33","0","2015-10-25 00:00:00","1.6","91.58","0","1474.75","1474.75","0","0","organic","Syracuse"
"16","2097.4","0","2015-09-06 00:00:00","1.6","107.49","0","1989.91","1989.91","0","0","organic","Syracuse"
"42","1884.54","2.47","2015-03-08 00:00:00","1.6","162.95","0","1719.12","1719.12","0","0","organic","Syracuse"
"6","511347.26","109494.19","2015-11-15 00:00:00","1.6","225216.4","3599.71","173036.96","120815.93","52221.03","0","organic","TotalUS"
"39","674551.02","193273.88","2015-03-29 00:00:00","1.6","324919.62","5794.39","150563.13","113703.56","36859.57","0","organic","TotalUS"
"31","203951.84","90538","2015-05-24 00:00:00","1.6","69103.55","86.82","44223.47","7078.29","37145.18","0","organic","West"
"35","11075.85","3654.28","2015-04-19 00:00:00","1.6","4477.34","0","2944.23","1770","1174.23","0","organic","WestTexNewMexico"
"26","12442.73","1.22","2016-06-26 00:00:00","1.6","488.12","0","11953.39","10365.56","1587.83","0","organic","Boston"
"13","1855.17","33.41","2016-09-25 00:00:00","1.6","184.97","0","1636.79","1636.79","0","0","organic","BuffaloRochester"
"29","6062.33","343.3","2016-06-05 00:00:00","1.6","2507.58","694.74","2516.71","2513.38","3.33","0","organic","Charlotte"
"37","5734.3","351.95","2016-04-10 00:00:00","1.6","2597.02","625.44","2159.89","2159.89","0","0","organic","Charlotte"
"43","34164.85","918.49","2016-02-28 00:00:00","1.6","32243.52","0","1002.84","1002.84","0","0","organic","Chicago"
"46","31000.01","872.31","2016-02-07 00:00:00","1.6","29897.7","0","230","230","0","0","organic","Chicago"
"23","21484.6","15310.96","2016-07-17 00:00:00","1.6","3457.28","20.6","2695.76","2665.76","30","0","organic","Denver"
"32","1891.39","42.3","2016-05-15 00:00:00","1.6","1296.57","0","552.52","537.94","14.58","0","organic","GrandRapids"
"33","6605.29","169.6","2016-05-08 00:00:00","1.6","177.87","17.99","6239.83","5685.23","554.6","0","organic","HarrisburgScranton"
"43","1901.93","347.96","2016-02-28 00:00:00","1.6","1077.57","0","476.4","433.33","43.07","0","organic","Indianapolis"
"4","2084.95","15.57","2016-11-27 00:00:00","1.6","2.71","0","2066.67","2036.67","30","0","organic","MiamiFtLauderdale"
"5","2157.46","6.44","2016-11-20 00:00:00","1.6","17.68","0","2133.34","2113.34","20","0","organic","MiamiFtLauderdale"
"24","105955.43","3422.52","2016-07-10 00:00:00","1.6","52485.19","3438.89","46608.83","28960.77","17648.06","0","organic","Midsouth"
"36","12342.22","0","2016-04-17 00:00:00","1.6","263.91","0","12078.31","12078.31","0","0","organic","NorthernNewEngland"
"34","5699.71","2123.26","2016-05-01 00:00:00","1.6","145.2","0","3431.25","3431.25","0","0","organic","Orlando"
"39","5298.14","2980.74","2016-03-27 00:00:00","1.6","110.73","0","2206.67","2206.67","0","0","organic","Orlando"
"46","9473.34","5808.71","2016-02-07 00:00:00","1.6","991.9","0","2672.73","2400.51","272.22","0","organic","PhoenixTucson"
"1","41255.97","4281.68","2016-12-18 00:00:00","1.6","11382.93","2389.77","23201.59","16449.77","6751.82","0","organic","Plains"
"48","17724.75","1555.39","2016-01-24 00:00:00","1.6","8077.81","15.01","8076.54","0","8076.54","0","organic","Portland"
"0","8198.42","169.38","2016-12-25 00:00:00","1.6","3060.27","369.81","4598.96","4526.08","72.88","0","organic","RaleighGreensboro"
"1","6604.78","209.88","2016-12-18 00:00:00","1.6","2560.94","291.87","3542.09","3393.19","148.9","0","organic","RaleighGreensboro"
"11","8734.25","614.22","2016-10-09 00:00:00","1.6","2496.72","312.54","5310.77","4261.03","1049.74","0","organic","SouthCarolina"
"15","12458.37","757.79","2016-09-11 00:00:00","1.6","3868.48","309.62","7522.48","6648.44","874.04","0","organic","SouthCarolina"
"16","11353.45","752.61","2016-09-04 00:00:00","1.6","3665.9","323.68","6611.26","5534.06","1077.2","0","organic","SouthCarolina"
"18","12593.77","985.59","2016-08-21 00:00:00","1.6","3391.77","482.81","7733.6","7072.24","661.36","0","organic","SouthCarolina"
"50","6107.02","691.1","2016-01-10 00:00:00","1.6","2094.93","360.62","2960.37","2748.16","212.21","0","organic","SouthCarolina"
"10","8973.5","2383.54","2016-10-16 00:00:00","1.6","1980.2","0","4609.76","836.11","3773.65","0","organic","StLouis"
"11","1007.51","0","2016-10-09 00:00:00","1.6","68.44","0","939.07","939.07","0","0","organic","Syracuse"
"13","1233.92","0","2016-09-25 00:00:00","1.6","97.67","0","1136.25","1136.25","0","0","organic","Syracuse"
"23","2561.43","0","2016-07-17 00:00:00","1.6","188.49","0","2372.94","1618.42","754.52","0","organic","Syracuse"
"47","3198.3","1598.53","2016-01-31 00:00:00","1.6","35.88","0","1563.89","1563.89","0","0","organic","Tampa"
"50","3428.28","1487.74","2016-01-10 00:00:00","1.6","16.13","0","1924.41","1770","154.41","0","organic","Tampa"
"28","183825.41","73423.24","2016-06-12 00:00:00","1.6","87335.68","755.62","22310.87","11351.58","10959.29","0","organic","West"
"11","56559.22","939.94","2017-10-15 00:00:00","1.6","8821.8","68.85","46728.63","46728.63","0","0","organic","BaltimoreWashington"
"22","41846.93","1117.3","2017-07-30 00:00:00","1.6","8371.18","115.39","32243.06","32243.06","0","0","organic","BaltimoreWashington"
"11","37877.39","14.85","2017-10-15 00:00:00","1.6","1420.26","0","36442.28","36442.28","0","0","organic","Boston"
"36","197179.76","28028.44","2017-04-23 00:00:00","1.6","69003.58","4.7","100143.04","86815.31","13327.73","0","organic","California"
"45","36645.7","324.96","2017-02-19 00:00:00","1.6","28155.69","0","8165.05","8165.05","0","0","organic","Chicago"
"24","22729.11","666.92","2017-07-16 00:00:00","1.6","4375.81","0","17553.37","10835.66","6717.71","0","organic","Detroit"
"19","133248.29","3356.9","2017-08-20 00:00:00","1.6","26728.65","4.85","102918.29","83092.11","19826.18","0","organic","GreatLakes"
"23","10430.79","102.46","2017-07-23 00:00:00","1.6","2950.41","0","7360.84","2825.97","4534.87","0","organic","Indianapolis"
"51","2916.96","189.89","2017-01-08 00:00:00","1.6","1297.6","0","1429.47","1278.26","151.21","0","organic","Indianapolis"
"23","5061.01","0","2017-07-23 00:00:00","1.6","1441.91","0","3619.1","868.53","2750.57","0","organic","Louisville"
"50","1959.1","13.85","2017-01-15 00:00:00","1.6","1318.58","0","626.67","626.67","0","0","organic","Louisville"
"0","152399.77","2528.46","2017-12-31 00:00:00","1.6","37771.11","861.76","111238.44","102542.42","8696.02","0","organic","Midsouth"
"10","3456.59","83.45","2017-10-22 00:00:00","1.6","125.29","0","3247.85","3234.45","13.4","0","organic","NewOrleansMobile"
"40","3838.3","233.24","2017-03-26 00:00:00","1.6","0","0","3605.06","3380","225.06","0","organic","NewOrleansMobile"
"3","251595.19","16117.35","2017-12-10 00:00:00","1.6","32493.29","108.86","202875.69","182493.69","20382","0","organic","Northeast"
"47","10860.38","1.31","2017-02-05 00:00:00","1.6","304.11","0","10554.96","10554.96","0","0","organic","NorthernNewEngland"
"2","5835.48","111.2","2017-12-17 00:00:00","1.6","704.26","0","5020.02","4869.99","150.03","0","organic","Orlando"
"3","5703.21","93.53","2017-12-10 00:00:00","1.6","721.9","0","4887.78","4884.45","3.33","0","organic","Orlando"
"0","21941.34","1822.05","2017-12-31 00:00:00","1.6","2761.23","4.91","17353.15","17347.57","5.58","0","organic","Philadelphia"
"1","23574.9","2183.15","2017-12-24 00:00:00","1.6","3355.58","8.85","18027.32","17975.35","51.97","0","organic","Philadelphia"
"47","48964.14","3181.84","2017-02-05 00:00:00","1.6","19535.39","151.77","26095.14","15341.1","10754.04","0","organic","Plains"
"11","15559.82","323.77","2017-10-15 00:00:00","1.6","2409.46","66.32","12760.27","11870.29","889.98","0","organic","RichmondNorfolk"
"13","14274.34","250.53","2017-10-01 00:00:00","1.6","2545.53","18.17","11460.11","10711.65","748.46","0","organic","RichmondNorfolk"
"31","12214.35","771.94","2017-05-28 00:00:00","1.6","4134.06","160.29","7148.06","2792.14","4355.92","0","organic","RichmondNorfolk"
"50","5398.97","194.17","2017-01-15 00:00:00","1.6","3113.34","0","2091.46","2091.46","0","0","organic","Roanoke"
"47","7712.27","2241.28","2017-02-05 00:00:00","1.6","5057.01","0","413.98","413.98","0","0","organic","Sacramento"
"8","16452.21","761.73","2017-11-05 00:00:00","1.6","10819.54","0","4870.94","4870.94","0","0","organic","SanDiego"
"29","60009.35","1631.85","2017-06-11 00:00:00","1.6","14860.39","0","43517.11","433.06","43084.05","0","organic","Seattle"
"18","3287.16","31.26","2017-08-27 00:00:00","1.6","23.68","0","3232.22","3225.55","6.67","0","organic","Tampa"
"21","3054.66","31.97","2017-08-06 00:00:00","1.6","64.92","0","2957.77","2951.1","6.67","0","organic","Tampa"
"23","19144.32","1832.11","2017-07-23 00:00:00","1.6","4752.03","1914.09","10646.09","10577.95","68.14","0","organic","WestTexNewMexico"
"24","19126.81","1763.86","2017-07-16 00:00:00","1.6","4382.01","2211.74","10769.2","10652.21","116.99","0","organic","WestTexNewMexico"
"9","18364.37","678.73","2018-01-21 00:00:00","1.6","5179.83","0","12505.81","2688.54","9817.27","0","organic","CincinnatiDayton"
"0","24825.5","6516.4","2018-03-25 00:00:00","1.6","685.92","44.09","17579.09","16514.58","1064.51","0","organic","Denver"
"1","4077.51","87.69","2018-03-18 00:00:00","1.6","667.47","3.93","3318.42","2769.35","549.07","0","organic","Jacksonville"
"7","100274.88","12267.41","2018-02-04 00:00:00","1.6","21472.21","0","66535.26","66486.1","49.16","0","organic","LosAngeles"
"9","4170.14","1","2018-01-21 00:00:00","1.6","1008.63","0","3160.51","1596.03","1564.48","0","organic","Louisville"
"4","10821.89","652.89","2018-02-25 00:00:00","1.6","894.42","0","9274.58","7767.78","1506.8","0","organic","MiamiFtLauderdale"
"6","157203.29","2778.55","2018-02-11 00:00:00","1.6","41083.21","661.32","112680.21","108074.63","4605.58","0","organic","Midsouth"
"4","19089.16","4845.86","2018-02-25 00:00:00","1.6","3196.8","0","11046.5","11031.95","14.55","0","organic","PhoenixTucson"
"0","9097.89","82.57","2018-03-25 00:00:00","1.6","1984.01","0","7031.31","6152.25","879.06","0","organic","Roanoke"
"10","9939.69","3653.04","2018-01-14 00:00:00","1.6","4484.42","0","1802.23","1802.23","0","0","organic","Sacramento"
"1","5793.89","242.52","2018-03-18 00:00:00","1.6","1753.53","0","3797.84","837.78","2947.85","12.21","organic","Spokane"
"3","5305.01","461.71","2018-03-04 00:00:00","1.6","2076.61","0","2766.69","755.97","2010.72","0","organic","Spokane"
"0","271723.08","26996.28","2018-03-25 00:00:00","1.6","77861.39","117.56","166747.85","87108","79495.39","144.46","organic","West"
"15","73043.2","1572.71","2015-09-13 00:00:00","1.59","48468.73","134.33","22867.43","22421.87","445.56","0","conventional","BuffaloRochester"
"18","610212.92","129106.61","2015-08-23 00:00:00","1.59","380934.57","27089.79","73081.95","72131.45","950.5","0","conventional","SanFrancisco"
"19","618237.58","145519.47","2015-08-16 00:00:00","1.59","364968.69","27530.5","80218.92","79372.32","846.6","0","conventional","SanFrancisco"
"11","676188.97","72775.7","2016-10-09 00:00:00","1.59","395481.19","20639.81","187292.27","185599.01","1332.15","361.11","conventional","BaltimoreWashington"
"12","459163.77","20871.74","2016-10-02 00:00:00","1.59","340342.71","5003.77","92945.55","92945.55","0","0","conventional","Boston"
"6","118566.57","1340.96","2016-11-13 00:00:00","1.59","62841.77","2934.42","51449.42","50551.78","892.44","5.2","conventional","GrandRapids"
"20","145207.86","2219.98","2016-08-07 00:00:00","1.59","72545.05","19401.04","51041.79","42209.88","3446.15","5385.76","conventional","GrandRapids"
"8","171652.4","35332.98","2016-10-30 00:00:00","1.59","78894.91","87.59","57336.92","56958.76","378.16","0","conventional","HarrisburgScranton"
"17","287629.57","3266.96","2016-08-28 00:00:00","1.59","209240.07","277.62","74844.92","72124.66","1646.84","1073.42","conventional","HartfordSpringfield"
"9","437488.84","164118.89","2016-10-23 00:00:00","1.59","125399.44","247.99","147722.52","39215.23","108323.96","183.33","conventional","MiamiFtLauderdale"
"5","1093097.04","16970.61","2016-11-20 00:00:00","1.59","732069.33","2999.16","341057.94","303438.25","35803.02","1816.67","conventional","NewYork"
"12","3257752.57","208054.74","2016-10-02 00:00:00","1.59","2048824.18","17032.95","983840.7","922618.7","60122.74","1099.26","conventional","Northeast"
"9","253163.64","82312.9","2016-10-23 00:00:00","1.59","127356.96","1930.47","41563.31","36824","2029.31","2710","conventional","Sacramento"
"7","38868.74","922.36","2016-11-06 00:00:00","1.59","26701.99","31.15","11213.24","11213.24","0","0","conventional","Syracuse"
"49","128679.24","4119.94","2017-01-22 00:00:00","1.59","111173.08","2191.71","11194.51","11060.19","125.5","8.82","conventional","Albany"
"15","392935.2","204374.88","2017-09-17 00:00:00","1.59","47135.66","92.68","141331.98","90750.39","50425.52","156.07","conventional","Atlanta"
"13","705451.5","57840.63","2017-10-01 00:00:00","1.59","461605.2","4777.48","181228.19","167895.87","13332.32","0","conventional","BaltimoreWashington"
"14","676498.82","58682.06","2017-09-24 00:00:00","1.59","451995.87","4487.7","161333.19","158072.68","3260.51","0","conventional","BaltimoreWashington"
"33","731952.61","67663.32","2017-05-14 00:00:00","1.59","394707.17","6178.07","263404.05","259582.13","2476.09","1345.83","conventional","BaltimoreWashington"
"11","418233.95","20138.49","2017-10-15 00:00:00","1.59","331423.32","2218.03","64454.11","57500.31","6953.8","0","conventional","Boston"
"23","752799.06","79551.49","2017-07-23 00:00:00","1.59","459858.58","127440.73","85948.26","73112.31","7949.29","4886.66","conventional","Chicago"
"10","230384.71","57747.31","2017-10-22 00:00:00","1.59","39113.6","10512.03","123011.77","106301.97","15915.31","794.49","conventional","Detroit"
"7","110784","2585","2017-11-12 00:00:00","1.59","49202","17062","41935","31462","8517","1957","conventional","GrandRapids"
"14","228615.67","4809.81","2017-09-24 00:00:00","1.59","181192.01","81.52","42532.33","41353.71","1178.62","0","conventional","HartfordSpringfield"
"23","264308.37","8142.48","2017-07-23 00:00:00","1.59","201585.67","62.7","54517.52","49946.51","3071.01","1500","conventional","HartfordSpringfield"
"24","265615.87","10004.17","2017-07-16 00:00:00","1.59","205771.6","129.66","49710.44","46745.57","1544.87","1420","conventional","HartfordSpringfield"
"44","259318.66","11083.37","2017-02-26 00:00:00","1.59","193422.27","350.5","54462.52","51393.77","3068.75","0","conventional","HartfordSpringfield"
"10","558315.26","378185.3","2017-10-22 00:00:00","1.59","61183.38","183.75","118762.83","61151.44","57611.39","0","conventional","MiamiFtLauderdale"
"14","3424954.07","264819.64","2017-09-24 00:00:00","1.59","2218374.38","6873.95","934886.1","781772.69","153032.17","81.24","conventional","Northeast"
"36","3846196.3","244168.62","2017-04-23 00:00:00","1.59","2440599.66","12331.97","1149096.05","892014.05","250892.4","6189.6","conventional","Northeast"
"41","3768359.35","176542.27","2017-03-19 00:00:00","1.59","2451289.31","30573.3","1109954.47","910785.79","192548.68","6620","conventional","Northeast"
"15","281832.66","17182.07","2017-09-17 00:00:00","1.59","213664.48","1190.12","49795.99","18883.66","30805.66","106.67","conventional","NorthernNewEngland"
"21","462412.85","7918.05","2017-08-06 00:00:00","1.59","369483.25","4703.97","80307.58","22061.56","55252.69","2993.33","conventional","NorthernNewEngland"
"39","297788.72","179139.67","2017-04-02 00:00:00","1.59","38059.95","60.25","80528.85","45744.07","34620.34","164.44","conventional","Orlando"
"25","406120.55","44522.78","2017-07-09 00:00:00","1.59","225551.84","494.66","135551.27","111684.04","18000.56","5866.67","conventional","Philadelphia"
"13","112518.2","25019","2017-10-01 00:00:00","1.59","35234.94","85.57","52178.69","45303.82","6874.87","0","conventional","Roanoke"
"28","448930.73","164647.72","2017-06-18 00:00:00","1.59","215644.64","10699.93","57938.44","53795.49","757.39","3385.56","conventional","Sacramento"
"41","372216.08","126853.44","2017-03-19 00:00:00","1.59","190505.63","1309.84","53547.17","51316.97","38.6","2191.6","conventional","Sacramento"
"43","672242.8","234739.54","2017-03-05 00:00:00","1.59","334851.44","12269.88","90381.94","86669.71","1172.75","2539.48","conventional","SanFrancisco"
"16","72483.1","2235.35","2017-09-10 00:00:00","1.59","45425.83","26.6","24795.32","21065.46","2169.86","1560","conventional","Syracuse"
"41","68447.26","1084.6","2017-03-19 00:00:00","1.59","40909.74","6","26446.92","22773.41","3673.51","0","conventional","Syracuse"
"43","292544.83","166308.01","2017-03-05 00:00:00","1.59","49556.55","33.91","76646.36","42018.46","34621.23","6.67","conventional","Tampa"
"14","3842682.36","1450858.85","2017-09-24 00:00:00","1.59","1006684.68","42995.08","1342143.75","764285.55","575719.82","2138.38","conventional","West"
"46","1770.87","27.36","2015-02-08 00:00:00","1.59","152.74","0","1590.77","1590.77","0","0","organic","Albany"
"9","11223.38","998.73","2015-10-25 00:00:00","1.59","6750.34","768.94","2705.37","926.69","1778.68","0","organic","BaltimoreWashington"
"41","11586.41","6527.12","2015-03-15 00:00:00","1.59","3390.64","745.35","923.3","923.3","0","0","organic","BaltimoreWashington"
"6","1852.24","2.38","2015-11-15 00:00:00","1.59","117.99","0","1731.87","1731.87","0","0","organic","BuffaloRochester"
"50","2078.49","0","2015-01-11 00:00:00","1.59","143.51","0","1934.98","1934.98","0","0","organic","BuffaloRochester"
"6","97265.23","16244.94","2015-11-15 00:00:00","1.59","59089.47","0","21930.82","21274.01","656.81","0","organic","California"
"2","24059.71","876.48","2015-12-13 00:00:00","1.59","23109.9","0","73.33","73.33","0","0","organic","Chicago"
"3","27081.13","819.66","2015-12-06 00:00:00","1.59","26104.8","0","156.67","156.67","0","0","organic","Chicago"
"4","22168.32","457.29","2015-11-29 00:00:00","1.59","21677.7","0","33.33","33.33","0","0","organic","Chicago"
"7","26247.16","643.23","2015-11-08 00:00:00","1.59","24713.93","0","890","890","0","0","organic","Chicago"
"21","27490.93","614.02","2015-08-02 00:00:00","1.59","26526.91","0","350","350","0","0","organic","Chicago"
"15","14448.15","458.07","2015-09-13 00:00:00","1.59","12290.62","0","1699.46","460","1239.46","0","organic","CincinnatiDayton"
"20","14774.26","289.65","2015-08-09 00:00:00","1.59","12902.16","0","1582.45","346.67","1235.78","0","organic","CincinnatiDayton"
"25","15077.62","250.57","2015-07-05 00:00:00","1.59","12154.91","0","2672.14","640","2032.14","0","organic","CincinnatiDayton"
"2","2253.92","330.43","2015-12-13 00:00:00","1.59","1469.69","0","453.8","169.47","284.33","0","organic","Columbus"
"36","8122.45","391.97","2015-04-19 00:00:00","1.59","5966.03","0","1764.45","1058.6","705.85","0","organic","Detroit"
"36","1377.1","0","2015-04-19 00:00:00","1.59","963.77","0","413.33","413.33","0","0","organic","GrandRapids"
"8","75586.78","7785.24","2015-11-01 00:00:00","1.59","54952.19","261.3","12588.05","5592.13","6995.92","0","organic","GreatLakes"
"18","107306.08","16868.78","2015-08-23 00:00:00","1.59","74972.26","4.72","15460.32","6945.82","8514.5","0","organic","GreatLakes"
"26","71801.27","3449.4","2015-06-28 00:00:00","1.59","58422.4","3.16","9926.31","4277.9","5648.41","0","organic","GreatLakes"
"24","39171.61","18271.83","2015-07-12 00:00:00","1.59","13741.41","1.59","7156.78","7147.96","8.82","0","organic","LosAngeles"
"38","1517.39","4.82","2015-04-05 00:00:00","1.59","896.16","0","616.41","330","286.41","0","organic","Louisville"
"7","84.56","3.95","2015-11-08 00:00:00","1.59","3.95","0","76.66","73.33","3.33","0","organic","MiamiFtLauderdale"
"3","43426.6","1765.38","2015-12-06 00:00:00","1.59","24285.58","2239.72","15135.92","7305.22","7830.7","0","organic","Midsouth"
"7","5305.71","585.42","2015-11-08 00:00:00","1.59","3241.54","0","1478.75","1103.33","375.42","0","organic","Nashville"
"16","2570.94","280.42","2015-09-06 00:00:00","1.59","136.82","0","2153.7","2153.7","0","0","organic","NewOrleansMobile"
"22","1341.9","339.87","2015-07-26 00:00:00","1.59","76.13","0","925.9","877.56","48.34","0","organic","NewOrleansMobile"
"4","48901.36","2430.46","2015-11-29 00:00:00","1.59","9533.76","710.99","36226.15","24764.03","11462.12","0","organic","Northeast"
"44","10924.58","8585.87","2015-02-22 00:00:00","1.59","1454.55","0","884.16","866.67","17.49","0","organic","PhoenixTucson"
"11","6683.43","42.36","2015-10-11 00:00:00","1.59","2450.97","861.5","3328.6","2405.52","923.08","0","organic","RaleighGreensboro"
"20","7908.2","139.83","2015-08-09 00:00:00","1.59","4351.68","564.15","2852.54","2290","562.54","0","organic","RichmondNorfolk"
"45","3487.35","126.73","2015-02-15 00:00:00","1.59","1701.25","408.87","1250.5","1070","180.5","0","organic","RichmondNorfolk"
"1","3569.54","47.01","2015-12-20 00:00:00","1.59","3008.82","0","513.71","495.93","17.78","0","organic","Roanoke"
"37","61024.8","8715.25","2015-04-12 00:00:00","1.59","48802.16","45.41","3461.98","2.52","3459.46","0","organic","Seattle"
"45","37469","11802.78","2015-02-15 00:00:00","1.59","22861.04","51.25","2753.93","116.04","2637.89","0","organic","Seattle"
"44","37584.04","10316.9","2015-02-22 00:00:00","1.59","15076.29","586.36","11604.49","9686.67","1917.82","0","organic","Southeast"
"0","1723.36","41.54","2015-12-27 00:00:00","1.59","1206.17","0","475.65","12.85","462.8","0","organic","Spokane"
"27","4436.79","872.72","2015-06-21 00:00:00","1.59","3564.07","0","0","0","0","0","organic","Spokane"
"4","1023.37","4","2015-11-29 00:00:00","1.59","39.83","0","979.54","979.54","0","0","organic","Syracuse"
"43","2108.82","0","2015-03-01 00:00:00","1.59","98.86","0","2009.96","2009.96","0","0","organic","Syracuse"
"31","714266.31","234692.14","2015-05-24 00:00:00","1.59","293553.99","6911.26","179108.92","116181.11","62927.81","0","organic","TotalUS"
"36","675907.97","215283.51","2015-04-19 00:00:00","1.59","301783.5","6465.74","152375.22","113428.19","38947.03","0","organic","TotalUS"
"9","140994.25","27321.04","2015-10-25 00:00:00","1.59","49103.5","121.41","64448.3","5154.29","59294.01","0","organic","West"
"26","228925.49","72925.55","2015-06-28 00:00:00","1.59","121231.87","210.81","34557.26","4069.12","30488.14","0","organic","West"
"41","10407.27","2757.69","2015-03-08 00:00:00","1.59","2923.89","0","4725.69","4715.39","10.3","0","organic","WestTexNewMexico"
"32","1259.86","17.4","2016-05-15 00:00:00","1.59","367.82","0","874.64","874.64","0","0","organic","Albany"
"45","5737.5","1825.41","2016-02-14 00:00:00","1.59","2428.43","0","1483.66","346.67","1136.99","0","organic","Atlanta"
"49","14367.76","527.87","2016-01-17 00:00:00","1.59","7394.43","316.27","6129.19","910.27","5218.92","0","organic","BaltimoreWashington"
"28","1782.87","0","2016-06-12 00:00:00","1.59","1092.93","0","689.94","380","309.94","0","organic","Boise"
"6","9660.96","22.07","2016-11-13 00:00:00","1.59","1133.09","0","8505.8","8505.8","0","0","organic","Boston"
"24","12513.05","17.34","2016-07-10 00:00:00","1.59","461.48","0","12034.23","11196.41","837.82","0","organic","Boston"
"30","12652.15","8.02","2016-05-29 00:00:00","1.59","713.52","0","11930.61","10705.13","1225.48","0","organic","Boston"
"36","12779.06","0","2016-04-17 00:00:00","1.59","634.43","0","12144.63","10973.33","1171.3","0","organic","Boston"
"39","13143.32","2.41","2016-03-27 00:00:00","1.59","805.16","0","12335.75","11614.15","721.6","0","organic","Boston"
"40","11665.94","7.24","2016-03-20 00:00:00","1.59","760.15","0","10898.55","10018.46","880.09","0","organic","Boston"
"41","10556.46","3.62","2016-03-13 00:00:00","1.59","670.92","0","9881.92","8439.68","1442.24","0","organic","Boston"
"45","9526.6","9.6","2016-02-14 00:00:00","1.59","711.45","0","8805.55","8456.29","349.26","0","organic","Boston"
"23","192800.93","21165.43","2016-07-17 00:00:00","1.59","91337.45","7.76","80290.29","80258.73","31.56","0","organic","California"
"1","7485.47","128.87","2016-12-18 00:00:00","1.59","2824.38","517.67","4014.55","3515.38","499.17","0","organic","Charlotte"
"26","7034.66","420.63","2016-06-26 00:00:00","1.59","2574.75","834.61","3204.67","3198","6.67","0","organic","Charlotte"
"29","8318.68","151.5","2016-06-05 00:00:00","1.59","127.87","16.65","8022.66","7145.5","877.16","0","organic","HarrisburgScranton"
"5","3377.88","149.77","2016-11-20 00:00:00","1.59","1228.83","0","1999.28","883.13","1116.15","0","organic","Indianapolis"
"15","4864.91","425","2016-09-11 00:00:00","1.59","1395.3","0","3044.61","1494.93","1549.68","0","organic","Indianapolis"
"18","4533.5","454.13","2016-08-21 00:00:00","1.59","1589.22","0","2490.15","1321.24","1168.91","0","organic","Indianapolis"
"25","15607.26","5586.02","2016-07-03 00:00:00","1.59","5478.16","0","4543.08","438.23","4104.85","0","organic","LasVegas"
"19","3017.94","0","2016-08-14 00:00:00","1.59","2276.44","0","741.5","300","441.5","0","organic","Louisville"
"46","1259.46","7.32","2016-02-07 00:00:00","1.59","890.84","0","361.3","83.33","277.97","0","organic","Louisville"
"3","83334.43","2355.76","2016-12-04 00:00:00","1.59","31758.1","1320.46","47900.11","25168.71","22731.4","0","organic","Midsouth"
"23","118719.38","3707.88","2016-07-17 00:00:00","1.59","49191.43","4810.24","61009.83","36568.73","24441.1","0","organic","Midsouth"
"49","57822.5","2953.94","2016-01-17 00:00:00","1.59","32174.82","2107.95","20585.79","10016.96","10568.83","0","organic","Midsouth"
"38","6681.85","1157.97","2016-04-03 00:00:00","1.59","4117.09","0","1406.79","303.33","1103.46","0","organic","Nashville"
"8","3649.01","166.24","2016-10-30 00:00:00","1.59","0","0","3482.77","2030.42","1452.35","0","organic","NewOrleansMobile"
"31","6642.88","2685.64","2016-05-22 00:00:00","1.59","132.93","0","3824.31","3824.31","0","0","organic","Orlando"
"48","4767.81","2300.07","2016-01-24 00:00:00","1.59","57.74","0","2410","2410","0","0","organic","Orlando"
"41","11340.53","2152.69","2016-03-13 00:00:00","1.59","2872.73","0","6315.11","2743.79","3571.32","0","organic","Philadelphia"
"34","42077.45","4211.65","2016-05-01 00:00:00","1.59","22094.2","1260.73","14510.87","8629.29","5881.58","0","organic","Plains"
"34","6514.47","228.79","2016-05-01 00:00:00","1.59","3675.04","494.23","2116.41","1923.15","193.26","0","organic","RaleighGreensboro"
"45","4235.48","183.68","2016-02-14 00:00:00","1.59","1987.42","397.71","1666.67","1297.39","369.28","0","organic","RaleighGreensboro"
"48","5276.31","113.48","2016-01-24 00:00:00","1.59","2235.52","416.47","2510.84","2409.12","101.72","0","organic","RaleighGreensboro"
"50","6504.77","144.97","2016-01-10 00:00:00","1.59","3048.57","533.83","2777.4","2217.35","560.05","0","organic","RaleighGreensboro"
"15","18422.92","2500.57","2016-09-11 00:00:00","1.59","13057.42","0","2864.93","1950.17","914.76","0","organic","SanDiego"
"5","40278.71","385.45","2016-11-20 00:00:00","1.59","10855.78","3.92","29033.56","735.87","28297.69","0","organic","Seattle"
"10","33108.57","835.37","2016-10-16 00:00:00","1.59","10706.93","10.46","21555.81","3017.8","18538.01","0","organic","Seattle"
"14","35004.7","5284.83","2016-09-18 00:00:00","1.59","5003.17","259.37","24457.33","8769.31","15688.02","0","organic","Seattle"
"0","6491.55","293.57","2016-12-25 00:00:00","1.59","2329.01","197.27","3671.7","2797.68","874.02","0","organic","SouthCarolina"
"12","1233.27","0","2016-10-02 00:00:00","1.59","76.93","0","1156.34","1156.34","0","0","organic","Syracuse"
"37","3412.46","0","2016-04-10 00:00:00","1.59","155.06","0","3257.4","1440.82","1816.58","0","organic","Syracuse"
"49","2951.32","1442.08","2016-01-17 00:00:00","1.59","35.91","0","1473.33","1473.33","0","0","organic","Tampa"
"12","139393.05","29390.8","2016-10-02 00:00:00","1.59","31959.14","43.19","77999.92","20453.89","57546.03","0","organic","West"
"14","160880.99","39692.64","2016-09-18 00:00:00","1.59","29626.54","302.54","91259.27","53282.81","37976.46","0","organic","West"
"6","14666.55","1302.11","2016-11-13 00:00:00","1.59","3840.13","11.41","9512.9","9443.44","69.46","0","organic","WestTexNewMexico"
"13","3423.95","31.2","2017-10-01 00:00:00","1.59","150.24","0","3242.51","3242.51","0","0","organic","Albany"
"1","15311.1","443.44","2017-12-24 00:00:00","1.59","4328.48","0","10539.18","9273.56","1265.62","0","organic","Atlanta"
"2","11548.46","343.83","2017-12-17 00:00:00","1.59","3504.07","0","7700.56","5440.12","2260.44","0","organic","Atlanta"
"31","19501.92","1301.7","2017-05-28 00:00:00","1.59","6521.28","0","11678.94","979.75","10699.19","0","organic","Atlanta"
"35","15041.91","1487.72","2017-04-30 00:00:00","1.59","7556.77","0","5997.42","194.73","5802.69","0","organic","Atlanta"
"16","63283.62","2319.29","2017-09-10 00:00:00","1.59","8702.11","102.72","52159.5","52159.5","0","0","organic","BaltimoreWashington"
"23","28957.04","6.86","2017-07-23 00:00:00","1.59","1165.51","0","27784.67","23227.03","4557.64","0","organic","Boston"
"34","211442.68","27955.44","2017-05-07 00:00:00","1.59","80576.31","1.61","102909.32","102120.45","788.87","0","organic","California"
"19","20129.12","544.7","2017-08-20 00:00:00","1.59","3347.81","0","16161.9","12819.22","3342.68","0","organic","Detroit"
"27","130430.6","2504.36","2017-06-25 00:00:00","1.59","60395.45","3.23","67527.56","10039.5","57488.06","0","organic","GreatLakes"
"32","150790.27","3228.65","2017-05-21 00:00:00","1.59","74837.07","0","72724.55","26525.38","46199.17","0","organic","GreatLakes"
"22","14096.72","231.38","2017-07-30 00:00:00","1.59","177.87","9.09","13678.38","13673.94","4.44","0","organic","HarrisburgScranton"
"3","2646.13","56.22","2017-12-10 00:00:00","1.59","439.38","2.48","2148.05","2146.67","1.38","0","organic","Jacksonville"
"4","2597.34","0","2017-12-03 00:00:00","1.59","941.51","0","1655.83","964.23","691.6","0","organic","Louisville"
"36","3343.82","0","2017-04-23 00:00:00","1.59","1507.19","0","1836.63","336.67","1499.96","0","organic","Louisville"
"52","1913.69","5.04","2017-01-01 00:00:00","1.59","1395.31","0","513.34","513.34","0","0","organic","Louisville"
"1","8462.86","88.73","2017-12-24 00:00:00","1.59","720.93","0","7653.2","6896.84","756.36","0","organic","MiamiFtLauderdale"
"2","8486.81","232.71","2017-12-17 00:00:00","1.59","636.22","0","7617.88","7027.76","590.12","0","organic","MiamiFtLauderdale"
"41","97030.81","3900.08","2017-03-19 00:00:00","1.59","42658.05","1814.98","48657.7","28803.38","19854.32","0","organic","Midsouth"
"3","5477.32","19.21","2017-12-10 00:00:00","1.59","1730.07","0","3728.04","2376.7","1351.34","0","organic","Nashville"
"4","4984.55","49.22","2017-12-03 00:00:00","1.59","1937.45","0","2997.88","2230.29","767.59","0","organic","Nashville"
"23","20654.13","14.18","2017-07-23 00:00:00","1.59","254.59","0","20385.36","20385.36","0","0","organic","NorthernNewEngland"
"32","20571.46","7.77","2017-05-21 00:00:00","1.59","299.22","0","20264.47","20264.47","0","0","organic","NorthernNewEngland"
"2","22003.42","2266.91","2017-12-17 00:00:00","1.59","3684.26","3.49","16048.76","16034.48","14.28","0","organic","Philadelphia"
"23","28255.5","998.55","2017-07-23 00:00:00","1.59","5290.65","7.86","21958.44","21952.74","5.7","0","organic","Philadelphia"
"49","10333.37","2433.61","2017-01-22 00:00:00","1.59","3905.32","0","3994.44","3964.66","29.78","0","organic","PhoenixTucson"
"37","85609.54","5166.93","2017-04-16 00:00:00","1.59","24157.5","1783.22","54501.89","29033.98","25467.91","0","organic","Plains"
"46","22901.55","2363.06","2017-02-12 00:00:00","1.59","5774.75","26.09","14737.65","7610.05","7127.6","0","organic","Portland"
"49","10830.75","224.66","2017-01-22 00:00:00","1.59","4242.03","477.69","5886.37","5420.39","465.98","0","organic","RaleighGreensboro"
"15","14824.51","336.19","2017-09-17 00:00:00","1.59","2732.34","44.13","11711.85","10680.64","1031.21","0","organic","RichmondNorfolk"
"22","7786.03","310.32","2017-07-30 00:00:00","1.59","2134.34","0","5341.37","3780.03","1561.34","0","organic","Roanoke"
"32","7576.78","336.52","2017-05-21 00:00:00","1.59","2483.17","0","4757.09","2335.89","2421.2","0","organic","Roanoke"
"41","22169.84","927.81","2017-03-19 00:00:00","1.59","13605.83","4.94","7631.26","1083.05","6548.21","0","organic","SanDiego"
"4","106526.9","22085.74","2017-12-03 00:00:00","1.59","3150.27","0","81290.89","67077.55","14213.34","0","organic","SouthCentral"
"6","81736.75","1073.19","2017-11-19 00:00:00","1.59","16938.74","113.55","63611.27","58343.44","5267.83","0","organic","Southeast"
"33","5693.95","229.87","2017-05-14 00:00:00","1.59","1400.1","0","4063.98","1150","2913.98","0","organic","StLouis"
"0","5528.74","76.28","2017-12-31 00:00:00","1.59","474.42","0","4978.04","4716.25","261.79","0","organic","Tampa"
"29","260068.85","52927.66","2017-06-11 00:00:00","1.59","47810.13","209.8","159121.26","29519.07","129602.19","0","organic","West"
"26","20486.25","2454.99","2017-07-02 00:00:00","1.59","3470.63","0","14560.63","10390.44","4170.19","0","organic","WestTexNewMexico"
"28","25886.3","3305.88","2017-06-04 00:00:00","1.59","3706.22","0","18874.2","8654.49","10219.71","0","organic","WestTexNewMexico"
"7","41615.66","1201.51","2018-02-04 00:00:00","1.59","7408.22","85.69","32920.24","32904.68","15.56","0","organic","BaltimoreWashington"
"6","10754.39","535.84","2018-02-11 00:00:00","1.59","3567.35","0","6651.2","5192.81","1458.39","0","organic","CincinnatiDayton"
"2","31590.9","7032.9","2018-03-11 00:00:00","1.59","640.35","52.08","23865.57","23032.03","833.54","0","organic","Denver"
"9","15829.03","225.43","2018-01-21 00:00:00","1.59","166.81","19.2","15417.59","15410.91","6.68","0","organic","HarrisburgScranton"
"4","3673.2","1","2018-02-25 00:00:00","1.59","1293.28","0","2378.92","1487.59","891.33","0","organic","Louisville"
"5","2064.9","0","2018-02-18 00:00:00","1.59","1076.45","0","988.45","975.57","12.88","0","organic","Louisville"
"9","22101.1","4","2018-01-21 00:00:00","1.59","664.79","0","21432.31","21432.31","0","0","organic","NorthernNewEngland"
"4","28796.94","2777.46","2018-02-25 00:00:00","1.59","3529.3","0","22490.18","1870.63","20468.87","150.68","organic","Portland"
"11","27296.2","3740.22","2018-01-07 00:00:00","1.59","6593.66","0","16962.32","1579.33","15382.99","0","organic","Portland"
"2","25324.3","1328.95","2018-03-11 00:00:00","1.59","14303.09","0","9692.26","9692.26","0","0","organic","SanDiego"
"0","5750.56","266.92","2018-03-25 00:00:00","1.59","1707.42","2.21","3774.01","638.89","3105.71","29.41","organic","Spokane"
"10","1476651.08","145680.62","2018-01-14 00:00:00","1.59","323669.83","1580.01","1005593.78","858772.69","146808.97","12.12","organic","TotalUS"
"11","564456.6","106180.64","2015-10-11 00:00:00","1.58","351965.39","33512.19","72798.38","72030.82","735.56","32","conventional","SanFrancisco"
"22","628331.04","150230.79","2015-07-26 00:00:00","1.58","366576.34","32096.3","79427.61","78533.8","893.81","0","conventional","SanFrancisco"
"13","678671.71","129774.3","2016-09-25 00:00:00","1.58","347949.15","19205.77","181742.49","180490.59","1251.9","0","conventional","BaltimoreWashington"
"9","439551.69","10444.8","2016-10-23 00:00:00","1.58","335243.75","6144.55","87718.59","86922.76","0","795.83","conventional","Boston"
"8","142955.49","39376.44","2016-10-30 00:00:00","1.58","29382.3","26881.22","47315.53","40258.68","6816.57","240.28","conventional","Charlotte"
"15","136492.43","1710.59","2016-09-11 00:00:00","1.58","76987.54","6085.4","51708.9","46524.9","5159.92","24.08","conventional","GrandRapids"
"23","146730.62","2136.76","2016-07-17 00:00:00","1.58","69205.5","24890.18","50498.18","38583.22","3582.14","8332.82","conventional","GrandRapids"
"17","1212399.97","19257.01","2016-08-28 00:00:00","1.58","715527.43","37849.93","439765.6","378940.19","57956.65","2868.76","conventional","NewYork"
"13","315399.04","23189.93","2016-09-25 00:00:00","1.58","236472.99","3706.18","52029.94","52018.36","11.58","0","conventional","NorthernNewEngland"
"28","97079.34","2454.01","2017-06-18 00:00:00","1.58","82154.43","723.07","11747.83","3875.12","6697.71","1175","conventional","Albany"
"15","664501.74","55766.21","2017-09-17 00:00:00","1.58","443692.78","4745.57","160297.18","158757.44","1466.41","73.33","conventional","BaltimoreWashington"
"41","738956.53","70368.43","2017-03-19 00:00:00","1.58","463108","6761.79","198718.31","179560.94","18501.81","655.56","conventional","BaltimoreWashington"
"15","462796.84","11826.63","2017-09-17 00:00:00","1.58","323528.38","1322.39","126119.44","89622.85","36416.59","80","conventional","Boston"
"18","208438.23","60886.4","2017-08-27 00:00:00","1.58","65605","5772.92","76173.91","69562.98","5067.6","1543.33","conventional","Charlotte"
"11","236604.19","7043.32","2017-10-15 00:00:00","1.58","177668.62","73","51819.25","49691.8","2127.45","0","conventional","HartfordSpringfield"
"40","270398.76","7860.88","2017-03-26 00:00:00","1.58","203663.76","1524.94","57349.18","56284.03","862.37","202.78","conventional","HartfordSpringfield"
"15","201028.75","64271.49","2017-09-17 00:00:00","1.58","63852.15","109.31","72795.8","45361.66","27434.14","0","conventional","LasVegas"
"20","1267239.35","64027.77","2017-08-13 00:00:00","1.58","686338.23","1222.6","515650.75","462811.56","49542.64","3296.55","conventional","NewYork"
"25","4406341.73","289590.47","2017-07-09 00:00:00","1.58","2850917.36","25597.43","1240236.47","1034138.98","140035.79","66061.7","conventional","Northeast"
"11","298364.19","12295.38","2017-10-15 00:00:00","1.58","244434.33","1566.21","40068.27","17241.1","22827.17","0","conventional","NorthernNewEngland"
"14","383655.09","47744.79","2017-09-24 00:00:00","1.58","204123.34","395.52","131391.44","121155.89","10231.1","4.45","conventional","Philadelphia"
"17","1531392.1","682504.86","2017-09-03 00:00:00","1.58","356889.47","6349.19","485648.58","423640.15","43196.91","18811.52","conventional","Plains"
"21","540879.33","125451.64","2017-08-06 00:00:00","1.58","146938.76","16332.57","252156.36","162070.46","89822.94","262.96","conventional","Portland"
"10","337225.47","93869.48","2017-10-22 00:00:00","1.58","204224.61","851.79","38279.59","37630.79","468.16","180.64","conventional","Sacramento"
"24","461109.34","159107.69","2017-07-16 00:00:00","1.58","257399.67","4592.03","40009.95","37654.57","1102.05","1253.33","conventional","Sacramento"
"37","370816.51","137216.82","2017-04-16 00:00:00","1.58","183753.76","1072.94","48772.99","47374.68","158.31","1240","conventional","Sacramento"
"39","385734.97","141455.85","2017-04-02 00:00:00","1.58","192900.99","1102.78","50275.35","48822.5","47.72","1405.13","conventional","Sacramento"
"17","75840.73","20808.02","2017-09-03 00:00:00","1.58","22824.26","102.75","32105.7","24386.21","7714.95","4.54","conventional","Spokane"
"13","47034.13","8960.94","2017-10-01 00:00:00","1.58","26794.59","26.53","11252.07","7107.08","4144.99","0","conventional","Syracuse"
"41","312270.07","174757.38","2017-03-19 00:00:00","1.58","47825.6","67.14","89619.95","56385.93","33211.8","22.22","conventional","Tampa"
"11","25031589.09","8769357.86","2017-10-15 00:00:00","1.58","8534404.17","392119.12","7335707.94","5387869.35","1893510.99","54327.6","conventional","TotalUS"
"16","14379.6","2634.99","2015-09-06 00:00:00","1.58","5041.08","717.8","5985.73","5977.42","8.31","0","organic","BaltimoreWashington"
"43","15923.18","7386.79","2015-03-01 00:00:00","1.58","4112.33","732.79","3691.27","3659.85","31.42","0","organic","BaltimoreWashington"
"26","2550.15","15.62","2015-06-28 00:00:00","1.58","2464.53","0","70","70","0","0","organic","Boise"
"13","1477.67","10.71","2015-09-27 00:00:00","1.58","71.37","0","1395.59","1395.59","0","0","organic","BuffaloRochester"
"0","20995.37","1064.71","2015-12-27 00:00:00","1.58","19320.66","0","610","610","0","0","organic","Chicago"
"1","22452.3","730.65","2015-12-20 00:00:00","1.58","21574.99","0","146.66","143.33","3.33","0","organic","Chicago"
"6","25759.36","609.3","2015-11-15 00:00:00","1.58","24890.06","0","260","260","0","0","organic","Chicago"
"14","12915.37","379.74","2015-09-20 00:00:00","1.58","12416.63","0","119","43.33","75.67","0","organic","CincinnatiDayton"
"18","14963.77","433.88","2015-08-23 00:00:00","1.58","13036.74","0","1493.15","220","1273.15","0","organic","CincinnatiDayton"
"9","77066.63","9037.35","2015-10-25 00:00:00","1.58","54687.19","108.75","13233.34","7451.64","5781.7","0","organic","GreatLakes"
"28","80790.46","3599.24","2015-06-14 00:00:00","1.58","60044.76","0","17146.46","11975.99","5170.47","0","organic","GreatLakes"
"26","1529.5","77.59","2015-06-28 00:00:00","1.58","870.07","0","581.84","211.24","370.6","0","organic","Indianapolis"
"17","40655.43","15094.25","2015-08-30 00:00:00","1.58","16296.72","0","9264.46","9264.46","0","0","organic","LosAngeles"
"28","2093.17","17.42","2015-06-14 00:00:00","1.58","1174.85","0","900.9","415.53","485.37","0","organic","Louisville"
"46","64774.28","7824.43","2015-02-08 00:00:00","1.58","26491.71","4388.15","26069.99","23654.98","2415.01","0","organic","Midsouth"
"4","2041.47","221.95","2015-11-29 00:00:00","1.58","0","0","1819.52","1812.85","6.67","0","organic","NewOrleansMobile"
"25","2228.5","349.11","2015-07-05 00:00:00","1.58","62.73","0","1816.66","1816.66","0","0","organic","NewOrleansMobile"
"37","2603.66","417.57","2015-04-12 00:00:00","1.58","2.75","0","2183.34","2183.34","0","0","organic","NewOrleansMobile"
"6","52680.94","4800.47","2015-11-15 00:00:00","1.58","15407.35","54.61","32418.51","30557.72","1860.79","0","organic","Northeast"
"7","8340.73","9.48","2015-11-08 00:00:00","1.58","261.9","0","8069.35","8069.35","0","0","organic","NorthernNewEngland"
"27","1698.9","776.96","2015-06-21 00:00:00","1.58","32.09","0","889.85","495.74","394.11","0","organic","Pittsburgh"
"7","4199.95","96.33","2015-11-08 00:00:00","1.58","2006.69","342.69","1754.24","1466.67","287.57","0","organic","RichmondNorfolk"
"47","3916.98","83.48","2015-02-01 00:00:00","1.58","2059.65","440.08","1333.77","1296.67","37.1","0","organic","RichmondNorfolk"
"10","5199.39","60.95","2015-10-18 00:00:00","1.58","3578.07","0","1560.37","840","720.37","0","organic","Roanoke"
"17","48176.23","5555.85","2015-08-30 00:00:00","1.58","35591.33","2.66","7026.39","0","7026.39","0","organic","Seattle"
"17","4317.12","415.14","2015-08-30 00:00:00","1.58","3575.51","0","326.47","0","326.47","0","organic","Spokane"
"37","6356.7","837.43","2015-04-12 00:00:00","1.58","5183.14","0","336.13","106.12","230.01","0","organic","Spokane"
"43","3505.54","1237.7","2015-03-01 00:00:00","1.58","2113.94","7.28","146.62","0","146.62","0","organic","Spokane"
"4","3886.94","1748.75","2015-11-29 00:00:00","1.58","1098.88","0","1039.31","33.33","1005.98","0","organic","StLouis"
"30","716942.71","205250.19","2015-05-31 00:00:00","1.58","333300.63","6835.09","171556.8","117664.54","53892.26","0","organic","TotalUS"
"45","616177","207650.64","2015-02-15 00:00:00","1.58","228653.33","4950.01","174923.02","140602","34321.02","0","organic","TotalUS"
"36","191660.54","81644.37","2015-04-19 00:00:00","1.58","75401.95","172.53","34441.69","5925.32","28516.37","0","organic","West"
"45","166334.97","60976.33","2015-02-15 00:00:00","1.58","72229.53","104.93","33024.18","7284.44","25739.74","0","organic","West"
"24","13816.71","6430.36","2015-07-05 00:00:00","1.58","4300","0","3086.35","2744.5","341.85","0","organic","WestTexNewMexico"
"25","11456.41","5443.3","2015-06-28 00:00:00","1.58","3745.9","0","2267.21","1460.2","807.01","0","organic","WestTexNewMexico"
"24","2173.2","31.76","2016-07-10 00:00:00","1.58","113.57","0","2027.87","2027.87","0","0","organic","Albany"
"19","13049.21","2514.22","2016-08-14 00:00:00","1.58","4567.03","0","5967.96","1854.73","4113.23","0","organic","Atlanta"
"48","18287.57","719.74","2016-01-24 00:00:00","1.58","5525.36","327.28","11715.19","2472","9243.19","0","organic","BaltimoreWashington"
"32","14776.15","6.02","2016-05-15 00:00:00","1.58","549.85","0","14220.28","12627.58","1592.7","0","organic","Boston"
"33","15589.8","1.21","2016-05-08 00:00:00","1.58","742.35","0","14846.24","12213.74","2632.5","0","organic","Boston"
"34","7208.06","4.75","2016-05-01 00:00:00","1.58","265.46","0","6937.85","3226.34","3711.51","0","organic","BuffaloRochester"
"25","209495.6","24660.35","2016-07-03 00:00:00","1.58","110483.19","21.71","74330.35","72414.48","1915.87","0","organic","California"
"23","7940.49","342.54","2016-07-17 00:00:00","1.58","3579.56","1379.56","2638.83","2625.5","13.33","0","organic","Charlotte"
"45","28656.64","751.06","2016-02-14 00:00:00","1.58","25968.76","0","1936.82","1936.82","0","0","organic","Chicago"
"14","5525.95","769.61","2016-09-18 00:00:00","1.58","2564.21","0","2192.13","1028.19","1163.94","0","organic","Columbus"
"22","8142.15","642.5","2016-07-24 00:00:00","1.58","4610.11","0","2889.54","554.41","2335.13","0","organic","Columbus"
"44","2373.09","1437.69","2016-02-21 00:00:00","1.58","715.4","0","220","220","0","0","organic","GrandRapids"
"6","123515.34","4040.88","2016-11-13 00:00:00","1.58","58221.76","0","61252.7","21907.65","39345.05","0","organic","GreatLakes"
"42","8782.58","156.76","2016-03-06 00:00:00","1.58","264.54","19","8342.28","3238.17","5104.11","0","organic","HarrisburgScranton"
"51","7329.14","68.45","2016-01-03 00:00:00","1.58","195.37","12.83","7052.49","641.68","6410.81","0","organic","HarrisburgScranton"
"9","3929.64","145.73","2016-10-23 00:00:00","1.58","1419.02","0","2364.89","581.97","1782.92","0","organic","Indianapolis"
"40","3783.94","2000.1","2016-03-20 00:00:00","1.58","119.76","7.41","1656.67","1656.67","0","0","organic","Jacksonville"
"11","72073.73","10127.13","2016-10-09 00:00:00","1.58","23301.08","12.66","38632.86","38000.26","632.6","0","organic","LosAngeles"
"8","385.55","8.13","2016-10-30 00:00:00","1.58","47.42","0","330","330","0","0","organic","MiamiFtLauderdale"
"9","542.85","8.14","2016-10-23 00:00:00","1.58","81.38","0","453.33","450","3.33","0","organic","MiamiFtLauderdale"
"38","81780.18","3501.88","2016-04-03 00:00:00","1.58","43194.1","2339.96","32744.24","22985.45","9758.79","0","organic","Midsouth"
"43","60098.19","2835.2","2016-02-28 00:00:00","1.58","36495.81","1921.79","18845.39","11789.84","7055.55","0","organic","Midsouth"
"31","1581.74","564.95","2016-05-22 00:00:00","1.58","5.8","0","1010.99","1007.66","3.33","0","organic","NewOrleansMobile"
"12","12400.93","0","2016-10-02 00:00:00","1.58","173.16","0","12227.77","12227.77","0","0","organic","NorthernNewEngland"
"16","13039.44","1","2016-09-04 00:00:00","1.58","231.39","0","12807.05","12807.05","0","0","organic","NorthernNewEngland"
"28","6084.04","3022.56","2016-06-12 00:00:00","1.58","154.81","0","2906.67","2880","26.67","0","organic","Orlando"
"33","54825.59","5399.74","2016-05-08 00:00:00","1.58","23826.5","11269.89","14329.46","8338.82","5990.64","0","organic","Plains"
"20","28823.92","5514.1","2016-08-07 00:00:00","1.58","9962.34","0","13347.48","3073.59","10273.89","0","organic","Portland"
"29","10195.92","222.38","2016-06-05 00:00:00","1.58","4199.73","464.78","5309.03","4237.68","1071.35","0","organic","RaleighGreensboro"
"2","6376.59","311.28","2016-12-11 00:00:00","1.58","2645.87","170.46","3248.98","2668.42","580.56","0","organic","RichmondNorfolk"
"51","24767.95","577.02","2016-01-03 00:00:00","1.58","12634.37","12.01","11544.55","14.83","11529.72","0","organic","Seattle"
"21","12518.72","1306.7","2016-07-31 00:00:00","1.58","3927.4","705.01","6579.61","6131.73","447.88","0","organic","SouthCarolina"
"22","11277.34","1178.49","2016-07-24 00:00:00","1.58","3580.75","616.78","5901.32","5785.79","115.53","0","organic","SouthCarolina"
"44","4752.84","669.98","2016-02-21 00:00:00","1.58","1631.47","242.52","2208.87","2121.77","87.1","0","organic","SouthCarolina"
"51","5893.4","1241.89","2016-01-03 00:00:00","1.58","1675.45","420.04","2556.02","2435.41","120.61","0","organic","SouthCarolina"
"5","61264.14","4165.72","2016-11-20 00:00:00","1.58","9695.14","419.65","46983.63","25312.29","21671.34","0","organic","Southeast"
"6","71470.8","4473.42","2016-11-13 00:00:00","1.58","11409.19","450.22","55137.97","31103.86","24034.11","0","organic","Southeast"
"14","57792.45","6072.82","2016-09-18 00:00:00","1.58","14168.25","485.37","37066.01","19189.74","17876.27","0","organic","Southeast"
"11","4094.16","1007.71","2016-10-09 00:00:00","1.58","152.41","0","2934.04","1006.67","1927.37","0","organic","Tampa"
"21","946087.81","156417.33","2016-07-31 00:00:00","1.58","328942.12","9035.27","451693.09","320652.23","131040.86","0","organic","TotalUS"
"29","195651.71","58162.59","2016-06-05 00:00:00","1.58","111261.31","629.91","25597.9","17579.09","8018.81","0","organic","West"
"51","9667.05","1820.39","2016-01-03 00:00:00","1.58","2783.11","16.41","5047.14","4651.16","395.98","0","organic","WestTexNewMexico"
"1","3694.13","31.68","2017-12-24 00:00:00","1.58","327.39","0","3335.06","3335.06","0","0","organic","Albany"
"2","34581.64","1256.76","2017-12-17 00:00:00","1.58","7053.3","50.28","26221.3","26217.97","3.33","0","organic","BaltimoreWashington"
"4","38753.69","1415.83","2017-12-03 00:00:00","1.58","7869.09","76.35","29392.42","29382.7","9.72","0","organic","BaltimoreWashington"
"25","3526.39","60.34","2017-07-09 00:00:00","1.58","767.31","0","2698.74","504.14","2194.6","0","organic","Boise"
"46","2375.9","20.27","2017-02-12 00:00:00","1.58","426.9","0","1928.73","1244.86","683.87","0","organic","Boise"
"10","34913.38","16.66","2017-10-22 00:00:00","1.58","1569.42","0","33327.3","33327.3","0","0","organic","Boston"
"50","4158.47","7.31","2017-01-15 00:00:00","1.58","184.83","0","3966.33","3416.66","549.67","0","organic","BuffaloRochester"
"49","7209.5","235.68","2017-01-22 00:00:00","1.58","4884.31","0","2089.51","694.68","1394.83","0","organic","CincinnatiDayton"
"52","5948.66","772.98","2017-01-01 00:00:00","1.58","2724.28","0","2451.4","2273.79","177.61","0","organic","Columbus"
"8","17353.24","518.9","2017-11-05 00:00:00","1.58","2512.04","0","14161.72","13656.25","505.47","0","organic","Detroit"
"26","169966.3","3073.22","2017-07-02 00:00:00","1.58","71442.71","0","95450.37","20059.86","75390.51","0","organic","GreatLakes"
"41","3608.19","581.24","2017-03-19 00:00:00","1.58","106.6","5.08","2915.27","568.89","2346.38","0","organic","Jacksonville"
"1","3976.73","0","2017-12-24 00:00:00","1.58","977.13","0","2999.6","1340.39","1659.21","0","organic","Louisville"
"4","5302.15","50.56","2017-12-03 00:00:00","1.58","397.82","0","4853.77","4836.67","17.1","0","organic","MiamiFtLauderdale"
"32","6177.03","515.52","2017-05-21 00:00:00","1.58","81.14","0","5580.37","4806.82","773.55","0","organic","MiamiFtLauderdale"
"12","35985.8","2204.3","2017-10-08 00:00:00","1.58","2935.05","6.15","30840.3","30809.89","30.41","0","organic","Philadelphia"
"25","7955.6","965.46","2017-07-09 00:00:00","1.58","11.98","0","6978.16","6974.83","3.33","0","organic","Pittsburgh"
"26","8002.38","865.57","2017-07-02 00:00:00","1.58","36.1","0","7100.71","7094.05","6.66","0","organic","Pittsburgh"
"34","68236.34","2467.03","2017-05-07 00:00:00","1.58","20644.8","375.91","44748.6","23886","20862.6","0","organic","Plains"
"5","10285.18","441.93","2017-11-26 00:00:00","1.58","2360.47","39.34","7443.44","7353.1","90.34","0","organic","RichmondNorfolk"
"2","6387.27","141.87","2017-12-17 00:00:00","1.58","1437.09","0","4808.31","3559.59","1248.72","0","organic","Roanoke"
"36","7527.14","339.78","2017-04-23 00:00:00","1.58","2413.71","0","4773.65","2203.3","2570.35","0","organic","Roanoke"
"44","38286.08","821.13","2017-02-26 00:00:00","1.58","12370.73","13.32","25080.9","1732.63","23348.27","0","organic","Seattle"
"34","69763.54","6765.64","2017-05-07 00:00:00","1.58","19700.9","180.72","43116.28","12489.88","30626.4","0","organic","Southeast"
"41","52790.71","9709.84","2017-03-19 00:00:00","1.58","13759.38","269.26","29052.23","6652.65","22399.58","0","organic","Southeast"
"34","5023.31","269.36","2017-05-07 00:00:00","1.58","1452.03","18.94","3282.98","20","3262.98","0","organic","Spokane"
"2","5609.58","65.61","2017-12-17 00:00:00","1.58","564.27","0","4979.7","4912.21","67.49","0","organic","Tampa"
"5","5007.93","46.18","2017-11-26 00:00:00","1.58","383.97","0","4577.78","4567.78","10","0","organic","Tampa"
"2","236822.98","32765.76","2018-03-11 00:00:00","1.58","83573","0","120484.22","120465.39","18.83","0","organic","California"
"7","5109.24","54.15","2018-02-04 00:00:00","1.58","2042.32","0","3012.77","2310.41","702.36","0","organic","Nashville"
"10","7618.85","47.32","2018-01-14 00:00:00","1.58","2392.03","0","5179.5","3581.76","1597.74","0","organic","Nashville"
"0","374859.68","19823.16","2018-03-25 00:00:00","1.58","58366.54","201.04","296468.94","265716.88","30752.06","0","organic","Northeast"
"5","29699.89","0","2018-02-18 00:00:00","1.58","195.2","0","29504.69","29504.69","0","0","organic","NorthernNewEngland"
"1","12161.25","335.39","2018-03-18 00:00:00","1.58","1385.16","0","10440.7","8351.9","2088.8","0","organic","Orlando"
"3","10599.98","361.71","2018-03-04 00:00:00","1.58","1244.48","0","8993.79","7341.04","1652.75","0","organic","Orlando"
"1","40632.46","6924.19","2018-03-18 00:00:00","1.58","13914.86","0","19793.41","19760.84","32.57","0","organic","Philadelphia"
"1","69790.75","5124.88","2018-03-18 00:00:00","1.58","20091.33","14.68","44559.86","32906.16","11653.7","0","organic","Plains"
"9","12458.09","521.57","2018-01-21 00:00:00","1.58","3808.38","90.71","8037.43","6246.99","1790.44","0","organic","RichmondNorfolk"
"21","645158.33","164972.09","2015-08-02 00:00:00","1.57","374726.64","28138.78","77320.82","76597.08","723.74","0","conventional","SanFrancisco"
"17","732545.7","72406.64","2016-08-28 00:00:00","1.57","443668.36","15648.56","200822.14","194472.57","3978.68","2370.89","conventional","BaltimoreWashington"
"4","73261.05","1006.16","2016-11-27 00:00:00","1.57","50581.93","12.21","21660.75","21641.31","0","19.44","conventional","BuffaloRochester"
"5","135608.11","44044.69","2016-11-20 00:00:00","1.57","28907.47","13913.04","48742.91","42721.62","6021.29","0","conventional","Charlotte"
"7","142095.92","36840.74","2016-11-06 00:00:00","1.57","27501.34","25305.86","52447.98","45861.67","6586.31","0","conventional","Charlotte"
"4","195221.04","4269.91","2016-11-27 00:00:00","1.57","149413.39","119.71","41418.03","41408.89","9.14","0","conventional","HartfordSpringfield"
"8","403657.05","169008.34","2016-10-30 00:00:00","1.57","98080.05","247.52","136321.14","41406.6","94572.87","341.67","conventional","MiamiFtLauderdale"
"4","279131.45","10693.47","2016-11-27 00:00:00","1.57","180338.49","859.82","87239.67","82183.54","5056.13","0","conventional","Philadelphia"
"5","328557.17","13380.98","2016-11-20 00:00:00","1.57","207065.15","1486.67","106624.37","101912.73","4632.47","79.17","conventional","Philadelphia"
"21","376353.23","15974.97","2016-07-31 00:00:00","1.57","180678.21","12676.62","167023.43","161291.97","3766.46","1965","conventional","Philadelphia"
"6","1187396.84","514295.92","2016-11-13 00:00:00","1.57","357173.85","5306.27","310620.8","279361.86","23575.34","7683.6","conventional","Plains"
"16","660103.83","52853.34","2017-09-10 00:00:00","1.57","424593.63","5141.78","177515.08","169534.25","3197.5","4783.33","conventional","BaltimoreWashington"
"19","691636.14","58935.48","2017-08-20 00:00:00","1.57","417107.93","5204.71","210388.02","198850.69","1721.77","9815.56","conventional","BaltimoreWashington"
"11","537139.26","126304.77","2017-10-15 00:00:00","1.57","158787.1","711.14","251336.25","98271.86","153064.39","0","conventional","Denver"
"20","2971011.18","504445.27","2017-08-13 00:00:00","1.57","1051826.5","264838.37","1149901.04","733843.21","352853.24","63204.59","conventional","GreatLakes"
"16","243134.01","5195.18","2017-09-10 00:00:00","1.57","182049.97","130.21","55758.65","52068.88","2423.1","1266.67","conventional","HartfordSpringfield"
"11","161020.39","87209.67","2017-10-15 00:00:00","1.57","10227.66","125.62","63457.44","53309.92","10144.19","3.33","conventional","Nashville"
"17","227168.31","129857.31","2017-09-03 00:00:00","1.57","26734.97","290.73","70285.3","56267.76","9259.77","4757.77","conventional","NewOrleansMobile"
"9","1217806.97","74423.5","2017-10-29 00:00:00","1.57","788262.18","779.34","354341.95","330959.23","23366.81","15.91","conventional","NewYork"
"24","1327763.45","71450.18","2017-07-16 00:00:00","1.57","859372.14","3388.19","393552.94","368995.87","13580.41","10976.66","conventional","NewYork"
"26","432564.12","9383.7","2017-07-02 00:00:00","1.57","330212.3","22416.37","70551.75","29585.42","36241.33","4725","conventional","NorthernNewEngland"
"18","296756.62","189042.09","2017-08-27 00:00:00","1.57","27713.25","101.45","79899.83","46809.61","27371.33","5718.89","conventional","Orlando"
"19","297964.43","191383.38","2017-08-20 00:00:00","1.57","28989.39","54.69","77536.97","37834.22","33852.75","5850","conventional","Orlando"
"16","250327.75","58910.8","2017-09-10 00:00:00","1.57","97907.87","5296.91","88212.17","85481.76","1770.41","960","conventional","RaleighGreensboro"
"40","375225.76","136446.55","2017-03-26 00:00:00","1.57","190537.19","1187.45","47054.57","44746.86","95.41","2212.3","conventional","Sacramento"
"10","343882.42","130818.62","2017-10-22 00:00:00","1.57","123575.63","17091.4","72396.77","68339.07","4057.7","0","conventional","SanDiego"
"10","768374.15","138067.37","2017-10-22 00:00:00","1.57","551292.65","2933.7","76080.43","75647.31","103.92","329.2","conventional","SanFrancisco"
"10","275350.6","130878.22","2017-10-22 00:00:00","1.57","56508.94","2299.62","85663.82","63298.32","22359.95","5.55","conventional","SouthCarolina"
"14","300285.1","147297.51","2017-09-24 00:00:00","1.57","66856.69","1530.25","84600.65","61065.57","23511.35","23.73","conventional","SouthCarolina"
"11","43715.52","9713.37","2017-10-15 00:00:00","1.57","25427.16","63.06","8511.93","6112.95","2398.98","0","conventional","Syracuse"
"12","45452.47","8991.47","2017-10-08 00:00:00","1.57","18883.83","12.52","17564.65","10518.27","7046.38","0","conventional","Syracuse"
"44","60421.42","1108.5","2017-02-26 00:00:00","1.57","40969.38","4.3","18339.24","18169.46","8.67","161.11","conventional","Syracuse"
"42","310151.12","170948.09","2017-03-12 00:00:00","1.57","50945.22","60","88197.81","52520.07","35677.74","0","conventional","Tampa"
"15","25394902.82","9153158.54","2017-09-17 00:00:00","1.57","8328241.87","417270.7","7496231.71","5494163.7","1923561.42","78506.59","conventional","TotalUS"
"17","26808410.65","9775062.87","2017-09-03 00:00:00","1.57","8565265.61","541902.88","7926179.29","5851814.47","1855970.25","218394.57","conventional","TotalUS"
"13","4014477.31","1366983.48","2017-10-01 00:00:00","1.57","1178504.57","43433.94","1425555.32","824834.62","598437.91","2282.79","conventional","West"
"0","149396.5","16361.69","2018-03-25 00:00:00","1.57","109045.03","65.45","23924.33","19273.8","4270.53","380","conventional","Albany"
"8","93625.03","3101.17","2018-01-28 00:00:00","1.57","74627.23","55.59","15841.04","11614.79","4159.58","66.67","conventional","Albany"
"3","2544.92","17.41","2015-12-06 00:00:00","1.57","102.56","0","2424.95","2298.67","126.28","0","organic","BuffaloRochester"
"5","2626.33","13.08","2015-11-22 00:00:00","1.57","119.86","0","2493.39","2493.39","0","0","organic","BuffaloRochester"
"10","3334.38","14.26","2015-10-18 00:00:00","1.57","159.32","0","3160.8","3160.8","0","0","organic","BuffaloRochester"
"18","3681.62","19.03","2015-08-23 00:00:00","1.57","181.17","0","3481.42","3478.78","2.64","0","organic","BuffaloRochester"
"5","24095.66","716.68","2015-11-22 00:00:00","1.57","23255.65","0","123.33","120","3.33","0","organic","Chicago"
"32","24727.46","201.46","2015-05-17 00:00:00","1.57","24405.82","0","120.18","30","90.18","0","organic","Chicago"
"35","4883.55","408.44","2015-04-26 00:00:00","1.57","3284.07","0","1191.04","572.85","618.19","0","organic","Columbus"
"9","1980.42","946.43","2015-10-25 00:00:00","1.57","692.85","0","341.14","193.33","147.81","0","organic","GrandRapids"
"5","67773.07","8031.45","2015-11-22 00:00:00","1.57","52934.16","0","6807.46","3107.27","3700.19","0","organic","GreatLakes"
"36","85825.52","3155.93","2015-04-19 00:00:00","1.57","68315.02","1.54","14353.03","10861.1","3491.93","0","organic","GreatLakes"
"5","1767.58","239.76","2015-11-22 00:00:00","1.57","1157.11","0","370.71","193.33","177.38","0","organic","Indianapolis"
"7","1710.38","241.32","2015-11-08 00:00:00","1.57","957.85","0","511.21","203.33","307.88","0","organic","Indianapolis"
"28","2144","74.98","2015-06-14 00:00:00","1.57","917.96","0","1151.06","780.41","370.65","0","organic","Indianapolis"
"14","43450.79","20900.82","2015-09-20 00:00:00","1.57","18316.88","0","4233.09","4216.42","16.67","0","organic","LosAngeles"
"0","1155.71","120.88","2015-12-27 00:00:00","1.57","18.16","0","1016.67","1016.67","0","0","organic","MiamiFtLauderdale"
"34","4529.02","334.9","2015-05-03 00:00:00","1.57","2364.7","68.11","1761.31","719.19","1042.12","0","organic","Nashville"
"36","2378.18","414.11","2015-04-19 00:00:00","1.57","0","0","1964.07","1964.07","0","0","organic","NewOrleansMobile"
"39","3330.37","527.3","2015-03-29 00:00:00","1.57","19.22","0","2783.85","2783.85","0","0","organic","NewOrleansMobile"
"6","9930.12","8.3","2015-11-15 00:00:00","1.57","187.41","0","9734.41","9731.08","3.33","0","organic","NorthernNewEngland"
"19","1531.14","677.2","2015-08-16 00:00:00","1.57","34.03","0","819.91","426.67","393.24","0","organic","Pittsburgh"
"21","1238.66","574.11","2015-08-02 00:00:00","1.57","45.73","0","618.82","257.53","361.29","0","organic","Pittsburgh"
"29","1726.96","687.05","2015-06-07 00:00:00","1.57","20.14","0","1019.77","911.62","108.15","0","organic","Pittsburgh"
"12","35183.28","1489.84","2015-10-04 00:00:00","1.57","22640.35","3.31","11049.78","18.38","11031.4","0","organic","Portland"
"36","28675.93","12834.38","2015-04-19 00:00:00","1.57","12733.52","0","3108.03","0","3108.03","0","organic","Portland"
"41","5834.95","157.47","2015-03-15 00:00:00","1.57","2458.69","516.55","2702.24","2603.33","98.91","0","organic","RichmondNorfolk"
"42","5746.55","131.38","2015-03-08 00:00:00","1.57","2471.16","488.5","2655.51","2553.33","102.18","0","organic","RichmondNorfolk"
"48","3860.33","184.69","2015-01-25 00:00:00","1.57","1998.19","325.29","1352.16","1002.65","349.51","0","organic","RichmondNorfolk"
"11","4180.11","1197.54","2015-10-11 00:00:00","1.57","1561.3","0","1421.27","76.67","1344.6","0","organic","StLouis"
"11","1599.13","0","2015-10-11 00:00:00","1.57","26.54","0","1572.59","1572.59","0","0","organic","Syracuse"
"44","1926.71","3.71","2015-02-22 00:00:00","1.57","50.55","0","1872.45","1872.45","0","0","organic","Syracuse"
"27","214929.13","79625.61","2015-06-21 00:00:00","1.57","96596.31","135.42","38571.79","5631.69","32940.1","0","organic","West"
"23","2399.74","16.56","2016-07-17 00:00:00","1.57","201.12","0","2182.06","2182.06","0","0","organic","Albany"
"11","10417.82","30.12","2016-10-09 00:00:00","1.57","706.39","0","9681.31","9676.32","4.99","0","organic","Boston"
"31","18030.82","8.23","2016-05-22 00:00:00","1.57","593.13","0","17429.46","15470.61","1958.85","0","organic","Boston"
"10","1163.67","29.94","2016-10-16 00:00:00","1.57","143.73","0","990","990","0","0","organic","BuffaloRochester"
"11","1118.55","16.74","2016-10-09 00:00:00","1.57","245.14","0","856.67","856.67","0","0","organic","BuffaloRochester"
"28","6617.16","8.36","2016-06-12 00:00:00","1.57","294.25","0","6314.55","2595.08","3719.47","0","organic","BuffaloRochester"
"39","5728.61","0","2016-03-27 00:00:00","1.57","214.06","0","5514.55","2237.23","3277.32","0","organic","BuffaloRochester"
"27","196942.94","23134.77","2016-06-19 00:00:00","1.57","102745.34","35.56","71027.27","70936.33","90.94","0","organic","California"
"40","4713.35","370.07","2016-03-20 00:00:00","1.57","2022.52","490.82","1829.94","1829.94","0","0","organic","Charlotte"
"51","8032.68","1673.67","2016-01-03 00:00:00","1.57","5173.13","0","1185.88","196.67","989.21","0","organic","Detroit"
"36","1620.45","102.47","2016-04-17 00:00:00","1.57","788.49","0","729.49","720","9.49","0","organic","GrandRapids"
"20","126449.62","6209.59","2016-08-07 00:00:00","1.57","65472.42","6.36","54761.25","14322.22","40439.03","0","organic","GreatLakes"
"41","8599.69","219.32","2016-03-13 00:00:00","1.57","276.6","18.01","8085.76","5850.63","2235.13","0","organic","HarrisburgScranton"
"36","2548.55","1072.9","2016-04-17 00:00:00","1.57","11.55","0","1464.1","1464.1","0","0","organic","MiamiFtLauderdale"
"44","59602.55","3095.81","2016-02-21 00:00:00","1.57","35011.1","2035.98","19459.66","11889.39","7570.27","0","organic","Midsouth"
"40","4356.15","2282.29","2016-03-20 00:00:00","1.57","101.75","0","1972.11","1972.11","0","0","organic","Orlando"
"40","10097.84","5963.86","2016-03-20 00:00:00","1.57","1870.27","0","2263.71","2071.02","192.69","0","organic","PhoenixTucson"
"36","42572.64","4095.59","2016-04-17 00:00:00","1.57","21297.04","3141.27","14038.74","7726.44","6312.3","0","organic","Plains"
"46","37624.17","3285.43","2016-02-07 00:00:00","1.57","17837.59","3581.64","12919.51","8836.54","4082.97","0","organic","Plains"
"13","15562.86","2981.79","2016-09-25 00:00:00","1.57","2886.82","0","9694.25","4026.13","5668.12","0","organic","Portland"
"45","39730.5","14094.73","2016-02-14 00:00:00","1.57","7433.77","388.89","17813.11","15792.13","2020.98","0","organic","Southeast"
"21","9269.91","2001.3","2016-07-31 00:00:00","1.57","1662.32","52.23","5554.06","5547.39","6.67","0","organic","StLouis"
"39","2668.42","0","2016-03-27 00:00:00","1.57","103.24","0","2565.18","1290.54","1274.64","0","organic","Syracuse"
"5","2841.29","27.75","2017-11-26 00:00:00","1.57","182.15","0","2631.39","2631.39","0","0","organic","Albany"
"33","4270.28","44.12","2017-05-14 00:00:00","1.57","450.74","0","3775.42","3775.42","0","0","organic","Albany"
"24","37981.09","845.67","2017-07-16 00:00:00","1.57","4835.57","168.13","32131.72","32131.72","0","0","organic","BaltimoreWashington"
"41","209591.02","25435.01","2017-03-19 00:00:00","1.57","81224.16","39.25","102892.6","81019.63","21872.97","0","organic","California"
"23","21376.74","11038.45","2017-07-23 00:00:00","1.57","468.58","0","9869.71","9851.49","18.22","0","organic","DallasFtWorth"
"44","7915.2","49.12","2017-02-26 00:00:00","1.57","4221.38","0","3644.7","3560.5","84.2","0","organic","GrandRapids"
"19","18983.06","6268.52","2017-08-20 00:00:00","1.57","28.56","0","12685.98","12565.99","119.99","0","organic","Houston"
"11","10795.73","166.96","2017-10-15 00:00:00","1.57","1439.7","0","9171.38","7466.67","1704.71","0","organic","Indianapolis"
"2","3861.18","1","2017-12-17 00:00:00","1.57","851.14","0","3009.04","1284.9","1724.14","0","organic","Louisville"
"23","176562.15","2368.63","2017-07-23 00:00:00","1.57","49706.22","1106.94","123369.31","103897.97","19471.34","0","organic","Midsouth"
"5","5631.95","50.44","2017-11-26 00:00:00","1.57","1862.68","0","3718.83","2667.33","1051.5","0","organic","Nashville"
"34","3722.76","353.11","2017-05-07 00:00:00","1.57","0","0","3369.65","2418.72","950.93","0","organic","NewOrleansMobile"
"9","39048.27","1.67","2017-10-29 00:00:00","1.57","177.53","0","38869.07","32627.56","6241.51","0","organic","NorthernNewEngland"
"14","16661.59","1.21","2017-09-24 00:00:00","1.57","105.02","0","16555.36","16555.36","0","0","organic","NorthernNewEngland"
"34","13580.31","29.67","2017-05-07 00:00:00","1.57","398.54","0","13152.1","13152.1","0","0","organic","NorthernNewEngland"
"34","6683.62","781.71","2017-05-07 00:00:00","1.57","145.14","0","5756.77","2633.33","3123.44","0","organic","Orlando"
"14","34499.29","1640.43","2017-09-24 00:00:00","1.57","3883.65","28.78","28946.43","28946.43","0","0","organic","Philadelphia"
"29","3490.48","261.56","2017-06-11 00:00:00","1.57","0","0","3228.92","3228.92","0","0","organic","Pittsburgh"
"32","85984.55","4614.96","2017-05-21 00:00:00","1.57","33738.22","778.72","46852.65","22566.48","24286.17","0","organic","Plains"
"49","55867.65","5924.1","2017-01-22 00:00:00","1.57","18291.59","3406.4","28245.56","18114.66","10130.9","0","organic","Plains"
"7","11495.44","632.19","2017-11-12 00:00:00","1.57","2374.29","63.61","8425.35","8314.51","110.84","0","organic","RichmondNorfolk"
"22","14475.54","178.36","2017-07-30 00:00:00","1.57","3739.96","83.3","10473.92","9811.05","662.87","0","organic","SouthCarolina"
"5","91204.54","17430.38","2017-11-26 00:00:00","1.57","3137.84","0","70636.32","69765.16","871.16","0","organic","SouthCentral"
"1","90080.71","1409.87","2017-12-24 00:00:00","1.57","16980.39","96.76","71593.69","63498.43","8095.26","0","organic","Southeast"
"37","4884.2","292.71","2017-04-16 00:00:00","1.57","1306.43","5.38","3279.68","33.33","3246.35","0","organic","Spokane"
"49","1880.89","19.02","2017-01-22 00:00:00","1.57","65.93","0","1795.94","1795.94","0","0","organic","Syracuse"
"20","4124.63","11.93","2017-08-13 00:00:00","1.57","52.71","0","4059.99","4059.99","0","0","organic","Tampa"
"22","3724.2","41.69","2017-07-30 00:00:00","1.57","43.63","0","3638.88","3628.88","10","0","organic","Tampa"
"2","1148617.16","94905.86","2017-12-17 00:00:00","1.57","248498.73","982.45","803682.1","673202.55","130360.58","118.97","organic","TotalUS"
"34","1394126.23","172722.76","2017-05-07 00:00:00","1.57","386288.18","4161.33","830953.96","489455.97","341497.99","0","organic","TotalUS"
"3","239135.67","34245.39","2018-03-04 00:00:00","1.57","67952.25","0","136938.03","136877.43","60.6","0","organic","California"
"4","7371.84","470.96","2018-02-25 00:00:00","1.57","1510.35","0","5390.53","4640.71","749.82","0","organic","Columbus"
"10","2808.84","44.77","2018-01-14 00:00:00","1.57","587.12","5.12","2171.83","2171.83","0","0","organic","Jacksonville"
"11","7700.96","41.48","2018-01-07 00:00:00","1.57","2384.27","0","5275.21","3330.37","1944.84","0","organic","Nashville"
"7","19108.24","5.37","2018-02-04 00:00:00","1.57","268.37","0","18834.5","18834.5","0","0","organic","NorthernNewEngland"
"5","9465.72","281.04","2018-02-18 00:00:00","1.57","1239.92","0","7944.76","6697.78","1246.98","0","organic","Orlando"
"4","76998.78","5465.58","2018-02-25 00:00:00","1.57","18240.36","0","53292.84","35159.1","18133.74","0","organic","Plains"
"3","35296.54","1772","2018-03-04 00:00:00","1.57","6857.18","1.74","26665.62","1752.33","24882.44","30.85","organic","Portland"
"1","9095.2","110.35","2018-03-18 00:00:00","1.57","2580.21","0","6404.64","4667.07","1737.57","0","organic","Roanoke"
"4","1459852.55","122912.97","2018-02-25 00:00:00","1.57","340374.83","1063.32","994471.5","765056.82","229158.56","256.12","organic","TotalUS"
"4","18421.24","1974.26","2018-02-25 00:00:00","1.57","2482.65","0","13964.33","13698.27","266.06","0","organic","WestTexNewMexico"
"6","15986.17","1924.28","2018-02-11 00:00:00","1.57","1368.32","0","12693.57","12437.35","256.22","0","organic","WestTexNewMexico"
"16","76139.58","1471.69","2015-09-06 00:00:00","1.56","49388.48","173.32","25106.09","25092.76","13.33","0","conventional","BuffaloRochester"
"14","578500.76","94105.15","2015-09-20 00:00:00","1.56","380999.77","33739.89","69655.95","68664.57","946.67","44.71","conventional","SanFrancisco"
"20","603876.9","158022.04","2015-08-09 00:00:00","1.56","345590.21","24997.46","75267.19","74158.48","1108.71","0","conventional","SanFrancisco"
"23","633327.17","146180.86","2015-07-19 00:00:00","1.56","385520.87","19150.08","82475.36","81674.34","801.02","0","conventional","SanFrancisco"
"5","70089.51","3675.63","2016-11-20 00:00:00","1.56","56898.54","11","9504.34","9238.4","209","56.94","conventional","Albany"
"6","397601.1","5233.97","2016-11-13 00:00:00","1.56","314434.8","3726.92","74205.41","74205.41","0","0","conventional","Boston"
"23","488508.05","11289.68","2016-07-17 00:00:00","1.56","320250.99","10381.25","146586.13","142601.99","9.14","3975","conventional","Boston"
"4","970753.07","15264.26","2016-11-27 00:00:00","1.56","696848.85","2022.9","256617.06","223707.17","32610.95","298.94","conventional","NewYork"
"22","389534.59","13780.15","2016-07-24 00:00:00","1.56","184981.97","13602.94","177169.53","167882.27","4319.2","4968.06","conventional","Philadelphia"
"5","183327.73","66026.81","2016-11-20 00:00:00","1.56","40837.67","11043.15","65420.1","63280.1","1846.94","293.06","conventional","RaleighGreensboro"
"8","33699.68","967.38","2016-10-30 00:00:00","1.56","25926.02","12.23","6794.05","6791.83","2.22","0","conventional","Syracuse"
"10","69704.09","3758.8","2017-10-22 00:00:00","1.56","57340.3","35.48","8569.51","5101.64","3467.87","0","conventional","Albany"
"26","98282.07","2808.47","2017-07-02 00:00:00","1.56","79968.24","741.19","14764.17","6549.32","6584.85","1630","conventional","Albany"
"24","594015.93","9162.09","2017-07-16 00:00:00","1.56","463806.98","3825.67","117221.19","76876.7","38373.38","1971.11","conventional","Boston"
"39","571902.2","7962.51","2017-04-02 00:00:00","1.56","427483.9","3484.11","132971.68","115541.17","17430.51","0","conventional","Boston"
"17","135280.49","2894.04","2017-09-03 00:00:00","1.56","67610.93","39.76","64735.76","56628.27","6698.6","1408.89","conventional","BuffaloRochester"
"38","172946.22","1954.15","2017-04-09 00:00:00","1.56","80632.6","48.8","90310.67","38343.57","51967.1","0","conventional","BuffaloRochester"
"46","135286.7","1773.3","2017-02-12 00:00:00","1.56","71050.71","110.87","62351.82","58032.13","4319.69","0","conventional","BuffaloRochester"
"37","203220.34","48494.75","2017-04-16 00:00:00","1.56","77380.84","7459.86","69884.89","66436.6","3448.29","0","conventional","Charlotte"
"4","654739","99971","2017-12-03 00:00:00","1.56","378155","92092","84522","48070","36440","12","conventional","Chicago"
"16","585138.06","114529.62","2017-09-10 00:00:00","1.56","167203.28","12806.42","290598.74","130758.05","159840.69","0","conventional","Denver"
"31","275488.47","53527.9","2017-05-28 00:00:00","1.56","137082.84","170.2","84707.53","80202.22","4474.75","30.56","conventional","HarrisburgScranton"
"37","261861.07","50600.52","2017-04-16 00:00:00","1.56","123726.97","83.48","87450.1","74662.8","12787.3","0","conventional","HarrisburgScranton"
"7","226866","6490","2017-11-12 00:00:00","1.56","162389","206","57781","55528","2253","0","conventional","HartfordSpringfield"
"22","258166.4","5477.9","2017-07-30 00:00:00","1.56","190639.6","130.79","61918.11","59706.9","1314.55","896.66","conventional","HartfordSpringfield"
"10","152418.64","89649.03","2017-10-22 00:00:00","1.56","11079.1","260.69","51429.82","21040.91","30388.91","0","conventional","Jacksonville"
"41","138402.06","72614.47","2017-03-19 00:00:00","1.56","15206.97","167.14","50413.48","24402.11","25501.37","510","conventional","Jacksonville"
"43","134582.21","71350.35","2017-03-05 00:00:00","1.56","16171.12","82.78","46977.96","19070.58","27887.38","20","conventional","Jacksonville"
"19","88644.49","2852.34","2017-08-20 00:00:00","1.56","35594.01","148.97","50049.17","24106.1","25489.74","453.33","conventional","Louisville"
"10","2380544.44","537789.18","2017-10-22 00:00:00","1.56","1026119.76","20115.07","796520.43","698822.91","97558.95","138.57","conventional","Midsouth"
"16","2428140.05","466611.07","2017-09-10 00:00:00","1.56","1074163.59","21742.49","865622.9","732278.1","110137.25","23207.55","conventional","Midsouth"
"21","1277419.69","59767.3","2017-08-06 00:00:00","1.56","821262.42","2432.16","393957.81","358318.64","24812.03","10827.14","conventional","NewYork"
"10","328326.17","214853.32","2017-10-22 00:00:00","1.56","27481.16","613.49","85378.2","50444.75","34933.45","0","conventional","Orlando"
"11","97962.05","34869.71","2017-10-15 00:00:00","1.56","21509.86","1142.62","40439.86","32424.63","8015.23","0","conventional","Pittsburgh"
"33","410450.05","152535.19","2017-05-14 00:00:00","1.56","199991.54","1396.48","56526.84","54722.49","509.35","1295","conventional","Sacramento"
"9","716567.05","197107.52","2017-10-29 00:00:00","1.56","428002.14","4543.85","86913.54","85850.59","44","1018.95","conventional","SanFrancisco"
"12","316112.15","161942.76","2017-10-08 00:00:00","1.56","57386.29","1635.25","95147.85","61514.47","33613.17","20.21","conventional","SouthCarolina"
"22","75067.88","18393.36","2017-07-30 00:00:00","1.56","29605.74","88.93","26979.85","16550.54","10298.79","130.52","conventional","Spokane"
"16","26385081.36","9496485.27","2017-09-10 00:00:00","1.56","8373234.08","487926.52","8027435.49","6035666.24","1818832.48","172936.77","conventional","TotalUS"
"16","4281593.13","1701547.18","2017-09-10 00:00:00","1.56","994157.13","79291.53","1506597.29","877485.21","625252.36","3859.72","conventional","West"
"11","408203.49","22384.92","2018-01-07 00:00:00","1.56","239185.79","407.29","146225.49","114764.69","31460.8","0","conventional","Philadelphia"
"22","7888.45","2286.67","2015-07-26 00:00:00","1.56","2468.79","0","3132.99","1537.46","1595.53","0","organic","Atlanta"
"42","19053.84","6590.46","2015-03-08 00:00:00","1.56","3908.46","745.13","7809.79","7809.79","0","0","organic","BaltimoreWashington"
"45","16335.15","5709.5","2015-02-15 00:00:00","1.56","3782.28","777.82","6065.55","6065.55","0","0","organic","BaltimoreWashington"
"14","3291.61","33.31","2015-09-20 00:00:00","1.56","127.31","0","3130.99","3130.99","0","0","organic","BuffaloRochester"
"42","2163.15","9.28","2015-03-08 00:00:00","1.56","94.74","0","2059.13","2059.13","0","0","organic","BuffaloRochester"
"9","10526.95","416.07","2015-10-25 00:00:00","1.56","8846.71","0","1264.17","463.33","800.84","0","organic","CincinnatiDayton"
"17","14000.96","459.35","2015-08-30 00:00:00","1.56","11740.46","0","1801.15","190","1611.15","0","organic","CincinnatiDayton"
"24","14507.57","241.98","2015-07-12 00:00:00","1.56","11177.28","0","3088.31","226.67","2861.64","0","organic","CincinnatiDayton"
"26","8432.66","521.15","2015-06-28 00:00:00","1.56","6130.28","0","1781.23","306.67","1474.56","0","organic","Detroit"
"17","96236.54","12072.61","2015-08-30 00:00:00","1.56","68165.17","0","15998.76","5736.66","10262.1","0","organic","GreatLakes"
"30","2305.49","78.89","2015-05-31 00:00:00","1.56","953.08","0","1273.52","952.55","320.97","0","organic","Indianapolis"
"37","8894.91","4396.88","2015-04-12 00:00:00","1.56","3477.96","0","1020.07","450","570.07","0","organic","LasVegas"
"23","41636.8","17780.38","2015-07-19 00:00:00","1.56","15390.1","0","8466.32","8466.32","0","0","organic","LosAngeles"
"24","1751.57","85.16","2015-07-12 00:00:00","1.56","2.5","0","1663.91","1663.91","0","0","organic","MiamiFtLauderdale"
"51","58065.35","10049.66","2015-01-04 00:00:00","1.56","25228.37","3672.89","19114.43","17280.89","1833.54","0","organic","Midsouth"
"35","2747.19","353.56","2015-04-26 00:00:00","1.56","83.28","0","2310.35","2310.35","0","0","organic","NewOrleansMobile"
"40","2568.19","428.01","2015-03-22 00:00:00","1.56","30.18","0","2110","2110","0","0","organic","NewOrleansMobile"
"37","14281.66","10085.19","2015-04-12 00:00:00","1.56","1365.84","0","2830.63","2138.25","692.38","0","organic","PhoenixTucson"
"41","9530.76","7209.12","2015-03-15 00:00:00","1.56","1255.07","0","1066.57","1056.67","9.9","0","organic","PhoenixTucson"
"2","852.98","283.91","2015-12-13 00:00:00","1.56","46.87","0","522.2","354.8","167.4","0","organic","Pittsburgh"
"28","1517.59","525.88","2015-06-14 00:00:00","1.56","68.05","0","923.66","687.69","235.97","0","organic","Pittsburgh"
"9","4336.41","62.3","2015-10-25 00:00:00","1.56","3016.52","0","1257.59","690","567.59","0","organic","Roanoke"
"27","11055.46","2962.12","2015-06-21 00:00:00","1.56","7601.86","0","491.48","491.48","0","0","organic","SanDiego"
"41","21389.7","13268.66","2015-03-15 00:00:00","1.56","8105.63","0","15.41","15.41","0","0","organic","SanFrancisco"
"42","20111.3","12933.84","2015-03-08 00:00:00","1.56","7159","0","18.46","18.46","0","0","organic","SanFrancisco"
"34","37257.59","8323.36","2015-05-03 00:00:00","1.56","21227.82","11.79","7694.62","14.56","7680.06","0","organic","Seattle"
"39","56106.52","8899.19","2015-03-29 00:00:00","1.56","43641.28","18.03","3548.02","0","3548.02","0","organic","Seattle"
"46","6072.82","475.63","2015-02-08 00:00:00","1.56","2142.16","552.27","2902.76","2600","302.76","0","organic","SouthCarolina"
"1","1711.63","42.41","2015-12-20 00:00:00","1.56","1048.06","0","621.16","0","621.16","0","organic","Spokane"
"3","1803","0","2015-12-06 00:00:00","1.56","54.03","0","1748.97","1738.06","10.91","0","organic","Syracuse"
"23","227872.88","61194.97","2015-07-19 00:00:00","1.56","120177.62","129.25","46371.04","3357.62","43013.42","0","organic","West"
"38","1903.46","36.34","2016-04-03 00:00:00","1.56","193.4","0","1673.72","1673.72","0","0","organic","Albany"
"5","9756.02","917.83","2016-11-20 00:00:00","1.56","3156.22","0","5681.97","1769.48","3912.49","0","organic","Atlanta"
"51","16106.89","581.45","2016-01-03 00:00:00","1.56","6584.41","507.32","8433.71","1212.32","7221.39","0","organic","BaltimoreWashington"
"36","1228.73","11.78","2016-04-17 00:00:00","1.56","670.27","0","546.68","306.67","240.01","0","organic","Boise"
"7","1186.44","12.03","2016-11-06 00:00:00","1.56","144.41","0","1030","1030","0","0","organic","BuffaloRochester"
"33","7228.12","3.57","2016-05-08 00:00:00","1.56","152.48","0","7072.07","3333.78","3738.29","0","organic","BuffaloRochester"
"43","6934.94","0","2016-02-28 00:00:00","1.56","223.9","0","6711.04","699.31","6011.73","0","organic","BuffaloRochester"
"21","188494.23","21895.14","2016-07-31 00:00:00","1.56","83894.93","12.45","82691.71","78991.53","3700.18","0","organic","California"
"22","185039.68","22033.28","2016-07-24 00:00:00","1.56","82329.89","26.42","80650.09","70510.95","10139.14","0","organic","California"
"33","1750.18","50.8","2016-05-08 00:00:00","1.56","1364.24","0","335.14","335.14","0","0","organic","GrandRapids"
"38","1409.23","78.55","2016-04-03 00:00:00","1.56","868.21","0","462.47","450","12.47","0","organic","GrandRapids"
"18","7470.66","376.97","2016-08-21 00:00:00","1.56","300.68","10.04","6782.97","6771.34","11.63","0","organic","HarrisburgScranton"
"16","5235.64","714.79","2016-09-04 00:00:00","1.56","1827.78","0","2693.07","1221.61","1471.46","0","organic","Indianapolis"
"26","13868.58","4663.99","2016-06-26 00:00:00","1.56","5947.35","0","3257.24","669.63","2587.61","0","organic","LasVegas"
"21","113650.17","4140.74","2016-07-31 00:00:00","1.56","54282.79","4197.48","51029.16","32863.37","18165.79","0","organic","Midsouth"
"18","3603.85","394.77","2016-08-21 00:00:00","1.56","5.73","0","3203.35","3140.02","63.33","0","organic","NewOrleansMobile"
"11","10289.97","0","2016-10-09 00:00:00","1.56","123.95","0","10166.02","10166.02","0","0","organic","NorthernNewEngland"
"7","6077.14","850.75","2016-11-06 00:00:00","1.56","90.48","0","5135.91","1776.66","3359.25","0","organic","Orlando"
"8","3758.96","692.43","2016-10-30 00:00:00","1.56","201.48","0","2865.05","303.33","2561.72","0","organic","Orlando"
"38","5754.88","2988.39","2016-04-03 00:00:00","1.56","132.34","0","2634.15","2634.15","0","0","organic","Orlando"
"47","5730.24","188.11","2016-01-31 00:00:00","1.56","2631.57","447.6","2462.96","1821.85","641.11","0","organic","RaleighGreensboro"
"18","9072.92","101.74","2016-08-21 00:00:00","1.56","4189.33","363.87","4417.98","2669.12","1748.86","0","organic","RichmondNorfolk"
"42","5255.59","716.32","2016-03-06 00:00:00","1.56","1990.61","254.86","2293.8","2267.22","26.58","0","organic","SouthCarolina"
"16","1844.23","10.97","2016-09-04 00:00:00","1.56","107.31","0","1725.95","1725.95","0","0","organic","Syracuse"
"33","4156.13","0","2016-05-08 00:00:00","1.56","168.54","0","3987.59","2181.06","1806.53","0","organic","Syracuse"
"3","832767.55","106472.53","2016-12-04 00:00:00","1.56","242055.86","2918.28","481320.88","284858.65","196462.23","0","organic","TotalUS"
"10","152876.61","23968.08","2016-10-16 00:00:00","1.56","36780.7","57.44","92070.39","25657.03","66413.36","0","organic","West"
"26","213439.57","57147.64","2016-06-26 00:00:00","1.56","101491.99","226.13","54573.81","17817.37","36756.44","0","organic","West"
"1","35540.32","919.11","2017-12-24 00:00:00","1.56","5886.28","89.47","28645.46","28639.86","5.6","0","organic","BaltimoreWashington"
"12","30044.2","15.95","2017-10-08 00:00:00","1.56","1103.1","0","28925.15","28907.37","17.78","0","organic","Boston"
"14","31132.88","51.41","2017-09-24 00:00:00","1.56","952.51","0","30128.96","30124.52","4.44","0","organic","Boston"
"15","31066.35","7.65","2017-09-17 00:00:00","1.56","1268.05","0","29790.65","29698.52","92.13","0","organic","Boston"
"2","6639.05","410.79","2017-12-17 00:00:00","1.56","1349.75","1.15","4877.36","3876.26","1001.1","0","organic","Columbus"
"51","4991.69","579.67","2017-01-08 00:00:00","1.56","2132.29","0","2279.73","2139.81","139.92","0","organic","Columbus"
"28","148060.59","3126.38","2017-06-18 00:00:00","1.56","73192.35","0","71741.86","11087.54","60654.32","0","organic","GreatLakes"
"7","19100.44","204.09","2017-11-12 00:00:00","1.56","163.45","6.77","18726.13","18711.27","14.86","0","organic","HarrisburgScranton"
"24","17319.13","184.6","2017-07-16 00:00:00","1.56","186.95","15.81","16931.77","16931.77","0","0","organic","HarrisburgScranton"
"45","39978.99","849.87","2017-02-19 00:00:00","1.56","32225.71","0","6903.41","6224.38","679.03","0","organic","HartfordSpringfield"
"4","25457.57","7042.76","2017-12-03 00:00:00","1.56","178.32","0","18236.49","18166.49","70","0","organic","Houston"
"5","20411.15","4935.65","2017-11-26 00:00:00","1.56","26.45","0","15449.05","15429.05","20","0","organic","Houston"
"6","24963.18","5928.62","2017-11-19 00:00:00","1.56","75.49","0","18959.07","18955.74","3.33","0","organic","Houston"
"4","8048.35","1471.55","2017-12-03 00:00:00","1.56","1226.52","0","5350.28","5330.41","19.87","0","organic","LasVegas"
"22","4666.42","0","2017-07-30 00:00:00","1.56","1153.38","0","3513.04","1403.33","2109.71","0","organic","Louisville"
"1","7151.34","70.46","2017-12-24 00:00:00","1.56","2170.79","0","4910.09","3146.85","1763.24","0","organic","Nashville"
"13","18317.19","10.88","2017-10-01 00:00:00","1.56","163.19","0","18143.12","18143.12","0","0","organic","NorthernNewEngland"
"28","2644.9","225.97","2017-06-18 00:00:00","1.56","110.98","0","2307.95","2304.62","3.33","0","organic","Pittsburgh"
"27","65066.62","3136.16","2017-06-25 00:00:00","1.56","19656.54","112.27","42161.65","18213.76","23947.89","0","organic","Plains"
"28","79491.78","4541.23","2017-06-18 00:00:00","1.56","31669.43","267.93","43013.19","20340.83","22672.36","0","organic","Plains"
"38","82376.37","5699.93","2017-04-09 00:00:00","1.56","20029.5","5924.48","50722.46","20695.25","30027.21","0","organic","Plains"
"50","64677.46","5384.45","2017-01-15 00:00:00","1.56","18694.14","5562.78","35036.09","23848.37","11187.72","0","organic","Plains"
"44","8608.11","241.98","2017-02-26 00:00:00","1.56","4059.23","328.88","3978.02","2617.49","1360.53","0","organic","RaleighGreensboro"
"12","16660.78","416.49","2017-10-08 00:00:00","1.56","2475.61","67.47","13701.21","13577.23","123.98","0","organic","RichmondNorfolk"
"22","14439.15","623.91","2017-07-30 00:00:00","1.56","4519.06","138.65","9157.53","8250.67","906.86","0","organic","RichmondNorfolk"
"29","11925.84","666.26","2017-06-11 00:00:00","1.56","4779.4","149.16","6331.02","3456.32","2874.7","0","organic","RichmondNorfolk"
"50","6047","434.68","2017-01-15 00:00:00","1.56","2923.44","197.24","2491.64","2491.64","0","0","organic","RichmondNorfolk"
"5","6698.22","247.15","2017-11-26 00:00:00","1.56","1535.64","0","4915.43","4892.04","23.39","0","organic","Roanoke"
"6","12562.5","89.27","2017-11-19 00:00:00","1.56","3201.7","85.36","9186.17","8899.71","286.46","0","organic","SouthCarolina"
"5","77114.49","1025.51","2017-11-26 00:00:00","1.56","14256.23","57.5","61775.25","57164.51","4610.74","0","organic","Southeast"
"30","5718.65","458.07","2017-06-04 00:00:00","1.56","1976.71","0","3283.87","46.67","3237.2","0","organic","Spokane"
"33","5224.55","430.77","2017-05-14 00:00:00","1.56","1195.66","25.22","3572.9","103.37","3469.53","0","organic","Spokane"
"3","5580.67","27.66","2017-12-10 00:00:00","1.56","438.56","0","5114.45","5111.12","3.33","0","organic","Tampa"
"24","3525.61","22.61","2017-07-16 00:00:00","1.56","39.69","0","3463.31","3459.98","3.33","0","organic","Tampa"
"29","1397448.17","160841.97","2017-06-11 00:00:00","1.56","339777.07","3623.46","893205.67","468156.32","425049.35","0","organic","TotalUS"
"4","5356.63","816.56","2018-02-25 00:00:00","1.56","532.59","0","4007.48","4007.48","0","0","organic","Albany"
"0","18717.08","469.23","2018-03-25 00:00:00","1.56","3942.82","0","14305.03","9398.45","4906.58","0","organic","Atlanta"
"5","11165.57","429.96","2018-02-18 00:00:00","1.56","4037.32","0","6698.29","5920.95","777.34","0","organic","Atlanta"
"10","16151.7","291.55","2018-01-14 00:00:00","1.56","3583.4","0","12276.75","7227.8","5048.95","0","organic","Atlanta"
"7","188212.98","38078.53","2018-02-04 00:00:00","1.56","60551.97","0","89582.48","89527.66","54.82","0","organic","California"
"6","2174.66","6","2018-02-11 00:00:00","1.56","883.15","0","1285.51","1027.05","258.46","0","organic","Louisville"
"3","11549.64","420.45","2018-03-04 00:00:00","1.56","893.13","0","10236.06","8935.54","1300.52","0","organic","MiamiFtLauderdale"
"8","319174.35","23903.56","2018-01-28 00:00:00","1.56","45738.71","143.8","249388.28","242631.48","6756.8","0","organic","Northeast"
"11","7074.23","79.68","2018-01-07 00:00:00","1.56","649.38","0","6345.17","6335.56","9.61","0","organic","Orlando"
"4","31548.98","4302.81","2018-02-25 00:00:00","1.56","8227.53","4.2","19014.44","19011.11","3.33","0","organic","Philadelphia"
"6","33493.93","2598.21","2018-02-11 00:00:00","1.56","7330.17","8.57","23556.98","1415.85","22087.81","53.32","organic","Portland"
"4","10168.42","194.34","2018-02-25 00:00:00","1.56","2044.25","0","7929.83","5548.04","2381.79","0","organic","Roanoke"
"6","1317000.47","98465.26","2018-02-11 00:00:00","1.56","270798.27","1839.8","945638.02","768242.42","177144","251.6","organic","TotalUS"
"1","15896.38","2055.35","2018-03-18 00:00:00","1.56","1499.55","0","12341.48","12114.81","226.67","0","organic","WestTexNewMexico"
"2","22128.42","2162.67","2018-03-11 00:00:00","1.56","3194.25","8.93","16762.57","16510.32","252.25","0","organic","WestTexNewMexico"
"5","17597.12","1892.05","2018-02-18 00:00:00","1.56","1928.36","0","13776.71","13553.53","223.18","0","organic","WestTexNewMexico"
"9","561342.23","126498.63","2015-10-25 00:00:00","1.55","334051.96","31358.89","69432.75","68582.18","812.22","38.35","conventional","SanFrancisco"
"13","137599.07","2757.72","2016-09-25 00:00:00","1.55","75047.32","4714.89","55079.14","47569.38","7490.85","18.91","conventional","GrandRapids"
"7","174837.42","40523.19","2016-11-06 00:00:00","1.55","82049.79","151.56","52112.88","51326.63","756.25","30","conventional","HarrisburgScranton"
"7","1281023.69","576884.27","2016-11-06 00:00:00","1.55","366464.25","6472.83","331202.34","300860.55","26241.79","4100","conventional","Plains"
"4","33757.95","690.91","2016-11-27 00:00:00","1.55","24789.85","6.97","8270.22","8270.22","0","0","conventional","Syracuse"
"50","88526.26","3327.65","2017-01-15 00:00:00","1.55","71956.77","607.03","12634.81","12574.72","60.09","0","conventional","Albany"
"51","91728.18","3355.47","2017-01-08 00:00:00","1.55","75641.23","56.91","12674.57","12606.67","67.9","0","conventional","Albany"
"13","421235.13","222683.91","2017-10-01 00:00:00","1.55","45065.96","366.89","153118.37","101913.35","51196.55","8.47","conventional","Atlanta"
"9","682236.82","62566.85","2017-10-29 00:00:00","1.55","434269.43","4193.34","181207.2","179693.45","1510.42","3.33","conventional","BaltimoreWashington"
"21","604758.68","8619.19","2017-08-06 00:00:00","1.55","470232.85","3211.56","122695.08","85619.14","35182.6","1893.34","conventional","Boston"
"42","495117.57","5729.95","2017-03-12 00:00:00","1.55","389749.89","3675.15","95962.58","75284.64","20014.05","663.89","conventional","Boston"
"33","152142.57","1761.8","2017-05-14 00:00:00","1.55","66532.44","134.29","83714.04","82649.46","1064.58","0","conventional","BuffaloRochester"
"36","147244.2","2554.61","2017-04-23 00:00:00","1.55","70195.44","39.89","74454.26","72228.55","2225.71","0","conventional","BuffaloRochester"
"42","207026.03","48009.39","2017-03-12 00:00:00","1.55","87659.78","8252.21","63104.65","58990.64","4114.01","0","conventional","Charlotte"
"10","111491.11","46747.3","2017-10-22 00:00:00","1.55","15690.62","750.6","48302.59","42964.29","5308.37","29.93","conventional","Columbus"
"20","286679.02","64304.67","2017-08-13 00:00:00","1.55","33590.3","27839.54","160944.51","137133.56","10425.92","13385.03","conventional","Detroit"
"23","267254.47","66396.62","2017-07-23 00:00:00","1.55","40479","30384.25","129994.6","113415.54","2545.08","14033.98","conventional","Detroit"
"9","138190.33","2263.72","2017-10-29 00:00:00","1.55","65813.83","21510.67","48602.11","40970.87","2846.34","4784.9","conventional","GrandRapids"
"30","247060.03","50484.86","2017-06-04 00:00:00","1.55","118452.04","139.39","77983.74","75848.61","1879.02","256.11","conventional","HarrisburgScranton"
"4","231210","5716","2017-12-03 00:00:00","1.55","166828","171","58495","47328","11166","0","conventional","HartfordSpringfield"
"42","146196.96","78256.68","2017-03-12 00:00:00","1.55","17190.82","85.68","50663.78","23969.51","26579.27","115","conventional","Jacksonville"
"15","2466838.85","512068.16","2017-09-17 00:00:00","1.55","1116827.87","20473.18","817469.64","716654.48","98413.44","2401.72","conventional","Midsouth"
"23","1306877.98","63537.04","2017-07-23 00:00:00","1.55","830714.94","3112.43","409513.57","380873.57","21311.87","7328.13","conventional","NewYork"
"44","1241381.61","37239.25","2017-02-26 00:00:00","1.55","855650.14","7080.46","341411.76","269130.72","65872.47","6408.57","conventional","NewYork"
"22","412937.73","7321.27","2017-07-30 00:00:00","1.55","340883.77","4312.89","60419.8","18260.75","40432.38","1726.67","conventional","NorthernNewEngland"
"43","270877.61","159001.85","2017-03-05 00:00:00","1.55","39733.35","36.19","72106.22","41112.34","30993.88","0","conventional","Orlando"
"26","509256","157249.59","2017-07-02 00:00:00","1.55","285875.16","12975.27","53155.98","50509.46","676.52","1970","conventional","Sacramento"
"29","440572.26","164987.61","2017-06-11 00:00:00","1.55","210729.68","9745.09","55109.88","50595.08","601.47","3913.33","conventional","Sacramento"
"31","481635.83","161377.98","2017-05-28 00:00:00","1.55","265045.66","1129.2","54082.99","51629.16","373.83","2080","conventional","Sacramento"
"21","77832.62","20501.08","2017-08-06 00:00:00","1.55","29823.74","121.9","27385.9","17489.63","9861.3","34.97","conventional","Spokane"
"8","125685.45","58145.15","2017-11-05 00:00:00","1.55","16129.77","588.91","50821.62","44600.41","6221.21","0","conventional","StLouis"
"52","64284.03","853.31","2017-01-01 00:00:00","1.55","47182.71","7","16241.01","16175.8","65.21","0","conventional","Syracuse"
"8","162674.55","2937.98","2018-01-28 00:00:00","1.55","86845.82","30069.97","42820.78","31880.77","1661.64","9278.37","conventional","GrandRapids"
"34","1403.79","22.12","2015-05-03 00:00:00","1.55","737.88","0","643.79","210","433.79","0","organic","Boise"
"2","8563.97","18.24","2015-12-13 00:00:00","1.55","434.18","251.75","7859.8","7848.99","10.81","0","organic","Boston"
"7","4031.98","2.38","2015-11-08 00:00:00","1.55","141.17","0","3888.43","3888.43","0","0","organic","BuffaloRochester"
"8","2738.24","14.25","2015-11-01 00:00:00","1.55","92.6","0","2631.39","2631.39","0","0","organic","BuffaloRochester"
"9","3021.45","20.19","2015-10-25 00:00:00","1.55","123.59","0","2877.67","2871","6.67","0","organic","BuffaloRochester"
"12","3447.03","29.73","2015-10-04 00:00:00","1.55","177.18","0","3240.12","3240.12","0","0","organic","BuffaloRochester"
"15","4265.98","19.04","2015-09-13 00:00:00","1.55","139.85","0","4107.09","4107.09","0","0","organic","BuffaloRochester"
"43","3520.47","17.44","2015-03-01 00:00:00","1.55","126.08","0","3376.95","3376.95","0","0","organic","BuffaloRochester"
"47","2808.55","18.78","2015-02-01 00:00:00","1.55","102.35","0","2687.42","2687.42","0","0","organic","BuffaloRochester"
"36","27489.48","614.18","2015-04-19 00:00:00","1.55","25888.63","0","986.67","986.67","0","0","organic","Chicago"
"30","9908.64","616.11","2015-05-31 00:00:00","1.55","7097.83","0","2194.7","1165.54","1029.16","0","organic","Detroit"
"47","8707.92","449.84","2015-02-01 00:00:00","1.55","6955.71","0","1302.37","253.33","1049.04","0","organic","Detroit"
"2","2093.11","1024.98","2015-12-13 00:00:00","1.55","891.47","0","176.66","176.66","0","0","organic","GrandRapids"
"1","62669.16","7341.18","2015-12-20 00:00:00","1.55","45409.35","6.23","9912.4","4761.67","5150.73","0","organic","GreatLakes"
"29","81945.35","4002.95","2015-06-07 00:00:00","1.55","58492.04","3.15","19447.21","10793.27","8653.94","0","organic","GreatLakes"
"35","92616.45","3518.79","2015-04-26 00:00:00","1.55","73735","0","15362.66","9119.01","6243.65","0","organic","GreatLakes"
"41","65534.87","3884.91","2015-03-15 00:00:00","1.55","47489.47","0","14160.49","8669.15","5491.34","0","organic","GreatLakes"
"34","6372.85","45.29","2015-05-03 00:00:00","1.55","5832.35","20.71","474.5","474.5","0","0","organic","HartfordSpringfield"
"8","1906.4","179.56","2015-11-01 00:00:00","1.55","1061.64","0","665.2","276.67","388.53","0","organic","Indianapolis"
"19","39542.9","15077.03","2015-08-16 00:00:00","1.55","13358.18","0","11107.69","11107.69","0","0","organic","LosAngeles"
"47","1336.46","0","2015-02-01 00:00:00","1.55","772.41","0","564.05","303.33","260.72","0","organic","Louisville"
"11","4976.32","609.97","2015-10-11 00:00:00","1.55","3428.69","0","937.66","296.67","640.99","0","organic","Nashville"
"30","4984.2","380.02","2015-05-31 00:00:00","1.55","2767.07","0","1837.11","835.86","1001.25","0","organic","Nashville"
"32","6367.54","383.39","2015-05-17 00:00:00","1.55","4720.92","0","1263.23","884.72","378.51","0","organic","Nashville"
"0","2215.74","383.17","2015-12-27 00:00:00","1.55","5.85","0","1826.72","1826.72","0","0","organic","NewOrleansMobile"
"19","2797.39","256.67","2015-08-16 00:00:00","1.55","119.68","0","2421.04","2421.04","0","0","organic","NewOrleansMobile"
"24","2227.05","221.5","2015-07-12 00:00:00","1.55","5.44","0","2000.11","2000.11","0","0","organic","NewOrleansMobile"
"30","2718.12","495.43","2015-05-31 00:00:00","1.55","11.01","0","2211.68","2211.68","0","0","organic","NewOrleansMobile"
"34","1469.41","238.51","2015-05-03 00:00:00","1.55","41.6","0","1189.3","1189.3","0","0","organic","NewOrleansMobile"
"41","2954.83","317.68","2015-03-15 00:00:00","1.55","43.82","0","2593.33","2593.33","0","0","organic","NewOrleansMobile"
"5","4698.19","400.4","2015-11-22 00:00:00","1.55","1708.91","40.49","2548.39","93.11","2455.28","0","organic","Philadelphia"
"46","12418.02","9275.33","2015-02-08 00:00:00","1.55","1356.02","0","1786.67","1786.67","0","0","organic","PhoenixTucson"
"1","679.51","234.43","2015-12-20 00:00:00","1.55","31.59","0","413.49","287.87","125.62","0","organic","Pittsburgh"
"3","1313.49","332.88","2015-12-06 00:00:00","1.55","238.73","0","741.88","555.08","186.8","0","organic","Pittsburgh"
"49","3448.42","312.68","2015-01-18 00:00:00","1.55","709.27","0","2426.47","257.86","2168.61","0","organic","Pittsburgh"
"8","34437.74","3813.38","2015-11-01 00:00:00","1.55","13357.17","448.11","16819.08","8910.32","7908.76","0","organic","Plains"
"46","4719.47","103.88","2015-02-08 00:00:00","1.55","1872.21","444.17","2299.21","2083.33","215.88","0","organic","RichmondNorfolk"
"2","3195.92","108.32","2015-12-13 00:00:00","1.55","2452.48","0","635.12","467.11","168.01","0","organic","Roanoke"
"3","3016.06","61.69","2015-12-06 00:00:00","1.55","2193.93","0","760.44","483.33","277.11","0","organic","Roanoke"
"25","16352.08","3011.64","2015-07-05 00:00:00","1.55","12801.71","0","538.73","538.73","0","0","organic","SanDiego"
"26","12946.65","2398.15","2015-06-28 00:00:00","1.55","10206.13","0","342.37","342.37","0","0","organic","SanDiego"
"34","29248.72","19043.11","2015-05-03 00:00:00","1.55","10162.2","0","43.41","43.41","0","0","organic","SanFrancisco"
"36","28984.95","19780.58","2015-04-19 00:00:00","1.55","9164.18","0","40.19","40.19","0","0","organic","SanFrancisco"
"38","26530.7","17104.69","2015-04-05 00:00:00","1.55","9426.01","0","0","0","0","0","organic","SanFrancisco"
"39","28094.96","18872.86","2015-03-29 00:00:00","1.55","9215.92","0","6.18","6.18","0","0","organic","SanFrancisco"
"45","24986.4","16514.7","2015-02-15 00:00:00","1.55","8294.37","0","177.33","177.33","0","0","organic","SanFrancisco"
"1","22819.1","505.82","2015-12-20 00:00:00","1.55","13425.9","12.02","8875.36","51.94","8823.42","0","organic","Seattle"
"12","59719.09","24325.44","2015-10-04 00:00:00","1.55","5205.26","0","30188.39","29923.22","265.17","0","organic","SouthCentral"
"23","4216.12","480.49","2015-07-19 00:00:00","1.55","3201.75","0","533.88","0","533.88","0","organic","Spokane"
"30","4539.36","860.47","2015-05-31 00:00:00","1.55","3616.2","1.89","60.8","0","60.8","0","organic","Spokane"
"39","5611.76","758.52","2015-03-29 00:00:00","1.55","4642.83","0","210.41","0","210.41","0","organic","Spokane"
"42","4836.49","1044.52","2015-03-08 00:00:00","1.55","3523.26","1.82","266.89","0","266.89","0","organic","Spokane"
"27","13506.32","4106.03","2015-06-14 00:00:00","1.55","5782.57","0","3617.72","2706.67","911.05","0","organic","WestTexNewMexico"
"31","1193.06","26.72","2016-05-22 00:00:00","1.55","346.19","0","820.15","820.15","0","0","organic","Albany"
"32","1755.38","2.65","2016-05-15 00:00:00","1.55","1152.33","0","600.4","360","240.4","0","organic","Boise"
"12","1211.27","10.75","2016-10-02 00:00:00","1.55","206.58","0","993.94","987.96","5.98","0","organic","BuffaloRochester"
"19","1693.25","20.33","2016-08-14 00:00:00","1.55","217.67","0","1455.25","1455.25","0","0","organic","BuffaloRochester"
"21","1764.88","49.86","2016-07-31 00:00:00","1.55","252.13","0","1462.89","1101.23","361.66","0","organic","BuffaloRochester"
"31","8382.59","9.51","2016-05-22 00:00:00","1.55","993.77","0","7379.31","4217.21","3162.1","0","organic","BuffaloRochester"
"35","6903.38","17.81","2016-04-24 00:00:00","1.55","203.35","0","6682.22","3428.27","3253.95","0","organic","BuffaloRochester"
"15","187617.54","22135.19","2016-09-11 00:00:00","1.55","97386.14","27.95","68068.26","65803.6","2264.66","0","organic","California"
"29","182778.37","26377.62","2016-06-05 00:00:00","1.55","88667.93","7.66","67725.16","67138.56","586.6","0","organic","California"
"36","25405.66","97.85","2016-04-17 00:00:00","1.55","24629.54","0","678.27","678.27","0","0","organic","Chicago"
"44","32492.15","945.63","2016-02-21 00:00:00","1.55","28552.71","0","2993.81","2993.81","0","0","organic","Chicago"
"34","13441.92","357.55","2016-05-01 00:00:00","1.55","7877.12","0","5207.25","927.71","4279.54","0","organic","Detroit"
"47","1293.69","6.12","2016-01-31 00:00:00","1.55","781.54","0","506.03","186.67","319.36","0","organic","Louisville"
"6","3847.1","6.81","2016-11-13 00:00:00","1.55","13.62","0","3826.67","3800","26.67","0","organic","MiamiFtLauderdale"
"34","97128.22","3562.55","2016-05-01 00:00:00","1.55","47499.55","2559.25","43506.87","33707.03","9799.84","0","organic","Midsouth"
"3","2945.91","102.91","2016-12-04 00:00:00","1.55","5.82","0","2837.18","2061.25","775.93","0","organic","NewOrleansMobile"
"5","3713.49","73.61","2016-11-20 00:00:00","1.55","0","0","3639.88","2620.83","1019.05","0","organic","NewOrleansMobile"
"19","5197.45","610.77","2016-08-14 00:00:00","1.55","0","0","4586.68","4436.68","150","0","organic","NewOrleansMobile"
"20","4968.45","682.45","2016-08-07 00:00:00","1.55","0","0","4286","4159.33","126.67","0","organic","NewOrleansMobile"
"49","10459.56","6.15","2016-01-17 00:00:00","1.55","248.53","0","10204.88","10204.88","0","0","organic","NorthernNewEngland"
"0","43291.45","4246.91","2016-12-25 00:00:00","1.55","12543.71","637.94","25862.89","19475.27","6387.62","0","organic","Plains"
"9","36280.49","4398.82","2016-10-23 00:00:00","1.55","9250.93","505.12","22125.62","12964.05","9161.57","0","organic","Plains"
"11","45120.49","2685.64","2016-10-09 00:00:00","1.55","10631.11","606.81","31196.93","18265.83","12931.1","0","organic","Plains"
"47","40874.22","3229.22","2016-01-31 00:00:00","1.55","17774.39","1427.09","18443.52","9100.27","9343.25","0","organic","Plains"
"42","3800.32","78.11","2016-03-06 00:00:00","1.55","3156.52","0","565.69","558.14","7.55","0","organic","Roanoke"
"48","4774.87","98.48","2016-01-24 00:00:00","1.55","2996.95","0","1679.44","849.15","830.29","0","organic","Roanoke"
"31","53707.4","631.72","2016-05-22 00:00:00","1.55","36746.36","18.54","16310.78","262.85","16047.93","0","organic","Seattle"
"39","36606.53","454.87","2016-03-27 00:00:00","1.55","20878.24","5.23","15268.19","443.54","14824.65","0","organic","Seattle"
"10","9365.29","499.96","2016-10-16 00:00:00","1.55","3550.68","292.27","5022.38","2933.76","2088.62","0","organic","SouthCarolina"
"33","6899.7","671.93","2016-05-08 00:00:00","1.55","2359.84","315.47","3552.46","3150.91","401.55","0","organic","SouthCarolina"
"45","4901.72","646.76","2016-02-14 00:00:00","1.55","1624.04","248.73","2382.19","2178.3","203.89","0","organic","SouthCarolina"
"4","46032.7","3303.62","2016-11-27 00:00:00","1.55","8282.1","310.14","34136.84","17052.87","17083.97","0","organic","Southeast"
"48","45545.02","13968.03","2016-01-24 00:00:00","1.55","7078.75","524.35","23973.89","22489.24","1484.65","0","organic","Southeast"
"30","2913.64","0","2016-05-29 00:00:00","1.55","328.12","0","2585.52","1246.03","1339.49","0","organic","Syracuse"
"43","3176.67","1372.98","2016-02-28 00:00:00","1.55","28.19","0","1775.5","1772.17","3.33","0","organic","Tampa"
"20","1012237.01","151179.99","2016-08-07 00:00:00","1.55","332421.63","10707.18","517928.21","313872.28","204055.93","0","organic","TotalUS"
"15","3431.2","30.32","2017-09-17 00:00:00","1.55","215.1","0","3185.78","3185.78","0","0","organic","Albany"
"28","3263.02","48.02","2017-06-18 00:00:00","1.55","744.9","0","2470.1","473.75","1996.35","0","organic","Boise"
"28","18169.69","342.79","2017-06-18 00:00:00","1.55","8331.42","0","9495.48","182.36","9313.12","0","organic","CincinnatiDayton"
"11","38937.28","11990.11","2017-10-15 00:00:00","1.55","1114.77","85.48","25746.92","24092.69","1654.23","0","organic","Denver"
"41","137494.38","5897.6","2017-03-19 00:00:00","1.55","78592.68","0","53004.1","26849.16","26154.94","0","organic","GreatLakes"
"51","100134.77","4237.93","2017-01-08 00:00:00","1.55","57604.54","0","38292.3","28785.23","9507.07","0","organic","GreatLakes"
"1","26781.7","6743.83","2017-12-24 00:00:00","1.55","136.22","0","19901.65","19811.65","90","0","organic","Houston"
"0","9413.05","1479.66","2017-12-31 00:00:00","1.55","1733.93","0","6199.46","6190.31","9.15","0","organic","LasVegas"
"24","4638.85","0","2017-07-16 00:00:00","1.55","1527.56","0","3111.29","924.38","2186.91","0","organic","Louisville"
"51","1822.94","0","2017-01-08 00:00:00","1.55","1157.89","0","665.05","656.66","8.39","0","organic","Louisville"
"18","3393.39","15.07","2017-08-27 00:00:00","1.55","2.77","0","3375.55","3375.55","0","0","organic","MiamiFtLauderdale"
"11","2172.93","252.53","2017-10-15 00:00:00","1.55","100.4","0","1820","1816.67","3.33","0","organic","NewOrleansMobile"
"39","6540.24","293.79","2017-04-02 00:00:00","1.55","0","0","6246.45","5484.77","761.68","0","organic","NewOrleansMobile"
"30","8901.94","1034.11","2017-06-04 00:00:00","1.55","27.95","0","7839.88","7839.88","0","0","organic","Pittsburgh"
"26","59145.56","1399.43","2017-07-02 00:00:00","1.55","20993.46","54.01","36698.66","17049.24","19649.42","0","organic","Plains"
"39","81276.27","5032.45","2017-04-02 00:00:00","1.55","22665.95","855.1","52722.77","21004.95","31717.82","0","organic","Plains"
"48","49505.09","4305.53","2017-01-29 00:00:00","1.55","16857.63","935.56","27406.37","16105.53","11300.84","0","organic","Plains"
"45","8726.67","169.95","2017-02-19 00:00:00","1.55","4133.16","283.98","4139.58","3118.21","1021.37","0","organic","RaleighGreensboro"
"41","11613.35","757.42","2017-03-19 00:00:00","1.55","3820.16","217.31","6818.46","5310.39","1508.07","0","organic","RichmondNorfolk"
"47","14096.05","1784.39","2017-02-05 00:00:00","1.55","10882.94","0","1428.72","1270.99","157.73","0","organic","SanDiego"
"26","9274.18","136.65","2017-07-02 00:00:00","1.55","2340.64","3.52","6793.37","6630.96","162.41","0","organic","StLouis"
"19","4048.43","31.71","2017-08-20 00:00:00","1.55","57.83","0","3958.89","3952.22","6.67","0","organic","Tampa"
"23","3528.33","19.6","2017-07-23 00:00:00","1.55","14.3","0","3494.43","3494.43","0","0","organic","Tampa"
"33","1375125.12","164697.92","2017-05-14 00:00:00","1.55","339920.6","4618.45","865888.15","566862.84","299025.31","0","organic","TotalUS"
"4","13729.33","1768.49","2017-12-03 00:00:00","1.55","2732.92","0","9227.92","9002.58","225.34","0","organic","WestTexNewMexico"
"4","15348.44","530.19","2018-02-25 00:00:00","1.55","5122.82","0","9695.43","9065.3","630.13","0","organic","Atlanta"
"6","14843.93","384.86","2018-02-11 00:00:00","1.55","3957.78","0","10501.29","7478.35","3022.94","0","organic","Atlanta"
"8","44059.08","1236.06","2018-01-28 00:00:00","1.55","8807.18","147.27","33868.57","33859.68","8.89","0","organic","BaltimoreWashington"
"3","24300.28","5776.81","2018-03-04 00:00:00","1.55","588.5","10.66","17924.31","17177.3","747.01","0","organic","Denver"
"6","22388.13","5261.02","2018-02-11 00:00:00","1.55","639.37","35.39","16452.35","16367.04","85.31","0","organic","Denver"
"9","30143.3","7841.79","2018-01-21 00:00:00","1.55","687.2","32.61","21581.7","20613.26","968.44","0","organic","Denver"
"0","181040.19","3445.85","2018-03-25 00:00:00","1.55","41893.24","641.59","135059.51","125890.81","9168.7","0","organic","Midsouth"
"10","6659.77","86.64","2018-01-14 00:00:00","1.55","639.81","0","5933.32","5926.66","6.66","0","organic","Orlando"
"2","72624.66","4912.54","2018-03-11 00:00:00","1.55","19192.2","7.35","48512.57","37059.78","11452.79","0","organic","Plains"
"3","74156.41","4937.37","2018-03-04 00:00:00","1.55","18295.18","0","50923.86","35751.36","15172.5","0","organic","Plains"
"6","74511.33","3686.19","2018-02-11 00:00:00","1.55","16026.88","0","54798.26","38151.7","16646.56","0","organic","Plains"
"7","62817.64","2624.36","2018-02-04 00:00:00","1.55","15773.81","4.95","44414.52","32571.57","11842.95","0","organic","Plains"
"10","9598.35","187.7","2018-01-14 00:00:00","1.55","2080.55","0","7330.1","5644.04","1686.06","0","organic","Roanoke"
"3","122700.54","2856.11","2018-03-04 00:00:00","1.55","23002.28","104.25","96737.9","80786.88","15951.02","0","organic","Southeast"
"8","103243.02","1886.12","2018-01-28 00:00:00","1.55","21288.86","121.72","79946.32","63894.49","16051.83","0","organic","Southeast"
"0","1559967.2","121007.94","2018-03-25 00:00:00","1.55","342853.1","1070.24","1093861.09","902774.79","190941.84","144.46","organic","TotalUS"
"14","60624.47","1445.25","2015-09-20 00:00:00","1.54","39831.66","88.61","19258.95","18437.84","821.11","0","conventional","BuffaloRochester"
"50","106221.32","1642.25","2015-01-11 00:00:00","1.54","50985.2","79.61","53514.26","53514.26","0","0","conventional","BuffaloRochester"
"50","54644.32","1491.88","2015-01-11 00:00:00","1.54","33759.12","1325.17","18068.15","12165.94","5902.21","0","conventional","Pittsburgh"
"16","646810.2","154276.07","2015-09-06 00:00:00","1.54","384033.22","30732.28","77768.63","76963.49","805.14","0","conventional","SanFrancisco"
"26","646324.68","154423.58","2015-06-28 00:00:00","1.54","377054.83","29603.67","85242.6","84459.27","783.33","0","conventional","SanFrancisco"
"14","122908.68","2692.89","2016-09-18 00:00:00","1.54","70019.45","52.12","50144.22","49337.59","806.63","0","conventional","BuffaloRochester"
"4","131453.85","38976.01","2016-11-27 00:00:00","1.54","34346.09","8265.03","49866.72","44005.31","5861.41","0","conventional","Charlotte"
"3","207482.67","3426.07","2016-12-04 00:00:00","1.54","160247.2","591.16","43218.24","42957.73","124.81","135.7","conventional","HartfordSpringfield"
"16","279628.17","10730.88","2016-09-04 00:00:00","1.54","199814.2","842.34","68240.75","67173.12","733.63","334","conventional","HartfordSpringfield"
"7","2077507.41","569735.76","2016-11-06 00:00:00","1.54","697011.92","122472.4","688287.33","588028.35","99508.98","750","conventional","Midsouth"
"20","1256917.91","22522.19","2016-08-07 00:00:00","1.54","668121.42","26114.18","540160.12","496292.38","40991.68","2876.06","conventional","NewYork"
"11","3350949.74","154892.72","2016-10-09 00:00:00","1.54","2258828.33","12844.95","924383.74","866463.4","57527.85","392.49","conventional","Northeast"
"22","3834290.51","220814.35","2016-07-24 00:00:00","1.54","2172523.13","63713.79","1377239.24","1287855.02","36043.62","53340.6","conventional","Northeast"
"8","223224.74","82399.26","2016-10-30 00:00:00","1.54","52975.5","143.88","87706.1","30132.88","57103.78","469.44","conventional","Orlando"
"3","301329.5","12336.39","2016-12-04 00:00:00","1.54","195612.1","845.53","92535.48","86813.13","5539.85","182.5","conventional","Philadelphia"
"13","366205.45","42044.86","2016-09-25 00:00:00","1.54","166762.64","776.02","156621.93","151162.15","5459.78","0","conventional","Philadelphia"
"8","1058938.09","469957.6","2016-10-30 00:00:00","1.54","297119.25","5263.65","286597.59","221347.82","56090.36","9159.41","conventional","Plains"
"22","817357.28","158290.86","2016-07-24 00:00:00","1.54","527450.53","56349.57","75266.32","72853.77","1013.94","1398.61","conventional","SanFrancisco"
"13","61352.25","3272.01","2016-09-25 00:00:00","1.54","38679.78","24","19376.46","19358.68","17.78","0","conventional","Syracuse"
"38","105436.11","3708.13","2017-04-09 00:00:00","1.54","87775.86","44.28","13907.84","7121.61","6786.23","0","conventional","Albany"
"42","95713.29","2046.8","2017-03-12 00:00:00","1.54","67162.63","89.32","26414.54","10990.08","15424.46","0","conventional","Albany"
"16","466988.83","241057.35","2017-09-10 00:00:00","1.54","47619.22","111.21","178201.05","116857.39","58868.48","2475.18","conventional","Atlanta"
"21","73710.09","37252.55","2017-08-06 00:00:00","1.54","3802.7","7644.86","25009.98","16530.36","8380.66","98.96","conventional","Boise"
"22","72020.82","36727.08","2017-07-30 00:00:00","1.54","3472.94","7264.42","24556.38","15602.2","8946.81","7.37","conventional","Boise"
"41","540540.5","5709.44","2017-03-19 00:00:00","1.54","425273.84","3736.16","105821.06","87773.26","18047.8","0","conventional","Boston"
"35","178864.17","1803.39","2017-04-30 00:00:00","1.54","83395.01","45.64","93620.13","91172.9","2447.23","0","conventional","BuffaloRochester"
"37","166089.23","3103.77","2017-04-16 00:00:00","1.54","70001.59","36.44","92947.43","87097.48","5849.95","0","conventional","BuffaloRochester"
"39","167364.95","3854.74","2017-04-02 00:00:00","1.54","73053.91","42","90414.3","64653.94","25760.36","0","conventional","BuffaloRochester"
"41","151459.46","1917.68","2017-03-19 00:00:00","1.54","72621.77","74.38","76845.63","73724.45","3121.18","0","conventional","BuffaloRochester"
"38","201298.91","50325.29","2017-04-09 00:00:00","1.54","75492.06","6657.48","68824.08","64339.22","4484.86","0","conventional","Charlotte"
"24","801887.84","91095.18","2017-07-16 00:00:00","1.54","486178.44","129762.05","94852.17","84928.16","5909.57","4014.44","conventional","Chicago"
"25","880107.48","82890.07","2017-07-09 00:00:00","1.54","504037.61","168507.26","124672.54","122061.96","658.36","1952.22","conventional","Chicago"
"12","164699.75","34256.95","2017-10-08 00:00:00","1.54","79474.31","139.28","50829.21","46034.83","4794.38","0","conventional","HarrisburgScranton"
"33","239036.52","52237.47","2017-05-14 00:00:00","1.54","95012.5","152.37","91634.18","90107.34","1469.9","56.94","conventional","HarrisburgScranton"
"15","222593.17","7488.87","2017-09-17 00:00:00","1.54","162728.73","73.1","52302.47","50193.57","2102.23","6.67","conventional","HartfordSpringfield"
"38","494093.73","312737.23","2017-04-09 00:00:00","1.54","74502.99","242.38","106611.13","66358.64","40164.99","87.5","conventional","MiamiFtLauderdale"
"17","2561783.52","512114.91","2017-09-03 00:00:00","1.54","1135717.01","24649","889302.6","747801.46","116289.45","25211.69","conventional","Midsouth"
"10","1253047.6","71422.68","2017-10-22 00:00:00","1.54","788731.96","491.71","392401.25","368385.46","24011.81","3.98","conventional","NewYork"
"15","3350043.59","255828.11","2017-09-17 00:00:00","1.54","2093753.14","5689.66","994772.68","824931.93","168244.08","1596.67","conventional","Northeast"
"27","4121661.3","232666.83","2017-06-25 00:00:00","1.54","2909813.43","25224.18","953956.86","686928.3","215092.27","51936.29","conventional","Northeast"
"40","3977196.18","201606.45","2017-03-26 00:00:00","1.54","2556561.4","35248.23","1183780.1","997167.6","176429.17","10183.33","conventional","Northeast"
"32","393289.53","10135.32","2017-05-21 00:00:00","1.54","314676.72","2188.89","66288.6","34182.37","32016.23","90","conventional","NorthernNewEngland"
"15","366239.72","41947.51","2017-09-17 00:00:00","1.54","195393.08","131.65","128767.48","114989.9","13754.25","23.33","conventional","Philadelphia"
"16","358609.19","49621.05","2017-09-10 00:00:00","1.54","185295.22","179.47","123513.45","116229.76","4683.69","2600","conventional","Philadelphia"
"20","385890.89","37776.72","2017-08-13 00:00:00","1.54","200247.11","682.86","147184.2","126569.88","18466.21","2148.11","conventional","Philadelphia"
"8","85430.88","29627.78","2017-11-05 00:00:00","1.54","17235.32","1064.82","37502.96","32659.31","4843.65","0","conventional","Pittsburgh"
"10","99922.23","35800.8","2017-10-22 00:00:00","1.54","22216.67","1088.38","40816.38","34330.46","6485.92","0","conventional","Pittsburgh"
"14","273060.96","70581.38","2017-09-24 00:00:00","1.54","111227.45","4434.42","86817.71","82873.27","3944.44","0","conventional","RaleighGreensboro"
"17","263532.84","63349.98","2017-09-03 00:00:00","1.54","96363.44","5765.75","98053.67","91379.99","2160.35","4513.33","conventional","RaleighGreensboro"
"13","205642.56","39836.95","2017-10-01 00:00:00","1.54","90617.44","1295.35","73892.82","68462.46","5430.36","0","conventional","RichmondNorfolk"
"18","562332.61","148933.34","2017-08-27 00:00:00","1.54","138239.09","435.65","274724.53","225974.56","48406.18","343.79","conventional","Seattle"
"23","509159.42","110161.26","2017-07-23 00:00:00","1.54","215252.32","5868.34","177877.5","105736.33","72025.25","115.92","conventional","Seattle"
"10","3133906.68","1888095.12","2017-10-22 00:00:00","1.54","344382.02","8075.73","893353.81","544946.37","348391.24","16.2","conventional","Southeast"
"18","3005445.53","1702152.2","2017-08-27 00:00:00","1.54","429629.31","3466.82","870197.2","513450.97","295204.62","61541.61","conventional","Southeast"
"28","61468.49","1407.87","2017-06-18 00:00:00","1.54","43878.97","350.22","15831.43","13074.87","1366.56","1390","conventional","Syracuse"
"10","366454.43","235502.11","2017-10-22 00:00:00","1.54","36022.98","487.62","94441.72","53966.71","40475.01","0","conventional","Tampa"
"2","830421.03","95041.64","2018-03-11 00:00:00","1.54","454041.33","142564.1","138773.96","100438.58","37184.96","1150.42","conventional","Chicago"
"10","10215.96","772.28","2015-10-18 00:00:00","1.54","6014.66","685.19","2743.83","913.31","1830.52","0","organic","BaltimoreWashington"
"5","1000.86","7.77","2015-11-22 00:00:00","1.54","724.33","2.59","266.17","13.34","252.83","0","organic","Boise"
"30","2693.46","19.2","2015-05-31 00:00:00","1.54","2374.26","0","300","300","0","0","organic","Boise"
"46","3414.8","24.6","2015-02-08 00:00:00","1.54","115.96","0","3274.24","3274.24","0","0","organic","BuffaloRochester"
"12","10231.74","341.89","2015-10-04 00:00:00","1.54","8519","0","1370.85","303.33","1067.52","0","organic","CincinnatiDayton"
"6","72434.15","7998.72","2015-11-15 00:00:00","1.54","54649.47","12.57","9773.39","4987.47","4785.92","0","organic","GreatLakes"
"7","77222.36","7904.17","2015-11-08 00:00:00","1.54","54952.16","127.35","14238.68","7297.5","6941.18","0","organic","GreatLakes"
"25","86288.07","3459.78","2015-07-05 00:00:00","1.54","64726.47","0","18101.82","6963.33","11138.49","0","organic","GreatLakes"
"51","61615.1","3633.93","2015-01-04 00:00:00","1.54","42963.06","0","15018.11","9763.55","5254.56","0","organic","GreatLakes"
"47","6084.48","88.08","2015-02-01 00:00:00","1.54","5406.05","2.67","587.68","587.68","0","0","organic","HartfordSpringfield"
"6","1895.06","170.22","2015-11-15 00:00:00","1.54","1266.3","0","458.54","183.33","275.21","0","organic","Indianapolis"
"26","11098.01","5745.2","2015-06-28 00:00:00","1.54","4602.5","0","750.31","110.08","640.23","0","organic","LasVegas"
"50","6144.55","4027.3","2015-01-11 00:00:00","1.54","2083.92","0","33.33","33.33","0","0","organic","LasVegas"
"11","3133.63","398.98","2015-10-11 00:00:00","1.54","94.98","0","2639.67","2616.34","23.33","0","organic","NewOrleansMobile"
"29","1773.44","773.17","2015-06-07 00:00:00","1.54","24.72","0","975.55","975.55","0","0","organic","NewOrleansMobile"
"43","2478.78","300","2015-03-01 00:00:00","1.54","35.45","0","2143.33","2140","3.33","0","organic","NewOrleansMobile"
"26","11633.27","9145.92","2015-06-28 00:00:00","1.54","1568.59","0","918.76","303.33","615.43","0","organic","PhoenixTucson"
"29","13840.92","10264","2015-06-07 00:00:00","1.54","1518.09","0","2058.83","973.33","1085.5","0","organic","PhoenixTucson"
"30","14390.21","10865.24","2015-05-31 00:00:00","1.54","1272.45","0","2252.52","1025.83","1226.69","0","organic","PhoenixTucson"
"48","10849.4","7988.43","2015-01-25 00:00:00","1.54","1728.24","0","1132.73","1120","12.73","0","organic","PhoenixTucson"
"5","1158.22","386.76","2015-11-22 00:00:00","1.54","214.88","0","556.58","248.27","308.31","0","organic","Pittsburgh"
"31","2254.02","856.32","2015-05-24 00:00:00","1.54","71.5","0","1326.2","1007.5","318.7","0","organic","Pittsburgh"
"46","46329.16","3906.27","2015-02-08 00:00:00","1.54","26987.91","32.13","15402.85","14104.27","1298.58","0","organic","Plains"
"34","26104.52","9002.35","2015-05-03 00:00:00","1.54","11551.57","0","5550.6","0","5550.6","0","organic","Portland"
"38","4893.26","235.1","2015-04-05 00:00:00","1.54","2349.78","523.63","1784.75","1330","454.75","0","organic","RichmondNorfolk"
"51","4212.16","238.48","2015-01-04 00:00:00","1.54","1678.83","372.55","1922.3","1570.28","352.02","0","organic","RichmondNorfolk"
"5","3794.44","108.15","2015-11-22 00:00:00","1.54","3153.99","0","532.3","346.67","185.63","0","organic","Roanoke"
"30","24581.46","15942.89","2015-05-31 00:00:00","1.54","8626.08","0","12.49","12.49","0","0","organic","SanFrancisco"
"37","28220.45","18887.66","2015-04-12 00:00:00","1.54","9332.79","0","0","0","0","0","organic","SanFrancisco"
"0","1652.19","0","2015-12-27 00:00:00","1.54","73.22","0","1578.97","1336.27","242.7","0","organic","Syracuse"
"7","605197.12","167254.55","2015-11-08 00:00:00","1.54","249160.89","4458.45","184323.23","124419.8","59903.43","0","organic","TotalUS"
"17","220337.3","50269.47","2015-08-30 00:00:00","1.54","112276.32","45.76","57745.75","5954.54","51791.21","0","organic","West"
"39","263845.02","71334.94","2015-03-29 00:00:00","1.54","151939.31","36.04","40534.73","6885.37","33649.36","0","organic","West"
"41","19068.45","851.45","2016-03-13 00:00:00","1.54","8994","281.67","8941.33","5005.66","3935.67","0","organic","BaltimoreWashington"
"44","18004.14","602.1","2016-02-21 00:00:00","1.54","10520.33","284.63","6597.08","1978.27","4618.81","0","organic","BaltimoreWashington"
"23","2947.37","2.52","2016-07-17 00:00:00","1.54","1238.01","0","1706.84","760.92","945.92","0","organic","Boise"
"17","2908.99","23.87","2016-08-28 00:00:00","1.54","329.34","0","2555.78","2552.45","3.33","0","organic","BuffaloRochester"
"29","5859.34","53.71","2016-06-05 00:00:00","1.54","464.99","0","5340.64","2677.92","2662.72","0","organic","BuffaloRochester"
"19","7697.63","652.47","2016-08-14 00:00:00","1.54","3940.51","0","3104.65","602.27","2502.38","0","organic","Columbus"
"39","6663.94","272.71","2016-03-27 00:00:00","1.54","4060.29","16.3","2314.64","437.39","1877.25","0","organic","Columbus"
"22","16285.84","969.22","2016-07-24 00:00:00","1.54","9420.9","0","5895.72","690.15","5205.57","0","organic","Detroit"
"47","2267.22","1297.07","2016-01-31 00:00:00","1.54","733.48","0","236.67","236.67","0","0","organic","GrandRapids"
"38","2278.47","105.56","2016-04-03 00:00:00","1.54","1178.62","0","994.29","650","344.29","0","organic","Indianapolis"
"47","1844.79","804.36","2016-01-31 00:00:00","1.54","0","0","1040.43","1040.43","0","0","organic","MiamiFtLauderdale"
"48","72219","2773.18","2016-01-24 00:00:00","1.54","31751.72","2076.27","35617.83","18577.2","17040.63","0","organic","Midsouth"
"51","64689.53","3536.36","2016-01-03 00:00:00","1.54","30191.49","2855.33","28106.35","12080.23","16026.12","0","organic","Midsouth"
"44","2500.35","636.08","2016-02-21 00:00:00","1.54","0","0","1864.27","1864.27","0","0","organic","NewOrleansMobile"
"50","34629.36","3897.84","2016-01-10 00:00:00","1.54","11770.29","1689.1","17272.13","401.91","16870.22","0","organic","NewYork"
"51","79900.43","2251.54","2016-01-03 00:00:00","1.54","13966.15","1510.98","62171.76","27554.77","34616.99","0","organic","Northeast"
"39","11321.14","6596.67","2016-03-27 00:00:00","1.54","2100.78","0","2623.69","2259.37","364.32","0","organic","PhoenixTucson"
"8","8707.36","949.37","2016-10-30 00:00:00","1.54","59.89","0","7698.1","7249.13","448.97","0","organic","Pittsburgh"
"18","5441.24","740.86","2016-08-21 00:00:00","1.54","169.85","0","4530.53","4522.98","7.55","0","organic","Pittsburgh"
"19","5960.37","915.85","2016-08-14 00:00:00","1.54","207.84","0","4836.68","4671.46","165.22","0","organic","Pittsburgh"
"20","5082.89","860.51","2016-08-07 00:00:00","1.54","174.79","0","4047.59","3939.28","108.31","0","organic","Pittsburgh"
"43","879.94","135.49","2016-02-28 00:00:00","1.54","275.59","0","468.86","386.84","82.02","0","organic","Pittsburgh"
"41","41060.75","4494.19","2016-03-13 00:00:00","1.54","19232.48","2392.43","14941.65","6083.37","8858.28","0","organic","Plains"
"41","5341.4","264.15","2016-03-13 00:00:00","1.54","2611.43","314.31","2151.51","1780","371.51","0","organic","RaleighGreensboro"
"46","5562.26","215.41","2016-02-07 00:00:00","1.54","2621.54","515.02","2210.29","1280.7","929.59","0","organic","RaleighGreensboro"
"13","10037.87","105.92","2016-09-25 00:00:00","1.54","3806.68","234.22","5891.05","3344.31","2546.74","0","organic","RichmondNorfolk"
"42","4091.44","240.75","2016-03-06 00:00:00","1.54","2554.83","209.61","1086.25","1079.58","6.67","0","organic","RichmondNorfolk"
"2","26530.99","382.04","2016-12-11 00:00:00","1.54","8657.16","1.31","17490.48","555.46","16935.02","0","organic","Seattle"
"47","5545.65","786.83","2016-01-31 00:00:00","1.54","1594.15","249.42","2915.25","2786.72","128.53","0","organic","SouthCarolina"
"16","67309.14","9207.65","2016-09-04 00:00:00","1.54","15349.22","431.84","42320.43","31577.01","10743.42","0","organic","Southeast"
"14","6740.24","2418.28","2016-09-18 00:00:00","1.54","838.57","0","3483.39","711.99","2771.4","0","organic","StLouis"
"15","1614.87","6.1","2016-09-11 00:00:00","1.54","95.22","0","1513.55","1513.55","0","0","organic","Syracuse"
"17","1739.66","6.1","2016-08-28 00:00:00","1.54","184.31","0","1549.25","1549.25","0","0","organic","Syracuse"
"20","2292.45","7.46","2016-08-07 00:00:00","1.54","172.85","0","2112.14","2112.14","0","0","organic","Syracuse"
"34","3118.81","0","2016-05-01 00:00:00","1.54","113.94","0","3004.87","1874.19","1130.68","0","organic","Syracuse"
"40","3134.02","0","2016-03-20 00:00:00","1.54","142.95","0","2991.07","1678.97","1312.1","0","organic","Syracuse"
"50","1708.27","0","2016-01-10 00:00:00","1.54","138.34","0","1569.93","1240.35","329.58","0","organic","Syracuse"
"16","1052088.77","137842.79","2016-09-04 00:00:00","1.54","344378.75","4653.04","565214.19","415589.66","149624.53","0","organic","TotalUS"
"24","226554.8","47697","2016-07-10 00:00:00","1.54","78885.22","81.91","99890.67","60450.95","39439.72","0","organic","West"
"2","13227.83","790.03","2016-12-11 00:00:00","1.54","3777.96","60.01","8599.83","8510.92","88.91","0","organic","WestTexNewMexico"
"15","59452.63","2003.4","2017-09-17 00:00:00","1.54","8036.61","72.28","49340.34","49340.34","0","0","organic","BaltimoreWashington"
"46","151754.58","27367.52","2017-02-12 00:00:00","1.54","55812.63","20.18","68554.25","66789.82","1764.43","0","organic","California"
"1","7093.59","348.31","2017-12-24 00:00:00","1.54","1173.86","0","5571.42","4651.63","919.79","0","organic","Columbus"
"4","6026.57","412.51","2017-12-03 00:00:00","1.54","1265.18","0","4348.88","4313.54","35.34","0","organic","Columbus"
"5","7737.55","427.63","2017-11-26 00:00:00","1.54","1500.8","0","5809.12","5052.8","756.32","0","organic","Columbus"
"20","14499.51","515.41","2017-08-13 00:00:00","1.54","3457.64","0","10526.46","10115.55","410.91","0","organic","Detroit"
"48","7850.52","724.05","2017-01-29 00:00:00","1.54","4667.55","0","2458.92","770.05","1688.87","0","organic","Detroit"
"20","129785.91","3726.68","2017-08-13 00:00:00","1.54","29839.21","8.09","96034.06","86209.28","9824.78","0","organic","GreatLakes"
"9","6531.55","143.58","2017-10-29 00:00:00","1.54","1167.86","0","5191.42","3953.63","1237.79","0","organic","Indianapolis"
"3","2491.03","0","2017-12-10 00:00:00","1.54","723.86","0","1767.17","1109.76","657.41","0","organic","Louisville"
"48","95499.48","3428.23","2017-01-29 00:00:00","1.54","45235.31","2048.59","44787.35","33303.24","11484.11","0","organic","Midsouth"
"21","8077.28","71.27","2017-08-06 00:00:00","1.54","2677.74","0","5328.27","2337.43","2990.84","0","organic","Nashville"
"24","8490.45","52.6","2017-07-16 00:00:00","1.54","3594.22","0","4843.63","1707.77","3135.86","0","organic","Nashville"
"50","2962.13","238.89","2017-01-15 00:00:00","1.54","2018.46","0","704.78","73.89","630.89","0","organic","Nashville"
"15","15649.28","5.62","2017-09-17 00:00:00","1.54","147.09","0","15496.57","15496.57","0","0","organic","NorthernNewEngland"
"40","8166.97","1228.48","2017-03-26 00:00:00","1.54","140.26","0","6798.23","4407.59","2390.64","0","organic","Orlando"
"27","2406.34","165.75","2017-06-25 00:00:00","1.54","0","0","2240.59","2226.75","13.84","0","organic","Pittsburgh"
"31","6743.84","963.37","2017-05-28 00:00:00","1.54","8.77","0","5771.7","5740.5","31.2","0","organic","Pittsburgh"
"41","75867.95","5693.04","2017-03-19 00:00:00","1.54","23743.93","952.64","45478.34","19921.39","25556.95","0","organic","Plains"
"2","26460.36","1531.05","2017-12-17 00:00:00","1.54","4505.66","5.05","20418.6","4651.98","15753.53","13.09","organic","Portland"
"43","7644.87","310.11","2017-03-05 00:00:00","1.54","3737.67","220.26","3376.83","1772.87","1603.96","0","organic","RaleighGreensboro"
"46","9911.34","239.38","2017-02-12 00:00:00","1.54","4073.5","292.17","5306.29","4476.52","829.77","0","organic","RaleighGreensboro"
"1","5711.05","210.66","2017-12-24 00:00:00","1.54","1517.29","0","3983.1","3652.57","330.53","0","organic","Roanoke"
"6","6534.46","231.4","2017-11-19 00:00:00","1.54","1669.66","0","4633.4","4633.4","0","0","organic","Roanoke"
"2","14047.41","1020.5","2017-12-17 00:00:00","1.54","8775.1","0","4251.81","4251.81","0","0","organic","SanDiego"
"5","12659.93","81.64","2017-11-26 00:00:00","1.54","3171.89","45.88","9360.52","8877.68","482.84","0","organic","SouthCarolina"
"6","115865.76","22430.41","2017-11-19 00:00:00","1.54","3239.93","0","90195.42","89527","668.42","0","organic","SouthCentral"
"4","73280.14","1201.3","2017-12-03 00:00:00","1.54","15651.12","143.43","56284.29","53422.1","2862.19","0","organic","Southeast"
"47","52925.32","9542.26","2017-02-05 00:00:00","1.54","12078.59","234.87","31069.6","11391.87","19677.73","0","organic","Southeast"
"0","12274.98","1689.61","2017-12-31 00:00:00","1.54","1140.91","0","9444.46","6613.72","2830.74","0","organic","StLouis"
"27","8241.57","67.64","2017-06-25 00:00:00","1.54","1553.87","5.26","6614.8","3648.95","2965.85","0","organic","StLouis"
"3","1217680.36","94279.26","2017-12-10 00:00:00","1.54","258003.98","1003.84","863843.93","647239.76","216359.41","244.76","organic","TotalUS"
"9","3346.54","14.67","2018-01-21 00:00:00","1.54","253.01","0","3078.86","3078.86","0","0","organic","Albany"
"11","4816.9","43.51","2018-01-07 00:00:00","1.54","412.17","0","4361.22","4357.89","3.33","0","organic","Albany"
"10","25628.61","5179.65","2018-01-14 00:00:00","1.54","577.3","0","19871.66","16878.39","2993.27","0","organic","DallasFtWorth"
"10","3737.85","0","2018-01-14 00:00:00","1.54","1199.91","0","2537.94","1769.94","768","0","organic","Louisville"
"3","14156.63","24","2018-03-04 00:00:00","1.54","760.55","0","13372.08","13328.75","43.33","0","organic","NorthernNewEngland"
"1","15639.44","2130.06","2018-03-18 00:00:00","1.54","3421.21","0","10088.17","10065.03","23.14","0","organic","PhoenixTucson"
"0","74180.36","4775.73","2018-03-25 00:00:00","1.54","19162.3","0","50242.33","38235.54","12006.79","0","organic","Plains"
"2","8380.75","168.6","2018-03-11 00:00:00","1.54","2237.27","0","5974.88","5479.54","495.34","0","organic","Roanoke"
"2","69014.81","1542.56","2018-03-11 00:00:00","1.54","26198.85","139.06","41134.34","2974.28","38160.06","0","organic","Seattle"
"1","1675804.22","170801.85","2018-03-18 00:00:00","1.54","444949.69","1045.38","1058651.5","837351.85","221129.46","170.19","organic","TotalUS"
"3","17393.3","1832.24","2018-03-04 00:00:00","1.54","1905.57","0","13655.49","13401.93","253.56","0","organic","WestTexNewMexico"
"15","603840.95","110779.86","2015-09-13 00:00:00","1.53","367833.98","48322.55","76904.56","76151.26","734.16","19.14","conventional","SanFrancisco"
"17","649891.92","177166.44","2015-08-30 00:00:00","1.53","364371.17","28647.61","79706.7","78843.03","863.67","0","conventional","SanFrancisco"
"25","752191.79","168468.95","2015-07-05 00:00:00","1.53","451890.53","30802.97","101029.34","100146.51","882.83","0","conventional","SanFrancisco"
"1","68938.53","3345.36","2016-12-18 00:00:00","1.53","55949.79","138.72","9504.66","8876.65","587.73","40.28","conventional","Albany"
"13","483057.37","40864.15","2016-09-25 00:00:00","1.53","338301.37","6515.89","97375.96","97375.96","0","0","conventional","Boston"
"24","712080.66","52540.83","2016-07-10 00:00:00","1.53","381030.54","150963.07","127546.22","118624.54","1894.09","7027.59","conventional","Chicago"
"19","147711.44","1835.81","2016-08-14 00:00:00","1.53","61893.13","23661.83","60320.67","49618.78","3263.09","7438.8","conventional","GrandRapids"
"25","1280725.34","14732.72","2016-07-03 00:00:00","1.53","746733.25","49981.26","469278.11","401172.73","62447.69","5657.69","conventional","NewYork"
"13","3458790.86","446786.96","2016-09-25 00:00:00","1.53","1993513.53","18241.6","1000248.77","950223.22","49098.88","926.67","conventional","Northeast"
"9","1179301.18","520220.72","2016-10-23 00:00:00","1.53","350912.77","5549.22","302618.47","254209.16","42103.9","6305.41","conventional","Plains"
"7","215345.69","79225.25","2016-11-06 00:00:00","1.53","42184.25","25755.21","68180.98","66193.2","1987.78","0","conventional","RaleighGreensboro"
"5","289773.71","94610.3","2016-11-20 00:00:00","1.53","151992.19","1201.7","41969.52","41822.75","141.77","5","conventional","Sacramento"
"16","51792.9","3545.98","2016-09-04 00:00:00","1.53","35938.12","23.1","12285.7","12128.93","6.77","150","conventional","Syracuse"
"20","60523.63","2724.18","2016-08-07 00:00:00","1.53","41584.42","2","16213.03","15518.03","0","695","conventional","Syracuse"
"9","281815.95","91272.27","2016-10-23 00:00:00","1.53","92612.09","130.21","97801.38","35310.45","62490.93","0","conventional","Tampa"
"21","92938.17","2456.91","2017-08-06 00:00:00","1.53","76509.07","336.06","13636.13","5918.21","6844.59","873.33","conventional","Albany"
"27","89303.04","2224.67","2017-06-25 00:00:00","1.53","74282.58","129.85","12665.94","4686.34","6874.6","1105","conventional","Albany"
"17","433455.08","235645.56","2017-09-03 00:00:00","1.53","47493.42","121.59","150194.51","92866.15","54225.03","3103.33","conventional","Atlanta"
"38","629799.49","5715.72","2017-04-09 00:00:00","1.53","450287.22","3497.44","170299.11","149094.59","21204.52","0","conventional","Boston"
"13","96291.55","22791.7","2017-10-01 00:00:00","1.53","42861.77","36.62","30601.46","16985.8","13615.66","0","conventional","BuffaloRochester"
"40","156787.69","2184.26","2017-03-26 00:00:00","1.53","67000.84","53.28","87549.31","86727.99","821.32","0","conventional","BuffaloRochester"
"10","4420877.4","1604916.52","2017-10-22 00:00:00","1.53","1779177.98","123891.36","912891.54","856748.54","21482.38","34660.62","conventional","California"
"35","235698.79","57129.17","2017-04-30 00:00:00","1.53","87500.56","7990.1","83078.96","73582.1","9496.86","0","conventional","Charlotte"
"28","862382.95","68578.06","2017-06-18 00:00:00","1.53","549159.54","138493.75","106151.6","103151.37","528.32","2471.91","conventional","Chicago"
"17","212828.72","39153.66","2017-09-03 00:00:00","1.53","117858.62","49.9","55766.54","52253.48","599.73","2913.33","conventional","HarrisburgScranton"
"8","240615.51","5209.01","2017-11-05 00:00:00","1.53","161648.13","106.23","73652.14","62768.76","10883.38","0","conventional","HartfordSpringfield"
"9","247946.32","5938.74","2017-10-29 00:00:00","1.53","188044","173.6","53789.98","51182.38","2607.6","0","conventional","HartfordSpringfield"
"17","204091.69","95445.95","2017-09-03 00:00:00","1.53","29557.08","6208.57","72880.09","45086.5","27650.26","143.33","conventional","LasVegas"
"8","463170.5","314039.49","2017-11-05 00:00:00","1.53","47476.82","392.9","101261.29","66124.03","35137.26","0","conventional","MiamiFtLauderdale"
"34","5262336.16","305718.69","2017-05-07 00:00:00","1.53","3009076.65","22448.52","1925092.3","1272105.9","640105.84","12880.56","conventional","Northeast"
"33","391189.88","7559.58","2017-05-14 00:00:00","1.53","295163.55","2628.5","85838.25","41685.89","44152.36","0","conventional","NorthernNewEngland"
"41","287195.89","160686.42","2017-03-19 00:00:00","1.53","38524.03","47","87938.44","56308.21","31630.23","0","conventional","Orlando"
"9","367260.68","40321.47","2017-10-29 00:00:00","1.53","209091.67","274.42","117573.12","111580.31","5986.88","5.93","conventional","Philadelphia"
"10","376196.84","39322.2","2017-10-22 00:00:00","1.53","201632.28","288.94","134953.42","122293.75","12659.67","0","conventional","Philadelphia"
"19","1548298.16","649040.17","2017-08-20 00:00:00","1.53","436601.26","6025.98","456630.75","417905.99","34478.09","4246.67","conventional","Plains"
"6","350149","105421","2017-11-19 00:00:00","1.53","72924","13313","158491","84675","72816","1000","conventional","Portland"
"16","110081.14","25756.54","2017-09-10 00:00:00","1.53","28947.04","95.06","55282.5","48825.07","4896.36","1561.07","conventional","Roanoke"
"27","874937.71","196221.86","2017-06-25 00:00:00","1.53","568576.84","18879.86","91259.15","86302.01","1532.97","3424.17","conventional","SanFrancisco"
"9","452358.05","109352.84","2017-10-29 00:00:00","1.53","121941.84","14722.61","206340.76","169263.24","36815.75","261.77","conventional","Seattle"
"42","73839.48","950.82","2017-03-12 00:00:00","1.53","43531.8","9","29347.86","16225.96","13121.9","0","conventional","Syracuse"
"15","4181226.81","1582315.47","2017-09-17 00:00:00","1.53","1095433.56","47072.46","1456405.32","863081.25","591149.15","2174.92","conventional","West"
"17","4369089.47","1652405.87","2017-09-03 00:00:00","1.53","1036380.46","85016.4","1595286.74","904506.46","684034.46","6745.82","conventional","West"
"3","820728.47","109595.38","2018-03-04 00:00:00","1.53","465039.55","104755.22","141338.32","97377.72","42517.93","1442.67","conventional","Chicago"
"5","736317.26","67207.4","2018-02-18 00:00:00","1.53","403149.52","131732.99","134227.35","98803.7","35146.84","276.81","conventional","Chicago"
"10","289124.31","6006.14","2018-01-14 00:00:00","1.53","215891.85","128.82","67097.5","60219.1","6878.4","0","conventional","HartfordSpringfield"
"17","9298.19","2349.53","2015-08-30 00:00:00","1.53","3534.12","0","3414.54","1577.97","1836.57","0","organic","Atlanta"
"11","9453.04","459.96","2015-10-11 00:00:00","1.53","5639.91","597.61","2755.56","1033.33","1722.23","0","organic","BaltimoreWashington"
"16","5283.38","14.28","2015-09-06 00:00:00","1.53","92.4","0","5176.7","5176.7","0","0","organic","BuffaloRochester"
"44","5821.39","32.64","2015-02-22 00:00:00","1.53","92.08","0","5696.67","5696.67","0","0","organic","BuffaloRochester"
"39","111423.89","56829.47","2015-03-29 00:00:00","1.53","44390.86","0","10203.56","10203.56","0","0","organic","California"
"0","2970.79","289.7","2015-12-27 00:00:00","1.53","1781.31","0","899.78","189.66","710.12","0","organic","Columbus"
"2","5677.68","1494.58","2015-12-13 00:00:00","1.53","2748.69","0","1434.41","196.67","1237.74","0","organic","Detroit"
"2","65341.66","7762.24","2015-12-13 00:00:00","1.53","46066.59","0","11512.83","4150.64","7362.19","0","organic","GreatLakes"
"47","63248.58","4062.76","2015-02-01 00:00:00","1.53","46378.83","0","12806.99","8615.6","4191.39","0","organic","GreatLakes"
"12","2167.25","128.29","2015-10-04 00:00:00","1.53","1322.93","0","716.03","343.33","372.7","0","organic","Indianapolis"
"22","43803.78","17779.91","2015-07-26 00:00:00","1.53","18294.82","0","7729.05","7729.05","0","0","organic","LosAngeles"
"11","60162.15","2195.42","2015-10-11 00:00:00","1.53","30952.79","3637.71","23376.23","11437.45","11938.78","0","organic","Midsouth"
"37","76027.78","10623.07","2015-04-12 00:00:00","1.53","38006.99","5014.1","22383.62","14962.2","7421.42","0","organic","Midsouth"
"40","57978.41","13957.53","2015-03-22 00:00:00","1.53","29037.44","4426.59","10556.85","7426.95","3129.9","0","organic","Midsouth"
"2","4594.71","592.64","2015-12-13 00:00:00","1.53","2602.48","0","1399.59","696.67","702.92","0","organic","Nashville"
"15","6742.51","409.09","2015-09-13 00:00:00","1.53","4994.22","0","1339.2","638.66","700.54","0","organic","Nashville"
"32","1783.16","395.23","2015-05-17 00:00:00","1.53","0","0","1387.93","1387.93","0","0","organic","NewOrleansMobile"
"38","4820.36","418.56","2015-04-05 00:00:00","1.53","74.17","0","4327.63","4327.63","0","0","organic","NewOrleansMobile"
"46","3532.67","392","2015-02-08 00:00:00","1.53","50.67","0","3090","3090","0","0","organic","NewOrleansMobile"
"3","67245.25","5884.58","2015-12-06 00:00:00","1.53","13280.16","961.1","47119.41","29475.97","17643.44","0","organic","Northeast"
"32","2614.93","1092.58","2015-05-17 00:00:00","1.53","64.46","0","1457.89","1378.92","78.97","0","organic","Pittsburgh"
"26","41116.32","7314.21","2015-06-28 00:00:00","1.53","33780.38","21.73","0","0","0","0","organic","Portland"
"27","32394.98","8095.22","2015-06-21 00:00:00","1.53","23586.71","13.35","699.7","0","699.7","0","organic","Portland"
"0","4116.38","59.01","2015-12-27 00:00:00","1.53","1910.71","233.68","1912.98","1292.73","620.25","0","organic","RichmondNorfolk"
"6","3846.37","110.01","2015-11-15 00:00:00","1.53","2793.73","0","942.63","456.67","485.96","0","organic","Roanoke"
"32","13045.36","7163.2","2015-05-17 00:00:00","1.53","5530.28","0","351.88","351.88","0","0","organic","Sacramento"
"28","11438.64","3328.84","2015-06-14 00:00:00","1.53","7539.16","3.44","567.2","567.2","0","0","organic","SanDiego"
"38","11171.13","4079.7","2015-04-05 00:00:00","1.53","6401.32","0","690.11","690.11","0","0","organic","SanDiego"
"39","8962.77","3207.2","2015-03-29 00:00:00","1.53","5150.91","0","604.66","604.66","0","0","organic","SanDiego"
"32","31271.46","22521.08","2015-05-17 00:00:00","1.53","8741.03","0","9.35","9.35","0","0","organic","SanFrancisco"
"40","51355.58","10717.1","2015-03-22 00:00:00","1.53","38095.48","30.85","2512.15","0","2512.15","0","organic","Seattle"
"42","4954.18","498.38","2015-03-08 00:00:00","1.53","2462.31","536.83","1456.66","1109.39","347.27","0","organic","SouthCarolina"
"5","49426.32","22587.08","2015-11-22 00:00:00","1.53","3632","0","23207.24","23045.62","161.62","0","organic","SouthCentral"
"13","62096.82","33019.07","2015-09-27 00:00:00","1.53","5744.39","0","23333.36","23134.53","198.83","0","organic","SouthCentral"
"14","66134.27","33312.91","2015-09-20 00:00:00","1.53","4392.69","0","28428.67","28383.81","44.86","0","organic","SouthCentral"
"23","35667.73","7915.19","2015-07-19 00:00:00","1.53","6778.13","733.63","20240.78","14690.68","5550.1","0","organic","Southeast"
"1","2491.77","0","2015-12-20 00:00:00","1.53","72.97","0","2418.8","2119.22","299.58","0","organic","Syracuse"
"2","2134.92","1.23","2015-12-13 00:00:00","1.53","124.46","0","2009.23","1223.27","785.96","0","organic","Syracuse"
"1","531478.24","93849.3","2015-12-20 00:00:00","1.53","205909.13","8733.11","222986.7","130418.73","92567.97","0","organic","TotalUS"
"37","810018.27","202491.27","2015-04-12 00:00:00","1.53","428607.3","6179.48","172740.22","117569.14","55171.08","0","organic","TotalUS"
"48","556368.86","207494.87","2015-01-25 00:00:00","1.53","212312.02","4753.87","131808.1","95964.83","35843.27","0","organic","TotalUS"
"30","251074.96","84137.69","2015-05-31 00:00:00","1.53","124169.28","115.97","42652.02","8789.9","33862.12","0","organic","West"
"26","1922.75","0","2016-06-26 00:00:00","1.53","162.87","0","1759.88","1759.88","0","0","organic","Albany"
"27","11590.31","1.21","2016-06-19 00:00:00","1.53","588.73","0","11000.37","9667.8","1332.57","0","organic","Boston"
"16","5688.2","83.54","2016-09-04 00:00:00","1.53","195.72","0","5408.94","5408.94","0","0","organic","BuffaloRochester"
"0","132890.31","22779.87","2016-12-25 00:00:00","1.53","56237.83","10.76","53861.85","43478.17","10383.68","0","organic","California"
"18","176650.09","28268.87","2016-08-21 00:00:00","1.53","67090.59","3.11","81287.52","80495.19","792.33","0","organic","California"
"27","37650.61","122.15","2016-06-19 00:00:00","1.53","35503.46","0","2025","2025","0","0","organic","Chicago"
"28","40535.05","162.25","2016-06-12 00:00:00","1.53","38677.24","0","1695.56","1695.56","0","0","organic","Chicago"
"39","1816.88","73.89","2016-03-27 00:00:00","1.53","1274.17","0","468.82","453.33","15.49","0","organic","GrandRapids"
"49","2099.77","1295.76","2016-01-17 00:00:00","1.53","471.18","0","332.83","326.67","6.16","0","organic","GrandRapids"
"44","2235.13","320.85","2016-02-21 00:00:00","1.53","1193.27","0","721.01","470","251.01","0","organic","Indianapolis"
"51","2057.45","229.67","2016-01-03 00:00:00","1.53","1187.16","0","640.62","304.07","336.55","0","organic","Indianapolis"
"0","1619.79","16.42","2016-12-25 00:00:00","1.53","910.47","0","692.9","406.67","286.23","0","organic","Louisville"
"18","3132.72","18.62","2016-08-21 00:00:00","1.53","2366.87","0","747.23","443.33","303.9","0","organic","Louisville"
"6","106921.43","2504.28","2016-11-13 00:00:00","1.53","37374.61","2201.69","64840.85","31432.23","33408.62","0","organic","Midsouth"
"40","6926.91","821.77","2016-03-20 00:00:00","1.53","3668.29","0","2436.85","1823.33","613.52","0","organic","Nashville"
"43","5288.17","645.58","2016-02-28 00:00:00","1.53","3099.19","0","1543.4","1530","13.4","0","organic","Nashville"
"50","4746.74","684.01","2016-01-10 00:00:00","1.53","2558.51","0","1504.22","594.98","909.24","0","organic","Nashville"
"5","5481.72","603.21","2016-11-20 00:00:00","1.53","44.54","0","4833.97","2076.66","2757.31","0","organic","Orlando"
"6","6791.4","691.45","2016-11-13 00:00:00","1.53","47.12","0","6052.83","3136.67","2916.16","0","organic","Orlando"
"24","9912.51","2719.12","2016-07-10 00:00:00","1.53","221.76","0","6971.63","6941.63","30","0","organic","Orlando"
"42","16463.5","2516.88","2016-03-06 00:00:00","1.53","5105.39","9.8","8831.43","1462.75","7368.68","0","organic","Philadelphia"
"47","11396.43","438.65","2016-01-31 00:00:00","1.53","1843.31","18.4","9096.07","230.01","8866.06","0","organic","Philadelphia"
"51","8788.89","150.18","2016-01-03 00:00:00","1.53","1457.84","0","7180.87","169.85","7011.02","0","organic","Philadelphia"
"36","18395.17","7150.42","2016-04-17 00:00:00","1.53","8259.32","0","2985.43","729.14","2256.29","0","organic","PhoenixTucson"
"47","8134.79","5035","2016-01-31 00:00:00","1.53","1072.8","0","2026.99","1949.17","77.82","0","organic","PhoenixTucson"
"3","7908.69","893.1","2016-12-04 00:00:00","1.53","8.76","0","7006.83","6547.63","459.2","0","organic","Pittsburgh"
"4","6723.98","659.82","2016-11-27 00:00:00","1.53","7.02","1.75","6055.39","5637.63","417.76","0","organic","Pittsburgh"
"5","7498.33","832.11","2016-11-20 00:00:00","1.53","17.59","0","6648.63","6228.15","420.48","0","organic","Pittsburgh"
"6","7864.22","873.29","2016-11-13 00:00:00","1.53","7.04","0","6983.89","6548","435.89","0","organic","Pittsburgh"
"7","8022.27","891.35","2016-11-06 00:00:00","1.53","73.99","0","7056.93","6634.74","422.19","0","organic","Pittsburgh"
"10","9213.3","968.87","2016-10-16 00:00:00","1.53","133.4","0","8111.03","7685.88","425.15","0","organic","Pittsburgh"
"12","10005.59","796","2016-10-02 00:00:00","1.53","104.74","0","9104.85","8682.57","422.28","0","organic","Pittsburgh"
"13","8814.22","1032.78","2016-09-25 00:00:00","1.53","128.66","0","7652.78","7151.55","501.23","0","organic","Pittsburgh"
"16","5272.87","927.16","2016-09-04 00:00:00","1.53","127.76","0","4217.95","4183.42","34.53","0","organic","Pittsburgh"
"32","16392.02","2107.1","2016-05-15 00:00:00","1.53","9617.74","0","4667.18","4667.18","0","0","organic","SanDiego"
"4","36545.5","321.68","2016-11-27 00:00:00","1.53","9807.21","26.11","26390.5","322.68","26067.82","0","organic","Seattle"
"33","52129.42","14799.32","2016-05-08 00:00:00","1.53","10278.09","401.59","26650.42","22526.26","4124.16","0","organic","Southeast"
"15","3194.19","837.77","2016-09-11 00:00:00","1.53","386.27","0","1970.15","638.38","1331.77","0","organic","Spokane"
"2","5358.18","1761.25","2016-12-11 00:00:00","1.53","573.98","0","3022.95","947.22","2075.73","0","organic","StLouis"
"18","2472.9","7.34","2016-08-21 00:00:00","1.53","157.78","0","2307.78","2307.78","0","0","organic","Syracuse"
"19","1391.44","12.41","2016-08-14 00:00:00","1.53","124.07","0","1254.96","1254.96","0","0","organic","Syracuse"
"49","1478.04","6.25","2016-01-17 00:00:00","1.53","226.16","0","1245.63","1192.88","52.75","0","organic","Syracuse"
"26","23108.17","674.17","2017-07-02 00:00:00","1.53","9001.27","0","13432.73","3832.88","9599.85","0","organic","Atlanta"
"48","7330.86","1102.57","2017-01-29 00:00:00","1.53","4181.73","0","2046.56","5.58","2040.98","0","organic","Atlanta"
"0","40942.37","1177.45","2017-12-31 00:00:00","1.53","7959.34","122.36","31683.22","31680.42","2.8","0","organic","BaltimoreWashington"
"14","62464.93","2666.66","2017-09-24 00:00:00","1.53","6252.03","94.49","53451.75","53451.75","0","0","organic","BaltimoreWashington"
"42","210400.75","26372.8","2017-03-12 00:00:00","1.53","73288.71","9.46","110729.78","96032.09","14697.69","0","organic","California"
"49","136422.97","28034.89","2017-01-22 00:00:00","1.53","54342.56","6.18","54039.34","49913.43","4125.91","0","organic","California"
"46","35870.49","49","2017-02-12 00:00:00","1.53","32792.61","0","3028.88","3028.88","0","0","organic","Chicago"
"7","8438.61","590.03","2017-11-12 00:00:00","1.53","1463.98","0","6384.6","6057.45","327.15","0","organic","Columbus"
"3","16639.95","3195.45","2017-12-10 00:00:00","1.53","333.74","0","13110.76","9916.06","3194.7","0","organic","DallasFtWorth"
"6","133203.19","3394.42","2017-11-19 00:00:00","1.53","39866.7","0","89472.15","82838.51","6633.64","0","organic","GreatLakes"
"10","21441.78","35.03","2017-10-22 00:00:00","1.53","2862.72","1.41","18542.62","18475.42","67.2","0","organic","HartfordSpringfield"
"2","27626.41","6972.28","2017-12-17 00:00:00","1.53","66.92","0","20587.21","20577.21","10","0","organic","Houston"
"38","5340.95","572.93","2017-04-09 00:00:00","1.53","2987.08","0","1780.94","1123.08","657.86","0","organic","Nashville"
"51","3165.75","209","2017-01-08 00:00:00","1.53","2389.04","0","567.71","62.22","505.49","0","organic","Nashville"
"52","3749.48","210.85","2017-01-01 00:00:00","1.53","3088.93","0","449.7","62.22","387.48","0","organic","Nashville"
"9","9293.76","151.09","2017-10-29 00:00:00","1.53","1301.57","0","7841.1","7140.34","700.76","0","organic","Roanoke"
"10","10892.04","262.63","2017-10-22 00:00:00","1.53","1702.26","0","8927.15","8539.6","387.55","0","organic","Roanoke"
"32","55027.93","3074.66","2017-05-21 00:00:00","1.53","11527.34","7.95","40417.98","795.62","39622.36","0","organic","Seattle"
"32","4711.98","319.75","2017-05-21 00:00:00","1.53","1148.21","68.52","3175.5","91.01","3084.49","0","organic","Spokane"
"50","3179.45","2.53","2017-01-15 00:00:00","1.53","156.91","0","3020.01","3000.33","19.68","0","organic","Syracuse"
"11","15714.11","405.37","2018-01-07 00:00:00","1.53","4195.19","0","11113.55","7883.61","3229.94","0","organic","Atlanta"
"6","46355.69","1457.17","2018-02-11 00:00:00","1.53","9060.57","68.22","35769.73","35769.73","0","0","organic","BaltimoreWashington"
"10","36501.82","8395.91","2018-01-14 00:00:00","1.53","839.11","53.61","27213.19","25789.59","1423.6","0","organic","Denver"
"6","18314.18","217.6","2018-02-11 00:00:00","1.53","254.81","20.89","17820.88","17798.66","22.22","0","organic","HarrisburgScranton"
"2","3375.33","92.46","2018-03-11 00:00:00","1.53","616.99","3.93","2661.95","2561.1","100.85","0","organic","Jacksonville"
"2","185141.54","3659.19","2018-03-11 00:00:00","1.53","50387.09","836.2","130259.06","119351.93","10907.13","0","organic","Midsouth"
"9","6993.97","113.71","2018-01-21 00:00:00","1.53","598.05","0","6282.21","6278.88","3.33","0","organic","Orlando"
"10","23359.01","119.42","2018-01-14 00:00:00","1.53","6900.26","219.92","16119.41","15798.76","320.65","0","organic","RaleighGreensboro"
"7","8082.68","205.29","2018-02-04 00:00:00","1.53","1857.77","0","6019.62","5345.21","674.41","0","organic","Roanoke"
"10","7238.04","106.98","2018-01-14 00:00:00","1.53","496.61","0","6634.45","6634.45","0","0","organic","Tampa"
"7","1384683.41","117922.52","2018-02-04 00:00:00","1.53","287724.61","1703.52","977084.84","774695.74","201878.69","510.41","organic","TotalUS"
"49","107040.29","1625.26","2015-01-18 00:00:00","1.52","61859.85","133.29","43421.89","43419.67","2.22","0","conventional","BuffaloRochester"
"51","54956.8","3013.04","2015-01-04 00:00:00","1.52","35456.88","1561.7","14925.18","11264.8","3660.38","0","conventional","Pittsburgh"
"10","586073.85","146584.21","2015-10-18 00:00:00","1.52","332942.22","31021.35","75526.07","74724.61","756.67","44.79","conventional","SanFrancisco"
"27","673720.54","161726.05","2015-06-21 00:00:00","1.52","396191.28","29789.01","86014.2","84970.33","1043.87","0","conventional","SanFrancisco"
"0","73341.73","3202.39","2016-12-25 00:00:00","1.52","58280.33","426.92","11432.09","11017.32","411.83","2.94","conventional","Albany"
"4","58171.89","2793.99","2016-11-27 00:00:00","1.52","47106.18","18.14","8253.58","7973.98","279.6","0","conventional","Albany"
"19","742291.98","68335.7","2016-08-14 00:00:00","1.52","421188.86","24863.67","227903.75","219529.71","6984.04","1390","conventional","BaltimoreWashington"
"20","746493.74","71154.97","2016-08-07 00:00:00","1.52","432956.75","28505.15","213876.87","210316.02","2285.85","1275","conventional","BaltimoreWashington"
"22","509094.85","13099.78","2016-07-24 00:00:00","1.52","343835.83","10965.64","141193.6","137804.71","11.11","3377.78","conventional","Boston"
"9","167741.27","54981.9","2016-10-23 00:00:00","1.52","39749.81","20290.31","52719.25","47060.46","5658.79","0","conventional","Charlotte"
"16","142913.72","2698.76","2016-09-04 00:00:00","1.52","79726.85","8313.96","52174.15","47210.76","4235.26","728.13","conventional","GrandRapids"
"7","1595013.07","543331.54","2016-11-06 00:00:00","1.52","423351.91","77064.64","551264.98","497726.49","26542.63","26995.86","conventional","LosAngeles"
"5","461236.74","179988.4","2016-11-20 00:00:00","1.52","102113","44.24","179091.1","70029.31","109061.79","0","conventional","MiamiFtLauderdale"
"6","2075282.76","589046.77","2016-11-13 00:00:00","1.52","723968.74","99449.47","662817.78","562621.68","97915.02","2281.08","conventional","Midsouth"
"3","960475.67","13893.11","2016-12-04 00:00:00","1.52","696042.02","2350.43","248190.11","214068.14","33668.33","453.64","conventional","NewYork"
"8","255455.34","12252.61","2016-10-30 00:00:00","1.52","185280.5","2879.09","55043.14","55043.14","0","0","conventional","NorthernNewEngland"
"12","291185.37","18423.35","2016-10-02 00:00:00","1.52","222357.93","3193.18","47210.91","47207.35","3.56","0","conventional","NorthernNewEngland"
"9","236500.42","83780.57","2016-10-23 00:00:00","1.52","68746.38","134.75","83838.72","28494.95","54609.05","734.72","conventional","Orlando"
"23","392041.56","14420.42","2016-07-17 00:00:00","1.52","190535.1","17208.53","169877.51","152288.86","9333.25","8255.4","conventional","Philadelphia"
"3","542857.36","159831.4","2016-12-04 00:00:00","1.52","310592.77","2249.75","70183.44","67734.87","1143.85","1304.72","conventional","SanFrancisco"
"12","731993.57","196085.62","2016-10-02 00:00:00","1.52","421421.2","10626.67","103860.08","101544.87","1167.15","1148.06","conventional","SanFrancisco"
"21","814505.22","185496.96","2016-07-31 00:00:00","1.52","513372.1","42846.42","72789.74","71153.86","948.38","687.5","conventional","SanFrancisco"
"8","265332.11","93166.48","2016-10-30 00:00:00","1.52","68007.5","150.2","104007.93","42732.14","61275.79","0","conventional","Tampa"
"20","133070.41","1947.26","2017-08-13 00:00:00","1.52","118605.14","186.67","12331.34","8301.97","3132.71","896.66","conventional","Albany"
"25","101331.41","2899.46","2017-07-09 00:00:00","1.52","81929.02","494.51","16008.42","8213.25","5210.17","2585","conventional","Albany"
"20","624419.06","7302.93","2017-08-13 00:00:00","1.52","492068.56","2985.05","122062.52","78320.7","40848.48","2893.34","conventional","Boston"
"19","212479.12","57230.8","2017-08-20 00:00:00","1.52","69135.38","5602.86","80510.08","71101.96","5397.01","4011.11","conventional","Charlotte"
"20","151390.04","59728.76","2017-08-13 00:00:00","1.52","19181.67","1136.45","71343.16","62533.55","8290.1","519.51","conventional","Columbus"
"9","2739607.48","570308.79","2017-10-29 00:00:00","1.52","901889.6","159959.25","1107449.84","775312.24","319204.76","12932.84","conventional","GreatLakes"
"28","505828.46","311873.22","2017-06-18 00:00:00","1.52","66760.95","105.13","127089.16","51803.99","62943.5","12341.67","conventional","MiamiFtLauderdale"
"7","1122350","51661","2017-11-12 00:00:00","1.52","667319","710","402660","369347","33312","0","conventional","NewYork"
"22","1306226.34","63098.74","2017-07-30 00:00:00","1.52","856414.09","3849.65","382863.86","362404.9","17642.09","2816.87","conventional","NewYork"
"48","1270564.47","17844.88","2017-01-29 00:00:00","1.52","816423.62","94445.56","341850.41","285574.23","51331.29","4944.89","conventional","NewYork"
"9","3430235.17","251453.16","2017-10-29 00:00:00","1.52","2238785.24","6303.94","933692.83","768631.44","165040.73","20.66","conventional","Northeast"
"21","4132666.26","227866.95","2017-08-06 00:00:00","1.52","2801740","14589.95","1088469.36","891867.29","165243.16","31358.91","conventional","Northeast"
"10","300976.46","12997.21","2017-10-22 00:00:00","1.52","237665.93","1461.46","48851.86","25885.06","22966.8","0","conventional","NorthernNewEngland"
"28","420089.07","9653.18","2017-06-18 00:00:00","1.52","327624.68","7455.86","75355.35","31581.28","40114.07","3660","conventional","NorthernNewEngland"
"42","290011","163532.82","2017-03-12 00:00:00","1.52","41183.06","75.44","85219.68","51987.48","33232.2","0","conventional","Orlando"
"9","90393.33","30939.52","2017-10-29 00:00:00","1.52","20179.35","1067.37","38207.09","32383.14","5823.95","0","conventional","Pittsburgh"
"17","402400.31","146612.09","2017-09-03 00:00:00","1.52","158752.15","22496.54","74539.53","68847.07","5456.55","235.91","conventional","SanDiego"
"5","630939","166448","2017-11-26 00:00:00","1.52","359471","2154","102865","100099","60","2706","conventional","SanFrancisco"
"19","3113164.81","1729866.38","2017-08-20 00:00:00","1.52","444533.12","3377.63","935387.68","544185.62","352850.68","38351.38","conventional","Southeast"
"40","3149349.04","1691953.94","2017-03-26 00:00:00","1.52","444119.19","4008.12","1009267.79","619190.02","366946.66","23131.11","conventional","Southeast"
"22","154896.27","66450.58","2017-07-30 00:00:00","1.52","19148.7","157.76","69139.23","62761.15","4260.8","2117.28","conventional","StLouis"
"37","144788.05","65731.57","2017-04-16 00:00:00","1.52","20965.11","237.17","57854.2","55907.7","77.36","1869.14","conventional","StLouis"
"49","79859.72","1341","2017-01-22 00:00:00","1.52","52570.04","16.27","25932.41","24856.47","1075.94","0","conventional","Syracuse"
"5","143871.75","1921.26","2018-02-18 00:00:00","1.52","46210.79","26232.82","69506.88","55370.67","5586.21","8550","conventional","GrandRapids"
"11","283678.88","5732.13","2018-01-07 00:00:00","1.52","214934.82","136.28","62875.65","49441.07","13434.58","0","conventional","HartfordSpringfield"
"18","10342.09","2493.75","2015-08-23 00:00:00","1.52","3862.12","0","3986.22","1841.3","2144.92","0","organic","Atlanta"
"39","3933.04","8.82","2015-03-29 00:00:00","1.52","3776.05","0","148.17","116.67","31.5","0","organic","Boise"
"11","4176.1","16.64","2015-10-11 00:00:00","1.52","47.43","0","4112.03","4109.39","2.64","0","organic","BuffaloRochester"
"36","123851.34","55948.06","2015-04-19 00:00:00","1.52","57078.01","1.49","10823.78","10823.78","0","0","organic","California"
"38","120814.24","57082.3","2015-04-05 00:00:00","1.52","51295.72","0","12436.22","12436.22","0","0","organic","California"
"41","94419.17","65441.32","2015-03-15 00:00:00","1.52","21855.14","0","7122.71","7122.71","0","0","organic","California"
"45","116499.36","85444.97","2015-02-15 00:00:00","1.52","21689.75","0","9364.64","9364.64","0","0","organic","California"
"47","14391.05","1363.35","2015-02-01 00:00:00","1.52","11835.47","0","1192.23","1192.23","0","0","organic","Chicago"
"3","3535.8","469.17","2015-12-06 00:00:00","1.52","2218.83","2.23","845.57","549.78","295.79","0","organic","Columbus"
"4","1156.05","213.55","2015-11-29 00:00:00","1.52","676.97","0","265.53","26.67","238.86","0","organic","Indianapolis"
"18","50234.03","19022.68","2015-08-23 00:00:00","1.52","20438.43","3.19","10769.73","10769.73","0","0","organic","LosAngeles"
"2","1111.9","28.91","2015-12-13 00:00:00","1.52","798.1","0","284.89","0","284.89","0","organic","Louisville"
"10","1696.6","20.5","2015-10-18 00:00:00","1.52","1442.52","0","233.58","0","233.58","0","organic","Louisville"
"19","2495.29","3.82","2015-08-16 00:00:00","1.52","1866.45","0","625.02","243.33","381.69","0","organic","Louisville"
"22","67600.74","5543.66","2015-07-26 00:00:00","1.52","36107.8","3438.23","22511.05","8545.51","13965.54","0","organic","Midsouth"
"50","65483.08","14570.74","2015-01-11 00:00:00","1.52","30445.75","3170.11","17296.48","16715.45","581.03","0","organic","Midsouth"
"7","3512.7","249.76","2015-11-08 00:00:00","1.52","5.59","0","3257.35","3257.35","0","0","organic","NewOrleansMobile"
"10","3148.46","366.69","2015-10-18 00:00:00","1.52","93.2","0","2688.57","2688.57","0","0","organic","NewOrleansMobile"
"44","3561.9","342.26","2015-02-22 00:00:00","1.52","16.3","0","3203.34","3203.34","0","0","organic","NewOrleansMobile"
"9","9307.99","8001.76","2015-10-25 00:00:00","1.52","1140.49","0","165.74","143.33","22.41","0","organic","PhoenixTucson"
"42","12545.98","8912.48","2015-03-08 00:00:00","1.52","1115.21","0","2518.29","2513.33","4.96","0","organic","PhoenixTucson"
"17","2181.39","790.6","2015-08-30 00:00:00","1.52","61.61","0","1329.18","713.13","616.05","0","organic","Pittsburgh"
"40","3345.52","169.24","2015-03-22 00:00:00","1.52","2320.53","381.39","474.36","40","434.36","0","organic","RichmondNorfolk"
"40","7875.19","4117.41","2015-03-22 00:00:00","1.52","3666.37","0","91.41","91.41","0","0","organic","Sacramento"
"36","10267.95","2524.24","2015-04-19 00:00:00","1.52","7216.36","0","527.35","527.35","0","0","organic","SanDiego"
"31","29319.95","19270.32","2015-05-24 00:00:00","1.52","10024.67","0","24.96","24.96","0","0","organic","SanFrancisco"
"35","31950.47","22964.23","2015-04-26 00:00:00","1.52","8946","0","40.24","40.24","0","0","organic","SanFrancisco"
"43","4830.76","466.91","2015-03-01 00:00:00","1.52","2571.07","530.63","1262.15","870","392.15","0","organic","SouthCarolina"
"9","65708.3","30226.86","2015-10-25 00:00:00","1.52","4503.52","0","30977.92","30802.1","175.82","0","organic","SouthCentral"
"12","5141.68","1420.04","2015-10-04 00:00:00","1.52","1780.46","0","1941.18","54","1887.18","0","organic","StLouis"
"0","549787.59","89709.92","2015-12-27 00:00:00","1.52","206198.62","5836.04","248043.01","142262.93","105780.08","0","organic","TotalUS"
"3","514112.96","90203.21","2015-12-06 00:00:00","1.52","212582.74","4066.09","207260.92","108684.49","98576.43","0","organic","TotalUS"
"48","166494.38","61454.35","2015-01-25 00:00:00","1.52","68624.86","749.3","35665.87","9756.03","25909.84","0","organic","West"
"41","6967.87","2392.51","2016-03-13 00:00:00","1.52","3420.52","0","1154.84","562.71","592.13","0","organic","Atlanta"
"33","21296.42","1619.89","2016-05-08 00:00:00","1.52","11266.77","322.16","8087.6","6751.58","1336.02","0","organic","BaltimoreWashington"
"2","1864.49","0","2016-12-11 00:00:00","1.52","461.87","0","1402.62","433.41","969.21","0","organic","Boise"
"44","9394.21","13.81","2016-02-21 00:00:00","1.52","451.66","0","8928.74","7679.45","1249.29","0","organic","Boston"
"47","8221.86","6.99","2016-01-31 00:00:00","1.52","553.02","0","7661.85","7494.27","167.58","0","organic","Boston"
"1","1859.14","34.03","2016-12-18 00:00:00","1.52","240.4","0","1584.71","1574.58","10.13","0","organic","BuffaloRochester"
"14","3999.84","40.56","2016-09-18 00:00:00","1.52","156.27","0","3803.01","3800.36","2.65","0","organic","BuffaloRochester"
"20","4350.7","51.48","2016-08-07 00:00:00","1.52","215.02","0","4084.2","4084.2","0","0","organic","BuffaloRochester"
"49","25573.57","777.31","2016-01-17 00:00:00","1.52","24636.26","0","160","160","0","0","organic","Chicago"
"6","9515.89","366.46","2016-11-13 00:00:00","1.52","6058.31","0","3091.12","252.19","2838.93","0","organic","CincinnatiDayton"
"8","15523.6","453.79","2016-10-30 00:00:00","1.52","10104.3","0","4965.51","262.77","4702.74","0","organic","CincinnatiDayton"
"37","6323.62","360.23","2016-04-10 00:00:00","1.52","4906.26","0","1057.13","550","507.13","0","organic","Columbus"
"20","22282.57","12876.46","2016-08-07 00:00:00","1.52","2651.64","8.06","6746.41","6538.45","207.96","0","organic","Denver"
"26","19132.38","14921.84","2016-06-26 00:00:00","1.52","4022.39","76.5","111.65","94.98","16.67","0","organic","Denver"
"27","24524.24","20528.3","2016-06-19 00:00:00","1.52","3777.61","100.4","117.93","83.67","34.26","0","organic","Denver"
"27","13092.1","5180.03","2016-06-19 00:00:00","1.52","6593.84","0","1318.23","563.36","754.87","0","organic","LasVegas"
"3","68500.56","9917.23","2016-12-04 00:00:00","1.52","25081.27","10.96","33491.1","30856.88","2634.22","0","organic","LosAngeles"
"12","76112.99","10357.01","2016-10-02 00:00:00","1.52","22863.79","3.17","42889.02","37434","5455.02","0","organic","LosAngeles"
"3","4028.26","2","2016-12-04 00:00:00","1.52","16.26","0","4010","4010","0","0","organic","MiamiFtLauderdale"
"10","991.33","9.5","2016-10-16 00:00:00","1.52","40.72","0","941.11","941.11","0","0","organic","MiamiFtLauderdale"
"50","4664.6","2068.15","2016-01-10 00:00:00","1.52","32.27","0","2564.18","1341.37","1222.81","0","organic","MiamiFtLauderdale"
"16","139031.27","2643.48","2016-09-04 00:00:00","1.52","52375.95","2926.09","81085.75","45683.66","35402.09","0","organic","Midsouth"
"25","106192.85","3151.7","2016-07-03 00:00:00","1.52","49420.99","3476.87","50143.29","27090.98","23052.31","0","organic","Midsouth"
"45","66026.03","2939.06","2016-02-14 00:00:00","1.52","32755.22","1927.84","28403.91","16485.43","11918.48","0","organic","Midsouth"
"46","70234.9","2936.84","2016-02-07 00:00:00","1.52","33647.52","2422.38","31228.16","14107.98","17120.18","0","organic","Midsouth"
"16","4206.78","257.09","2016-09-04 00:00:00","1.52","23.18","0","3926.51","3883.18","43.33","0","organic","NewOrleansMobile"
"50","2774.1","407.39","2016-01-10 00:00:00","1.52","5.95","0","2360.76","2360.76","0","0","organic","NewOrleansMobile"
"51","2906.1","755.24","2016-01-03 00:00:00","1.52","2.95","0","2147.91","2147.91","0","0","organic","NewOrleansMobile"
"50","99539.08","5988.87","2016-01-10 00:00:00","1.52","21064.16","1435.67","71050.38","31297.1","39753.28","0","organic","Northeast"
"41","5651.13","2735.12","2016-03-13 00:00:00","1.52","99.34","0","2816.67","2816.67","0","0","organic","Orlando"
"29","12699.87","5651.13","2016-06-05 00:00:00","1.52","4638.32","0","2410.42","574.04","1836.38","0","organic","PhoenixTucson"
"31","14664.1","5249.23","2016-05-22 00:00:00","1.52","6143.97","0","3270.9","304.08","2966.82","0","organic","PhoenixTucson"
"43","10666.36","5123.85","2016-02-28 00:00:00","1.52","1445.2","0","4097.31","3987.65","109.66","0","organic","PhoenixTucson"
"2","7774.07","755.9","2016-12-11 00:00:00","1.52","17.46","0","7000.71","6515.79","484.92","0","organic","Pittsburgh"
"9","8896.5","1009.65","2016-10-23 00:00:00","1.52","87.95","0","7798.9","7224.88","574.02","0","organic","Pittsburgh"
"17","4650.34","713.43","2016-08-28 00:00:00","1.52","225.29","0","3711.62","3503.01","208.61","0","organic","Pittsburgh"
"14","9705.5","109.45","2016-09-18 00:00:00","1.52","3995.57","251.49","5348.99","3302.03","2046.96","0","organic","RichmondNorfolk"
"14","8239.74","58.18","2016-09-18 00:00:00","1.52","3901.06","0","4280.5","1893.28","2387.22","0","organic","Roanoke"
"25","7064.25","118.52","2016-07-03 00:00:00","1.52","4615.38","0","2330.35","949.9","1380.45","0","organic","Roanoke"
"26","20209.95","3158.64","2016-06-26 00:00:00","1.52","11338.76","0","5712.55","5690.76","21.79","0","organic","SanDiego"
"29","17431.92","3340.24","2016-06-05 00:00:00","1.52","8893.38","0","5198.3","5022.86","175.44","0","organic","SanDiego"
"48","1955.39","53.78","2016-01-24 00:00:00","1.52","951.21","5.76","944.64","0","944.64","0","organic","Spokane"
"15","4993.15","1134.32","2016-09-11 00:00:00","1.52","1259.36","0","2599.47","55.38","2544.09","0","organic","StLouis"
"7","5424.32","459.01","2016-11-06 00:00:00","1.52","41.49","0","4923.82","2370","2553.82","0","organic","Tampa"
"11","878367.41","127092.78","2016-10-09 00:00:00","1.52","266687.47","5103.42","479483.74","289726.54","189757.2","0","organic","TotalUS"
"15","1103488.85","144991.21","2016-09-11 00:00:00","1.52","334671.53","3481.85","620344.26","438024.44","182319.82","0","organic","TotalUS"
"4","168440.43","28656.52","2016-11-27 00:00:00","1.52","31983.14","64.8","107735.97","31027.16","76708.81","0","organic","West"
"3","6603.57","423.48","2017-12-10 00:00:00","1.52","1207.97","0","4972.12","4523.96","448.16","0","organic","Columbus"
"8","9469.28","44.32","2017-11-05 00:00:00","1.52","3069.6","0","6355.36","6355.36","0","0","organic","GrandRapids"
"49","2693.59","65.96","2017-01-22 00:00:00","1.52","2010.96","0","616.67","616.67","0","0","organic","GrandRapids"
"51","2650.61","108.05","2017-01-08 00:00:00","1.52","1992.56","0","550","550","0","0","organic","GrandRapids"
"4","139934.06","2808.31","2017-12-03 00:00:00","1.52","45409.34","0","91390.14","82843.58","8546.56","0","organic","GreatLakes"
"5","141104.31","2599.3","2017-11-26 00:00:00","1.52","37369.95","0","100572.12","89060.03","11512.09","0","organic","GreatLakes"
"31","5391.5","153.14","2017-05-28 00:00:00","1.52","1467.48","0","3770.88","1800.43","1970.45","0","organic","Indianapolis"
"0","7098.52","51.97","2017-12-31 00:00:00","1.52","1535.55","0","5511","3056.04","2454.96","0","organic","Nashville"
"12","21089.7","10.89","2017-10-08 00:00:00","1.52","194.84","0","20883.97","20879.53","4.44","0","organic","NorthernNewEngland"
"32","2858.31","403.32","2017-05-21 00:00:00","1.52","3.54","0","2451.45","2372.83","78.62","0","organic","Pittsburgh"
"4","29860.53","2244.93","2017-12-03 00:00:00","1.52","5328.78","0","22286.82","989.99","21274.46","22.37","organic","Portland"
"51","11276.02","179.81","2017-01-08 00:00:00","1.52","4508.4","369.14","6218.67","6018.6","200.07","0","organic","RaleighGreensboro"
"32","11063.56","536.61","2017-05-21 00:00:00","1.52","4072.81","205.25","6248.89","3079.19","3169.7","0","organic","RichmondNorfolk"
"51","16775.97","2363.28","2017-01-08 00:00:00","1.52","9429.06","0","4983.63","3266.31","1717.32","0","organic","SanDiego"
"0","24699.21","14037.89","2017-12-31 00:00:00","1.52","8786.88","0","1874.44","1871.11","3.33","0","organic","SanFrancisco"
"41","45637.49","1575.36","2017-03-19 00:00:00","1.52","14762.91","4.06","29295.16","787.25","28507.91","0","organic","Seattle"
"20","112607.87","26288.07","2017-08-13 00:00:00","1.52","4083.7","0","82236.1","81577.02","659.08","0","organic","SouthCentral"
"22","124143.15","34533.3","2017-07-30 00:00:00","1.52","4894.84","0","84715.01","82561.9","2153.11","0","organic","SouthCentral"
"23","131449.42","45346.41","2017-07-23 00:00:00","1.52","6099.91","0","80003.1","78170.25","1832.85","0","organic","SouthCentral"
"40","8253.8","1009.21","2017-03-26 00:00:00","1.52","102.57","0","7142.02","5803.6","1338.42","0","organic","Tampa"
"0","1243940.09","120545.76","2017-12-31 00:00:00","1.52","248123.56","1279.48","873874.64","723304.51","150460.36","109.77","organic","TotalUS"
"30","263143.18","46575.21","2017-06-04 00:00:00","1.52","50359.11","146.97","166061.89","31550.55","134511.34","0","organic","West"
"32","252331.06","72450.49","2017-05-21 00:00:00","1.52","48371.97","249.55","131259.05","19903.15","111355.9","0","organic","West"
"46","214333.3","43227.87","2017-02-12 00:00:00","1.52","61842.48","104.08","109158.87","63558.21","45600.66","0","organic","West"
"7","4124.96","118.38","2018-02-04 00:00:00","1.52","420.36","0","3586.22","3586.22","0","0","organic","Albany"
"5","51564.7","2125.96","2018-02-18 00:00:00","1.52","12402.09","79.77","36956.88","36927.99","28.89","0","organic","BaltimoreWashington"
"5","9673.24","138.51","2018-02-18 00:00:00","1.52","772.24","0","8762.49","7794.44","968.05","0","organic","MiamiFtLauderdale"
"1","179316.2","3930.14","2018-03-18 00:00:00","1.52","48249.33","720.63","126416.1","109789.25","16626.85","0","organic","Midsouth"
"0","15372.8","2399.71","2018-03-25 00:00:00","1.52","3164.8","0","9808.29","9789.7","18.59","0","organic","PhoenixTucson"
"9","6871.05","76.66","2018-01-21 00:00:00","1.52","407.09","0","6387.3","6375.55","11.75","0","organic","Tampa"
"2","1664234.88","129169.72","2018-03-11 00:00:00","1.52","408763.5","1401.87","1124621.5","944572.5","180049","0","organic","TotalUS"
"3","1634430.77","142345.03","2018-03-04 00:00:00","1.52","390129.5","1225.97","1099871.68","831885.5","267818.31","167.87","organic","TotalUS"
"5","1814929.97","246515.35","2018-02-18 00:00:00","1.52","680037.45","1905.46","886241.96","783017.98","103184.01","39.97","organic","TotalUS"
"28","696873.03","181175.51","2015-06-14 00:00:00","1.51","403173.66","32092.36","80431.5","79360.05","1071.45","0","conventional","SanFrancisco"
"12","75480.26","4109.22","2016-10-02 00:00:00","1.51","57515.76","84.08","13771.2","13345.52","425.68","0","conventional","Albany"
"16","762218.08","97714.06","2016-09-04 00:00:00","1.51","442803.33","20154.92","201545.77","198131.8","2898.23","515.74","conventional","BaltimoreWashington"
"11","178235.75","43325.87","2016-10-09 00:00:00","1.51","52189.61","19419.57","63300.7","54704.14","8596.56","0","conventional","Charlotte"
"23","717279.19","43789.6","2016-07-17 00:00:00","1.51","425776.15","108230.65","139482.79","122026.18","12735.54","4721.07","conventional","Chicago"
"14","233869.17","37691.02","2016-09-18 00:00:00","1.51","130354.21","132.81","65691.13","64310.17","1375.96","5","conventional","HartfordSpringfield"
"7","426159.64","176243.94","2016-11-06 00:00:00","1.51","96964.16","232.81","152718.73","53017.4","99149.94","551.39","conventional","MiamiFtLauderdale"
"12","539574.59","221783.43","2016-10-02 00:00:00","1.51","125421.99","360.91","192008.26","71779.19","120229.07","0","conventional","MiamiFtLauderdale"
"24","1266199.75","15424.35","2016-07-10 00:00:00","1.51","700324.85","38821.41","511629.14","423617.35","84322.87","3688.92","conventional","NewYork"
"4","2701518.48","102215.56","2016-11-27 00:00:00","1.51","1938616.78","10853.05","649833.09","608290.41","40586.85","955.83","conventional","Northeast"
"5","3206946.52","126526.23","2016-11-20 00:00:00","1.51","2178698.04","16299.41","885422.84","839621.36","43848.7","1952.78","conventional","Northeast"
"20","70716.83","36652.25","2017-08-13 00:00:00","1.51","3646.53","5544.33","24873.72","16648.41","8222.39","2.92","conventional","Boise"
"23","70783.8","36289.63","2017-07-23 00:00:00","1.51","3129.5","7061.55","24303.12","15903.64","8360.3","39.18","conventional","Boise"
"40","550948.58","6860.31","2017-03-26 00:00:00","1.51","412840.77","3403.92","127843.58","115695.54","11461.93","686.11","conventional","Boston"
"34","976084.98","133904.86","2017-05-07 00:00:00","1.51","591928.07","162708.29","87543.76","75728.85","2304.19","9510.72","conventional","Chicago"
"38","284715.12","64658.67","2017-04-09 00:00:00","1.51","48429.11","33629.99","137997.35","123525.69","3833.22","10638.44","conventional","Detroit"
"26","192007.39","2073.97","2017-07-02 00:00:00","1.51","71125.6","51887.02","66920.8","45887.04","4128.48","16905.28","conventional","GrandRapids"
"16","180874.92","32675.66","2017-09-10 00:00:00","1.51","97799.79","61.9","50337.57","44252.37","1741.87","4343.33","conventional","HarrisburgScranton"
"32","244638.89","52736.28","2017-05-21 00:00:00","1.51","119601.86","179.49","72121.26","70371.47","1749.79","0","conventional","HarrisburgScranton"
"34","301180.77","53636.12","2017-05-07 00:00:00","1.51","140316.58","208.35","107019.72","101118.65","5671.9","229.17","conventional","HarrisburgScranton"
"20","568797.63","383486.57","2017-08-13 00:00:00","1.51","70899.96","207.86","114203.24","31618.38","73383.75","9201.11","conventional","MiamiFtLauderdale"
"36","556944.14","333198.36","2017-04-23 00:00:00","1.51","78525.35","143.43","145077","81699.04","63377.96","0","conventional","MiamiFtLauderdale"
"10","3380058.07","289343.32","2017-10-22 00:00:00","1.51","2157327.99","6149.33","927237.43","838555.26","88678.73","3.44","conventional","Northeast"
"8","288593.62","9954.77","2017-11-05 00:00:00","1.51","229668.21","1209.71","47760.93","18323.67","29437.26","0","conventional","NorthernNewEngland"
"24","381469.09","42039.06","2017-07-16 00:00:00","1.51","224289.93","513.38","114626.72","105159.06","6522.1","2945.56","conventional","Philadelphia"
"49","489345.23","18201.14","2017-01-22 00:00:00","1.51","287008.11","58242.14","125893.84","114958.9","9387.36","1547.58","conventional","Philadelphia"
"7","87818","30062","2017-11-12 00:00:00","1.51","15533","1162","41061","35203","5858","0","conventional","Pittsburgh"
"14","118080.88","25124.98","2017-09-24 00:00:00","1.51","39485.74","71.76","53398.4","49231.32","4111.19","55.89","conventional","Roanoke"
"36","174613.45","82661.42","2017-04-23 00:00:00","1.51","23248.85","252.37","68450.81","67084.51","57.89","1308.41","conventional","StLouis"
"10","44004.03","9115.03","2017-10-22 00:00:00","1.51","23293.35","47.27","11548.38","9164.3","2384.08","0","conventional","Syracuse"
"5","515022.94","16054.89","2018-02-18 00:00:00","1.51","378699.13","2422.76","117846.16","99085.39","17672.99","1087.78","conventional","Boston"
"4","794925.31","74465.63","2018-02-25 00:00:00","1.51","452448.67","131640.53","136370.48","91023.86","44466.75","879.87","conventional","Chicago"
"0","14201.42","363.5","2015-12-27 00:00:00","1.51","5263.2","318.34","8256.38","2247.43","6008.95","0","organic","BaltimoreWashington"
"40","3570.83","1.25","2015-03-22 00:00:00","1.51","3429.16","0","140.42","50","90.42","0","organic","Boise"
"34","27210.49","672.05","2015-05-03 00:00:00","1.51","26198.44","0","340","340","0","0","organic","Chicago"
"35","31932.1","920.16","2015-04-26 00:00:00","1.51","30398.61","0","613.33","613.33","0","0","organic","Chicago"
"31","5360.41","463.76","2015-05-24 00:00:00","1.51","3593","0","1303.65","746.25","557.4","0","organic","Columbus"
"38","8978.08","460.98","2015-04-05 00:00:00","1.51","6496.51","0","2020.59","436.3","1584.29","0","organic","Detroit"
"38","81495.39","2559.69","2015-04-05 00:00:00","1.51","60473.81","0","18461.89","9256.24","9205.65","0","organic","GreatLakes"
"4","7442.68","4092.5","2015-11-29 00:00:00","1.51","69.63","0","3280.55","3280.55","0","0","organic","Houston"
"27","11225.55","6354.28","2015-06-21 00:00:00","1.51","4456.88","0","414.39","174.28","240.11","0","organic","LasVegas"
"13","38333.16","13181.74","2015-09-27 00:00:00","1.51","17468.48","0","7682.94","7672.94","10","0","organic","LosAngeles"
"31","2285.46","3.69","2015-05-24 00:00:00","1.51","1340.14","0","941.63","438.45","503.18","0","organic","Louisville"
"4","1203.52","4.91","2015-11-29 00:00:00","1.51","14.34","0","1184.27","1184.27","0","0","organic","MiamiFtLauderdale"
"10","901.53","6.97","2015-10-18 00:00:00","1.51","14.56","0","880","880","0","0","organic","MiamiFtLauderdale"
"11","1780.24","12.93","2015-10-11 00:00:00","1.51","3.98","0","1763.33","1763.33","0","0","organic","MiamiFtLauderdale"
"19","1164.87","6.18","2015-08-16 00:00:00","1.51","22.02","0","1136.67","1136.67","0","0","organic","MiamiFtLauderdale"
"21","1015.04","5.11","2015-08-02 00:00:00","1.51","16.6","0","993.33","993.33","0","0","organic","MiamiFtLauderdale"
"23","69690.43","3753.91","2015-07-19 00:00:00","1.51","33297.71","3790.49","28848.32","14626.61","14221.71","0","organic","Midsouth"
"24","72375.15","6846.13","2015-07-12 00:00:00","1.51","34618.18","4080.75","26830.09","12329.8","14500.29","0","organic","Midsouth"
"36","84443.98","10821.03","2015-04-19 00:00:00","1.51","45874.1","5280.9","22467.95","17627.07","4840.88","0","organic","Midsouth"
"30","2154.53","839.69","2015-05-31 00:00:00","1.51","30.05","0","1284.79","1106.72","178.07","0","organic","Pittsburgh"
"45","25692.22","10884.59","2015-02-15 00:00:00","1.51","10887.79","32.61","3887.23","180","3707.23","0","organic","Portland"
"35","8109.67","89.77","2015-04-26 00:00:00","1.51","4454.61","919.05","2646.24","1748.63","897.61","0","organic","RaleighGreensboro"
"44","4120.01","87.31","2015-02-22 00:00:00","1.51","2167.08","487.95","1377.67","1206.67","171","0","organic","RichmondNorfolk"
"39","6479.15","125.9","2015-03-29 00:00:00","1.51","5301.46","0","1051.79","956.67","95.12","0","organic","Roanoke"
"44","8785.09","5027.44","2015-02-22 00:00:00","1.51","3605.45","0","152.2","148.87","3.33","0","organic","Sacramento"
"29","10372.71","2793.72","2015-06-07 00:00:00","1.51","6690.16","0","888.83","888.83","0","0","organic","SanDiego"
"31","12044.14","2853.3","2015-05-24 00:00:00","1.51","8566.51","0","624.33","624.33","0","0","organic","SanDiego"
"0","21378.66","610.22","2015-12-27 00:00:00","1.51","13103.85","4.01","7660.58","80.12","7580.46","0","organic","Seattle"
"7","57570.79","26586.86","2015-11-08 00:00:00","1.51","4970.65","0","26013.28","25469.5","543.78","0","organic","SouthCentral"
"8","57066.49","24717.23","2015-11-01 00:00:00","1.51","4952.41","0","27396.85","26999.58","397.27","0","organic","SouthCentral"
"11","59217.48","26165.72","2015-10-11 00:00:00","1.51","5052.77","0","27998.99","26778.29","1220.7","0","organic","SouthCentral"
"46","50546.78","10197.75","2015-02-08 00:00:00","1.51","16658.11","792.54","22898.38","20283.33","2615.05","0","organic","Southeast"
"45","4449.11","1630.04","2015-02-15 00:00:00","1.51","2660.43","0","158.64","30","128.64","0","organic","Spokane"
"44","673446.69","272594.88","2015-02-22 00:00:00","1.51","230342.87","4883.55","165625.39","133314.63","32310.76","0","organic","TotalUS"
"33","12166.64","4523.43","2015-05-03 00:00:00","1.51","4781.85","0","2861.36","1523.33","1338.03","0","organic","WestTexNewMexico"
"38","9283.54","3529.36","2016-04-03 00:00:00","1.51","3854.68","0","1899.5","993.33","906.17","0","organic","Atlanta"
"0","1098.66","1.22","2016-12-25 00:00:00","1.51","264.4","0","833.04","806.66","26.38","0","organic","BuffaloRochester"
"15","1699.25","59.65","2016-09-11 00:00:00","1.51","107.66","0","1531.94","1529.29","2.65","0","organic","BuffaloRochester"
"18","5118.51","24.13","2016-08-21 00:00:00","1.51","188.27","0","4906.11","4882.16","23.95","0","organic","BuffaloRochester"
"49","3607.37","0","2016-01-17 00:00:00","1.51","154.52","0","3452.85","3138.88","313.97","0","organic","BuffaloRochester"
"24","213417.87","30506.94","2016-07-10 00:00:00","1.51","89764.31","10.85","93135.77","92965.62","170.15","0","organic","California"
"26","204392.39","34450.42","2016-06-26 00:00:00","1.51","103277.2","18.59","66646.18","66565.39","80.79","0","organic","California"
"11","15218.52","562.56","2016-10-09 00:00:00","1.51","9696.37","0","4959.59","625.18","4334.41","0","organic","CincinnatiDayton"
"21","12919.17","554.23","2016-07-31 00:00:00","1.51","8694.68","0","3670.26","1047.48","2622.78","0","organic","CincinnatiDayton"
"51","4034.88","452.44","2016-01-03 00:00:00","1.51","2937.02","2.2","643.22","229.79","413.43","0","organic","Columbus"
"28","4328.09","49.11","2016-06-12 00:00:00","1.51","3699.04","0","579.94","556.67","23.27","0","organic","GrandRapids"
"13","130290.41","4824.69","2016-09-25 00:00:00","1.51","59772.24","0","65693.48","20049.9","45643.58","0","organic","GreatLakes"
"40","7351.07","156.14","2016-03-20 00:00:00","1.51","294.15","9.6","6891.18","6110.48","780.7","0","organic","HarrisburgScranton"
"51","5895.92","95.21","2016-01-03 00:00:00","1.51","4683.24","9.52","1107.95","624.6","483.35","0","organic","HartfordSpringfield"
"49","2169.25","315.5","2016-01-17 00:00:00","1.51","1240.35","8.83","604.57","283.33","321.24","0","organic","Indianapolis"
"50","2816.92","458.88","2016-01-10 00:00:00","1.51","1268.87","0","1089.17","646.67","442.5","0","organic","Indianapolis"
"51","5893.02","4852.89","2016-01-03 00:00:00","1.51","163.43","16.7","860","860","0","0","organic","Jacksonville"
"6","11117.12","1608.57","2016-11-13 00:00:00","1.51","3103.52","0","6405.03","6353.31","51.72","0","organic","LasVegas"
"34","13228.93","4463.69","2016-05-01 00:00:00","1.51","6588.39","0","2176.85","786.59","1390.26","0","organic","LasVegas"
"40","1883.74","0","2016-03-20 00:00:00","1.51","1585.02","0","298.72","166.67","132.05","0","organic","Louisville"
"43","2199.14","845.57","2016-02-28 00:00:00","1.51","11.64","0","1341.93","1305.26","36.67","0","organic","MiamiFtLauderdale"
"17","121291.96","3600.52","2016-08-28 00:00:00","1.51","49796.26","2525.75","65369.43","36632.95","28736.48","0","organic","Midsouth"
"26","106015.19","4531.56","2016-06-26 00:00:00","1.51","46700.52","3113.92","51669.19","29798.55","21870.64","0","organic","Midsouth"
"49","5750.49","699.54","2016-01-17 00:00:00","1.51","3333.92","0","1717.03","1190","527.03","0","organic","Nashville"
"2","2516.58","104.97","2016-12-11 00:00:00","1.51","5.83","0","2405.78","1660.41","745.37","0","organic","NewOrleansMobile"
"6","5038.15","99.79","2016-11-13 00:00:00","1.51","0","0","4938.36","3940.83","997.53","0","organic","NewOrleansMobile"
"9","2300.83","32.05","2016-10-23 00:00:00","1.51","0","0","2268.78","1339.17","929.61","0","organic","NewOrleansMobile"
"13","14401.06","2.45","2016-09-25 00:00:00","1.51","320.87","0","14077.74","14077.74","0","0","organic","NorthernNewEngland"
"17","8866.2","1.25","2016-08-28 00:00:00","1.51","235.2","0","8629.75","8629.75","0","0","organic","NorthernNewEngland"
"27","6725.85","2669.06","2016-06-19 00:00:00","1.51","340.13","0","3716.66","3703.33","13.33","0","organic","Orlando"
"29","6376.64","2654.77","2016-06-05 00:00:00","1.51","135.2","0","3586.67","3570","16.67","0","organic","Orlando"
"37","5190.56","2427.51","2016-04-10 00:00:00","1.51","124.35","0","2638.7","2638.7","0","0","organic","Orlando"
"28","14349.12","7296.89","2016-06-12 00:00:00","1.51","5158.97","0","1893.26","1184.94","708.32","0","organic","PhoenixTucson"
"11","9599.33","1003.35","2016-10-09 00:00:00","1.51","103.31","0","8492.67","7951.79","540.88","0","organic","Pittsburgh"
"14","7587.7","1152.56","2016-09-18 00:00:00","1.51","156.79","0","6278.35","5973.05","305.3","0","organic","Pittsburgh"
"22","7005.43","149.8","2016-07-24 00:00:00","1.51","4086.11","0","2769.52","1330.89","1438.63","0","organic","Roanoke"
"36","36396.95","573.14","2016-04-17 00:00:00","1.51","18659.47","19.73","17144.61","367.57","16777.04","0","organic","Seattle"
"17","12471.57","784.67","2016-08-28 00:00:00","1.51","3574.06","406.28","7706.56","6005.61","1700.95","0","organic","SouthCarolina"
"14","2714.12","549.78","2016-09-18 00:00:00","1.51","263.49","0","1900.85","360","1540.85","0","organic","Spokane"
"14","1953.97","8.88","2016-09-18 00:00:00","1.51","69.6","0","1875.49","1875.49","0","0","organic","Syracuse"
"13","1011.16","18.38","2016-09-25 00:00:00","1.51","119.45","0","873.33","860","13.33","0","organic","Tampa"
"33","4029.84","1011.79","2016-05-08 00:00:00","1.51","74.29","0","2943.76","2940.43","3.33","0","organic","Tampa"
"18","1033169.7","177591.96","2016-08-21 00:00:00","1.51","308314.91","5831.02","541431.81","458921.84","82509.97","0","organic","TotalUS"
"24","1043428.53","152994.7","2016-07-10 00:00:00","1.51","355101.22","12180.53","523152.08","379451.98","143700.1","0","organic","TotalUS"
"3","41451.11","1979.76","2017-12-10 00:00:00","1.51","6934.12","73.99","32463.24","32436.83","26.41","0","organic","BaltimoreWashington"
"23","50322.79","763.36","2017-07-23 00:00:00","1.51","8833.15","131.28","40595","40588.34","6.66","0","organic","BaltimoreWashington"
"48","44735.4","87.33","2017-01-29 00:00:00","1.51","40554.73","0","4093.34","4088.9","4.44","0","organic","Chicago"
"49","47561.03","52.69","2017-01-22 00:00:00","1.51","43587.09","0","3921.25","3921.25","0","0","organic","Chicago"
"31","12422.96","644.63","2017-05-28 00:00:00","1.51","3161.32","0","8617.01","2471.99","6145.02","0","organic","Columbus"
"28","15236.21","595.05","2017-06-18 00:00:00","1.51","4884.46","0","9756.7","318.68","9438.02","0","organic","Detroit"
"12","8806.63","42.25","2017-10-08 00:00:00","1.51","1218.07","0","7546.31","7546.31","0","0","organic","GrandRapids"
"39","179232.9","4631.4","2017-04-02 00:00:00","1.51","90013.63","0","84587.87","30833.38","53754.49","0","organic","GreatLakes"
"5","15356.02","212.81","2017-11-26 00:00:00","1.51","235.13","10.19","14897.89","14897.89","0","0","organic","HarrisburgScranton"
"11","21547.51","252.22","2017-10-15 00:00:00","1.51","166.17","11.8","21117.32","21109.08","8.24","0","organic","HarrisburgScranton"
"15","20994.85","298.41","2017-09-17 00:00:00","1.51","248.18","18.48","20429.78","20429.78","0","0","organic","HarrisburgScranton"
"16","24664.15","322.83","2017-09-10 00:00:00","1.51","178.36","7.37","24155.59","24150.68","4.91","0","organic","HarrisburgScranton"
"3","26414.51","6333.93","2017-12-10 00:00:00","1.51","118.99","0","19961.59","19911.59","50","0","organic","Houston"
"26","8181.42","137.4","2017-07-02 00:00:00","1.51","1251.58","0","6792.44","959.33","5833.11","0","organic","Indianapolis"
"37","16022.22","3513.65","2017-04-16 00:00:00","1.51","5291.51","0","7217.06","6768","449.06","0","organic","PhoenixTucson"
"34","7538.29","937.13","2017-05-07 00:00:00","1.51","25.33","0","6575.83","5972.78","603.05","0","organic","Pittsburgh"
"36","11740.75","1047.28","2017-04-23 00:00:00","1.51","9.11","0","10684.36","10000.34","684.02","0","organic","Pittsburgh"
"37","12174.58","981.59","2017-04-16 00:00:00","1.51","14.6","0","11178.39","10521.57","656.82","0","organic","Pittsburgh"
"38","9893.97","923.93","2017-04-09 00:00:00","1.51","5.47","0","8964.57","8364.69","599.88","0","organic","Pittsburgh"
"39","9751.92","805.98","2017-04-02 00:00:00","1.51","5.46","0","8940.48","8410.84","529.64","0","organic","Pittsburgh"
"40","81982.77","5449.39","2017-03-26 00:00:00","1.51","23565.89","1102.12","51865.37","21163.88","30701.49","0","organic","Plains"
"0","25693.99","3639.53","2017-12-31 00:00:00","1.51","3807.79","0","18246.67","1265.87","16973.41","7.39","organic","Portland"
"30","10058.68","317.8","2017-06-04 00:00:00","1.51","2674.54","0","7066.34","1765.07","5301.27","0","organic","Roanoke"
"52","3969.98","212.55","2017-01-01 00:00:00","1.51","2337.72","0","1419.71","1257.08","162.63","0","organic","Roanoke"
"34","56578.63","1762.76","2017-05-07 00:00:00","1.51","16113.72","10.69","38691.46","497.52","38193.94","0","organic","Seattle"
"39","81061.62","9605.32","2017-04-02 00:00:00","1.51","18324.17","338.06","52794.07","22407.02","30387.05","0","organic","Southeast"
"17","3798.02","130.51","2017-09-03 00:00:00","1.51","87","0","3580.51","2644.18","936.33","0","organic","Syracuse"
"19","3978.93","65.45","2017-08-20 00:00:00","1.51","101.54","0","3811.94","1606.79","2205.15","0","organic","Syracuse"
"8","15027.47","702.32","2018-01-28 00:00:00","1.51","4805.49","0","9519.66","3133.44","6386.22","0","organic","CincinnatiDayton"
"7","16458.72","3746.88","2018-02-04 00:00:00","1.51","496.84","23.49","12191.51","12101.76","89.75","0","organic","Denver"
"8","27513.73","6132.33","2018-01-28 00:00:00","1.51","550.8","36.18","20794.42","20366.98","427.44","0","organic","Denver"
"11","21095.12","208.15","2018-01-07 00:00:00","1.51","312.97","13.01","20560.99","20550.99","10","0","organic","HarrisburgScranton"
"3","33327.68","6525.07","2018-03-04 00:00:00","1.51","6294.03","5.66","20502.92","20498.48","4.44","0","organic","Philadelphia"
"5","18386.3","2832.82","2018-02-18 00:00:00","1.51","3012.13","0","12541.35","12509.06","32.29","0","organic","PhoenixTucson"
"3","9851.33","223.68","2018-03-04 00:00:00","1.51","839.86","0","8787.79","7327.76","1460.03","0","organic","Tampa"
"11","7370.53","42.17","2018-01-07 00:00:00","1.51","400.58","0","6927.78","6921.12","6.66","0","organic","Tampa"
"11","1517332.7","129541.43","2018-01-07 00:00:00","1.51","296490.29","1289.07","1089861.24","915452.78","174381.57","26.89","organic","TotalUS"
"19","69798.09","1230.78","2015-08-16 00:00:00","1.5","45937.58","258","22371.73","22371.73","0","0","conventional","BuffaloRochester"
"27","108655.36","1254.83","2015-06-21 00:00:00","1.5","47845.57","5424.52","54130.44","54130.44","0","0","conventional","BuffaloRochester"
"48","114052.94","1321.19","2015-01-25 00:00:00","1.5","54007.48","74.53","58649.74","57909.74","740","0","conventional","BuffaloRochester"
"37","69339.77","1734.18","2015-04-12 00:00:00","1.5","38757.55","1180.96","27667.08","27527.96","139.12","0","conventional","Pittsburgh"
"26","133086.66","7923.01","2016-06-26 00:00:00","1.5","106656.84","37.42","18469.39","16479.75","419.64","1570","conventional","Albany"
"14","732424.67","151204.91","2016-09-18 00:00:00","1.5","367425.65","18808.75","194985.36","191238.8","3746.56","0","conventional","BaltimoreWashington"
"20","104314.72","1781.61","2016-08-07 00:00:00","1.5","74560.52","42.97","27929.62","26109.62","0","1820","conventional","BuffaloRochester"
"20","288155.59","4285.19","2016-08-07 00:00:00","1.5","183604.52","565.14","99700.74","99391.55","119.19","190","conventional","HartfordSpringfield"
"27","335704.35","4764.39","2016-06-19 00:00:00","1.5","253641.06","308.34","76990.56","73922.77","882.79","2185","conventional","HartfordSpringfield"
"14","1108446.44","112702.36","2016-09-18 00:00:00","1.5","551448.57","1664.22","442631.29","390220.5","52277.46","133.33","conventional","NewYork"
"27","1372612.33","16094.41","2016-06-19 00:00:00","1.5","901972.6","28828.95","425716.37","366851.46","55746.88","3118.03","conventional","NewYork"
"14","813575.88","173635.07","2016-09-18 00:00:00","1.5","549722.44","9254.46","80963.91","75829.93","3098.42","2035.56","conventional","SanFrancisco"
"26","749554.87","194824.52","2016-06-26 00:00:00","1.5","411086.22","55056","88588.13","86438.13","1044.44","1105.56","conventional","SanFrancisco"
"7","222378.08","97077.73","2016-11-06 00:00:00","1.5","42624.62","9363.75","73311.98","39593.75","33718.23","0","conventional","SouthCarolina"
"2","41911.21","762.45","2016-12-11 00:00:00","1.5","31386.84","15.25","9746.67","8823.89","922.78","0","conventional","Syracuse"
"22","56952.09","1940.69","2016-07-24 00:00:00","1.5","35492.01","19.95","19499.44","16609.44","0","2890","conventional","Syracuse"
"5","62977","2413","2017-11-26 00:00:00","1.5","49076","62","11426","5059","6368","0","conventional","Albany"
"14","403780.43","222498.3","2017-09-24 00:00:00","1.5","45024.88","34.48","136222.77","88241.47","47954.41","26.89","conventional","Atlanta"
"39","800801.84","82571.71","2017-04-02 00:00:00","1.5","493953.33","7301.92","216974.88","213697.33","1724.22","1553.33","conventional","BaltimoreWashington"
"10","90910.72","24441.32","2017-10-22 00:00:00","1.5","39988.75","61.44","26419.21","21739.67","4679.54","0","conventional","BuffaloRochester"
"11","86880.78","26274.97","2017-10-15 00:00:00","1.5","40394.56","32.89","20178.36","14836.88","5341.48","0","conventional","BuffaloRochester"
"28","129734.97","2124.28","2017-06-18 00:00:00","1.5","82873.3","101.12","44636.27","40583.35","700.42","3352.5","conventional","BuffaloRochester"
"31","237363.56","55170.16","2017-05-28 00:00:00","1.5","89547.81","8529.56","84116.03","80490.49","3625.54","0","conventional","Charlotte"
"32","227842.05","56077.9","2017-05-21 00:00:00","1.5","87872.71","7712.06","76179.38","71310.74","4868.64","0","conventional","Charlotte"
"36","220970.07","48220.74","2017-04-23 00:00:00","1.5","78264.66","7619.22","86865.45","81393.87","5471.58","0","conventional","Charlotte"
"24","218147.06","3860.38","2017-07-16 00:00:00","1.5","91780.98","1529.18","120976.52","16210.98","104180.62","584.92","conventional","CincinnatiDayton"
"17","588489.26","122402.66","2017-09-03 00:00:00","1.5","165312.08","13836.18","286938.34","108570.93","176544.08","1823.33","conventional","Denver"
"43","128203.51","1498.24","2017-03-05 00:00:00","1.5","59098.06","17801.4","49805.81","28414.03","14185.06","7206.72","conventional","GrandRapids"
"28","238389.11","45186.48","2017-06-18 00:00:00","1.5","131057.91","86.44","62058.28","55129.91","2569.76","4358.61","conventional","HarrisburgScranton"
"29","232728.73","50902.99","2017-06-11 00:00:00","1.5","115824.28","93.56","65907.9","58868.88","4122.08","2916.94","conventional","HarrisburgScranton"
"1","225990.67","5610.69","2017-12-24 00:00:00","1.5","161963.18","198.18","58218.62","53040.5","5162.55","15.57","conventional","HartfordSpringfield"
"10","244786.18","7441.12","2017-10-22 00:00:00","1.5","179802.05","151.61","57391.4","55717.53","1673.87","0","conventional","HartfordSpringfield"
"38","151364.03","81448.74","2017-04-09 00:00:00","1.5","17365.3","142.56","52407.43","22044.41","29968.02","395","conventional","Jacksonville"
"33","594781.35","373017.97","2017-05-14 00:00:00","1.5","71834.66","92.98","149835.74","87201.95","62633.79","0","conventional","MiamiFtLauderdale"
"37","533442.27","329067.9","2017-04-16 00:00:00","1.5","75100.84","127.13","129146.4","73084.25","56062.15","0","conventional","MiamiFtLauderdale"
"18","2617107.98","577443.09","2017-08-27 00:00:00","1.5","1071863.58","23088.84","944712.47","804265.11","124191.97","16255.39","conventional","Midsouth"
"24","4180237.98","266663.37","2017-07-16 00:00:00","1.5","2858828.89","30721.99","1024023.73","850086.41","138210.65","35726.67","conventional","Northeast"
"9","304167.22","10155.17","2017-10-29 00:00:00","1.5","237554.72","1307.67","55149.66","32792.8","22356.86","0","conventional","NorthernNewEngland"
"27","422231.87","40402.83","2017-06-25 00:00:00","1.5","268986.4","632.36","112210.28","89625.83","17872.78","4711.67","conventional","Philadelphia"
"6","89083","28168","2017-11-19 00:00:00","1.5","17531","1896","41488","35828","5660","0","conventional","Pittsburgh"
"15","113231.66","26063.47","2017-09-17 00:00:00","1.5","35969.8","45.25","51153.14","47157.59","3583.02","412.53","conventional","Roanoke"
"27","492249.41","166509.01","2017-06-25 00:00:00","1.5","261622.93","9937.63","54179.84","52113.51","561.33","1505","conventional","Sacramento"
"36","63453.06","2063.37","2017-04-23 00:00:00","1.5","36408.59","18","24963.1","21108.83","3854.27","0","conventional","Syracuse"
"46","67899.62","1335.04","2017-02-12 00:00:00","1.5","45061.2","66.28","21437.1","20869.15","567.95","0","conventional","Syracuse"
"24","309815.95","209888.73","2017-07-16 00:00:00","1.5","40717.65","137.3","59072.27","16459.16","36103.11","6510","conventional","Tampa"
"38","327808.93","197024","2017-04-09 00:00:00","1.5","48831.23","64.88","81888.82","47099.1","34786.39","3.33","conventional","Tampa"
"11","771313.78","89883.07","2018-01-07 00:00:00","1.5","466602.79","4167.07","210660.85","189304.53","21356.32","0","conventional","BaltimoreWashington"
"11","842141.42","132853.21","2018-01-07 00:00:00","1.5","475772.58","139314.8","94200.83","85019.84","9161.86","19.13","conventional","Chicago"
"10","419189.36","36351.3","2018-01-14 00:00:00","1.5","232190.19","443.69","150204.18","126685.84","23512.81","5.53","conventional","Philadelphia"
"25","5744.26","1577.43","2015-07-05 00:00:00","1.5","2748.05","0","1418.78","0","1418.78","0","organic","Atlanta"
"7","1059.69","12.99","2015-11-08 00:00:00","1.5","732.62","0","314.08","43.3","270.78","0","organic","Boise"
"42","4314.45","9.95","2015-03-08 00:00:00","1.5","3799.34","0","505.16","253.33","251.83","0","organic","Boise"
"1","5314.55","2.37","2015-12-20 00:00:00","1.5","151.73","0","5160.45","3672.26","1488.19","0","organic","BuffaloRochester"
"30","119999.12","52846.87","2015-05-31 00:00:00","1.5","53628.31","0","13523.94","13523.94","0","0","organic","California"
"31","135543.89","60597.97","2015-05-24 00:00:00","1.5","63560.02","0","11385.9","11385.9","0","0","organic","California"
"35","128166.45","63539.73","2015-04-26 00:00:00","1.5","51223.93","0","13402.79","13402.79","0","0","organic","California"
"37","119549.28","59861.05","2015-04-12 00:00:00","1.5","49554.48","0","10133.75","10133.75","0","0","organic","California"
"4","7189.95","284.13","2015-11-29 00:00:00","1.5","6272.44","0","633.38","263.33","370.05","0","organic","CincinnatiDayton"
"10","12023.56","259.83","2015-10-18 00:00:00","1.5","9299.99","0","2463.74","293.33","2170.41","0","organic","CincinnatiDayton"
"28","4520.37","431.69","2015-06-14 00:00:00","1.5","2970.35","0","1118.33","837.62","280.71","0","organic","Columbus"
"22","87348.95","3971.27","2015-07-26 00:00:00","1.5","63468.5","0","19909.18","4387.73","15521.45","0","organic","GreatLakes"
"5","8158.36","4552.46","2015-11-22 00:00:00","1.5","58.92","0","3546.98","3546.98","0","0","organic","Houston"
"6","9857.51","5342.4","2015-11-15 00:00:00","1.5","45.23","0","4469.88","4469.88","0","0","organic","Houston"
"51","6329.83","3730.8","2015-01-04 00:00:00","1.5","2141.91","0","457.12","426.67","30.45","0","organic","LasVegas"
"1","1563.02","34.6","2015-12-20 00:00:00","1.5","1.3","0","1527.12","1527.12","0","0","organic","MiamiFtLauderdale"
"2","1366.32","8.91","2015-12-13 00:00:00","1.5","11.73","0","1345.68","1345.68","0","0","organic","MiamiFtLauderdale"
"8","1955.27","3.95","2015-11-01 00:00:00","1.5","1.32","0","1950","1946.67","3.33","0","organic","MiamiFtLauderdale"
"9","1484.89","6.28","2015-10-25 00:00:00","1.5","5.28","0","1473.33","1473.33","0","0","organic","MiamiFtLauderdale"
"12","1584.01","9.96","2015-10-04 00:00:00","1.5","2.65","0","1571.4","1571.4","0","0","organic","MiamiFtLauderdale"
"13","821.99","11.28","2015-09-27 00:00:00","1.5","2.65","0","808.06","808.06","0","0","organic","MiamiFtLauderdale"
"18","1059.21","7.91","2015-08-23 00:00:00","1.5","1.3","0","1050","1050","0","0","organic","MiamiFtLauderdale"
"20","1359.19","8.14","2015-08-09 00:00:00","1.5","7.72","0","1343.33","1343.33","0","0","organic","MiamiFtLauderdale"
"4","45599.48","1884.17","2015-11-29 00:00:00","1.5","24809.12","2351.45","16554.74","6478.55","10076.19","0","organic","Midsouth"
"37","6607.74","493.81","2015-04-12 00:00:00","1.5","4812.41","83.81","1217.71","301.8","915.91","0","organic","Nashville"
"0","8780.15","340.1","2015-12-27 00:00:00","1.5","2365.13","3.71","6071.21","560.04","5511.17","0","organic","Philadelphia"
"38","14328.05","10944.3","2015-04-05 00:00:00","1.5","1290.72","0","2093.03","1812.94","280.09","0","organic","PhoenixTucson"
"0","749.03","199.16","2015-12-27 00:00:00","1.5","29.63","0","520.24","450.74","69.5","0","organic","Pittsburgh"
"16","2278.16","657.82","2015-09-06 00:00:00","1.5","162.74","0","1457.6","814.25","643.35","0","organic","Pittsburgh"
"30","41728.28","7282.84","2015-05-31 00:00:00","1.5","34362.43","1.67","81.34","0","81.34","0","organic","Portland"
"41","6392.65","76.97","2015-03-15 00:00:00","1.5","4755.78","0","1559.9","1323.33","236.57","0","organic","Roanoke"
"47","4941.74","150.16","2015-02-01 00:00:00","1.5","3819.72","0","971.86","903.33","68.53","0","organic","Roanoke"
"46","8676.28","3831.1","2015-02-08 00:00:00","1.5","3186.51","0","1658.67","1658.67","0","0","organic","Sacramento"
"6","27437.74","2049.35","2015-11-15 00:00:00","1.5","11965.96","17.31","13405.12","290.22","13114.9","0","organic","Seattle"
"44","35183.3","13839.32","2015-02-22 00:00:00","1.5","20645.52","83.21","615.25","0","615.25","0","organic","Seattle"
"41","5224.18","516.14","2015-03-15 00:00:00","1.5","2676.3","568.85","1462.89","823.33","639.56","0","organic","SouthCarolina"
"6","57245.86","25332.33","2015-11-15 00:00:00","1.5","4491.84","2.84","27418.85","27000.42","418.43","0","organic","SouthCentral"
"15","70718.4","30871.61","2015-09-13 00:00:00","1.5","4925.51","0","34921.28","34652.38","268.9","0","organic","SouthCentral"
"35","4160.45","1010.05","2015-04-26 00:00:00","1.5","2865.37","0","285.03","0","285.03","0","organic","Spokane"
"8","1541.99","8.66","2015-11-01 00:00:00","1.5","0","0","1533.33","1530","3.33","0","organic","Tampa"
"11","1732.8","4.85","2015-10-11 00:00:00","1.5","1.28","0","1726.67","1726.67","0","0","organic","Tampa"
"18","998.28","7.02","2015-08-23 00:00:00","1.5","1.26","0","990","990","0","0","organic","Tampa"
"19","1187.99","4.25","2015-08-16 00:00:00","1.5","3.74","0","1180","1180","0","0","organic","Tampa"
"20","1250.53","4.72","2015-08-09 00:00:00","1.5","2.48","0","1243.33","1243.33","0","0","organic","Tampa"
"21","1200.48","7.15","2015-08-02 00:00:00","1.5","0","0","1193.33","1193.33","0","0","organic","Tampa"
"4","507830.81","79215.51","2015-11-29 00:00:00","1.5","208733.32","3749.48","216132.5","91658.24","124474.26","0","organic","TotalUS"
"32","761972.65","246278.31","2015-05-17 00:00:00","1.5","312193.09","22024.09","181477.16","120662.4","60814.76","0","organic","TotalUS"
"41","644584.67","235569.01","2015-03-15 00:00:00","1.5","258475.58","5308.79","145231.29","109325.32","35905.97","0","organic","TotalUS"
"37","262870.62","65226.89","2015-04-12 00:00:00","1.5","148667.1","99.65","48876.98","6464","42412.98","0","organic","West"
"37","7130.98","2789.35","2016-04-10 00:00:00","1.5","3538.67","0","802.96","714.87","88.09","0","organic","Atlanta"
"11","1457.64","3","2016-10-09 00:00:00","1.5","380.26","0","1074.38","290.97","783.41","0","organic","Boise"
"50","4397.57","1.19","2016-01-10 00:00:00","1.5","182.7","0","4213.68","3058.58","1155.1","0","organic","BuffaloRochester"
"28","192533.95","24728.3","2016-06-12 00:00:00","1.5","101839.43","3.07","65963.15","65924","39.15","0","organic","California"
"32","202641.92","26935.79","2016-05-15 00:00:00","1.5","102253.41","0","73452.72","73429.11","23.61","0","organic","California"
"25","15807.19","85.18","2016-07-03 00:00:00","1.5","13515.35","0","2206.66","2206.66","0","0","organic","Chicago"
"39","35086.33","171.4","2016-03-27 00:00:00","1.5","34565.26","0","349.67","349.67","0","0","organic","Chicago"
"40","32456.45","152.43","2016-03-20 00:00:00","1.5","31926.73","0","377.29","377.29","0","0","organic","Chicago"
"41","29584.31","110.77","2016-03-13 00:00:00","1.5","28997.72","0","475.82","475.82","0","0","organic","Chicago"
"1","8350.41","835.32","2016-12-18 00:00:00","1.5","5733.54","0","1781.55","611.42","1170.13","0","organic","Detroit"
"30","1972.92","0","2016-05-29 00:00:00","1.5","1239.21","0","733.71","203.33","530.38","0","organic","Louisville"
"15","140233.78","2524.78","2016-09-11 00:00:00","1.5","45647.58","2429.03","89632.39","55646.68","33985.71","0","organic","Midsouth"
"35","104046.63","3821.26","2016-04-24 00:00:00","1.5","49622.46","2134.91","48468","36585.43","11882.57","0","organic","Midsouth"
"0","3223.64","173.43","2016-12-25 00:00:00","1.5","2567.94","0","482.27","31.11","451.16","0","organic","Nashville"
"14","6309.42","477.36","2016-09-18 00:00:00","1.5","3478.97","0","2353.09","1242.78","1110.31","0","organic","Nashville"
"13","3382.35","147.67","2016-09-25 00:00:00","1.5","0","0","3234.68","2107.71","1126.97","0","organic","NewOrleansMobile"
"37","13624.67","3.8","2016-04-10 00:00:00","1.5","276.42","0","13344.45","13344.45","0","0","organic","NorthernNewEngland"
"9","4025.09","740.65","2016-10-23 00:00:00","1.5","53.73","0","3230.71","10","3220.71","0","organic","Orlando"
"51","38955.86","3092.05","2016-01-03 00:00:00","1.5","15012.16","2689.51","18162.14","7903.68","10258.46","0","organic","Plains"
"23","9628.02","161.18","2016-07-17 00:00:00","1.5","4390.15","500.26","4576.43","2761.53","1814.9","0","organic","RichmondNorfolk"
"1","4814.51","181.63","2016-12-18 00:00:00","1.5","2715.1","0","1917.78","1624.65","293.13","0","organic","Roanoke"
"1","7408.4","280.88","2016-12-18 00:00:00","1.5","2148.75","219.66","4759.11","3481.51","1277.6","0","organic","SouthCarolina"
"48","5939.18","693.16","2016-01-24 00:00:00","1.5","1335.95","362.17","3547.9","3458.63","89.27","0","organic","SouthCarolina"
"15","67246.01","7453.03","2016-09-11 00:00:00","1.5","14078.39","439.29","45275.3","30666.03","14609.27","0","organic","Southeast"
"13","5873.36","1707.38","2016-09-25 00:00:00","1.5","708.57","0","3457.41","1017.25","2440.16","0","organic","StLouis"
"5","5122.16","351.78","2016-11-20 00:00:00","1.5","41.08","0","4729.3","2454.44","2274.86","0","organic","Tampa"
"26","5867.74","2331.84","2016-06-26 00:00:00","1.5","142.57","0","3393.33","3370","23.33","0","organic","Tampa"
"32","5009.34","1207.48","2016-05-15 00:00:00","1.5","64.79","0","3737.07","3737.07","0","0","organic","Tampa"
"42","2873.92","1202.81","2016-03-06 00:00:00","1.5","44.19","0","1626.92","1610.25","16.67","0","organic","Tampa"
"10","815859.49","114303.56","2016-10-16 00:00:00","1.5","243788.95","4732.27","453034.71","250864.4","202170.31","0","organic","TotalUS"
"26","1007378.78","171054.38","2016-06-26 00:00:00","1.5","391129.07","6763.46","438431.87","310467.62","127964.25","0","organic","TotalUS"
"8","3425.86","3.56","2017-11-05 00:00:00","1.5","64.14","0","3358.16","3358.16","0","0","organic","Albany"
"12","67233.45","2811.23","2017-10-08 00:00:00","1.5","6844.1","80.66","57497.46","57494.13","3.33","0","organic","BaltimoreWashington"
"49","2590.39","8.54","2017-01-22 00:00:00","1.5","139.02","0","2442.83","2440.12","2.71","0","organic","BuffaloRochester"
"45","183797.3","27932.48","2017-02-19 00:00:00","1.5","71026.47","3.16","84835.19","83854.04","981.15","0","organic","California"
"51","177777.4","33563.39","2017-01-08 00:00:00","1.5","69671.75","4.62","74537.64","69842.47","4695.17","0","organic","California"
"48","10053.43","131.99","2017-01-29 00:00:00","1.5","4705.7","520.72","4695.02","4139.08","555.94","0","organic","Charlotte"
"50","10672.07","148.64","2017-01-15 00:00:00","1.5","4643.38","570.26","5309.79","4702.52","607.27","0","organic","Charlotte"
"41","7892.34","695.09","2017-03-19 00:00:00","1.5","3641","0","3556.25","2434.3","1121.95","0","organic","Columbus"
"32","13731.02","551.01","2017-05-21 00:00:00","1.5","4582.26","0","8597.75","1342.9","7254.85","0","organic","Detroit"
"1","170025.26","3530.25","2017-12-24 00:00:00","1.5","45287.61","0","121004.11","98594.58","22409.53","0","organic","GreatLakes"
"13","22744.08","259.99","2017-10-01 00:00:00","1.5","164.27","6.71","22313.11","22313.11","0","0","organic","HarrisburgScranton"
"21","4140.12","11.67","2017-08-06 00:00:00","1.5","44.02","0","4084.43","4073.33","11.1","0","organic","MiamiFtLauderdale"
"38","137962.99","3866.01","2017-04-09 00:00:00","1.5","54710.71","2285.58","77100.69","34323.06","42777.63","0","organic","Midsouth"
"22","8654.39","54.78","2017-07-30 00:00:00","1.5","2881.16","0","5718.45","2457.58","3260.87","0","organic","Nashville"
"17","7148.98","222.83","2017-09-03 00:00:00","1.5","202.3","0","6723.85","6707.19","16.66","0","organic","NewOrleansMobile"
"18","7632.07","162.94","2017-08-27 00:00:00","1.5","337.52","0","7131.61","7128.28","3.33","0","organic","NewOrleansMobile"
"3","28947.42","3846.15","2017-12-10 00:00:00","1.5","4443.9","2.31","20655.06","20578.56","76.5","0","organic","Philadelphia"
"17","8523.79","1233.77","2017-09-03 00:00:00","1.5","22.88","0","7267.14","7267.14","0","0","organic","Pittsburgh"
"40","10049.14","822.59","2017-03-26 00:00:00","1.5","3.61","0","9222.94","8681.76","541.18","0","organic","Pittsburgh"
"52","9725.08","953.37","2017-01-01 00:00:00","1.5","23.92","0","8747.79","8432.66","315.13","0","organic","Pittsburgh"
"42","71708.81","5373.18","2017-03-12 00:00:00","1.5","23302.63","769.18","42263.82","18086.4","24177.42","0","organic","Plains"
"45","55912.77","4415.63","2017-02-19 00:00:00","1.5","17174.19","755.8","33567.15","18926.25","14640.9","0","organic","Plains"
"4","11304.93","591.86","2017-12-03 00:00:00","1.5","3015.71","62.15","7635.21","7481.2","154.01","0","organic","RichmondNorfolk"
"0","5756.97","147.66","2017-12-31 00:00:00","1.5","1513.56","0","4095.75","3747.09","348.66","0","organic","Roanoke"
"8","8255.71","163.9","2017-11-05 00:00:00","1.5","1362.58","0","6729.23","6386.62","342.61","0","organic","Roanoke"
"39","10286.24","502.88","2017-04-02 00:00:00","1.5","5423.91","218.18","4141.27","964.96","3176.31","0","organic","SouthCarolina"
"3","102658.15","18348.97","2017-12-10 00:00:00","1.5","3120.89","0","81188.29","70929.35","10258.94","0","organic","SouthCentral"
"2","81483.62","1152.01","2017-12-17 00:00:00","1.5","14184.34","95.22","66052.05","59307.33","6744.72","0","organic","Southeast"
"41","1284018.65","172196.56","2017-03-19 00:00:00","1.5","411359.03","3304.62","697158.44","486101.39","211057.05","0","organic","TotalUS"
"4","247514.3","20229.67","2017-12-03 00:00:00","1.5","51602.11","94.33","175588.19","70432.66","104996.81","158.72","organic","West"
"9","8977.97","613.65","2018-01-21 00:00:00","1.5","1852.11","0","6512.21","4083.63","2428.58","0","organic","Columbus"
"9","24032.87","4244.71","2018-01-21 00:00:00","1.5","360.17","0","19427.99","17607.8","1820.19","0","organic","DallasFtWorth"
"7","21055.52","322.53","2018-02-04 00:00:00","1.5","300.03","6.03","20426.93","20329.15","97.78","0","organic","HarrisburgScranton"
"7","9193.3","261.74","2018-02-04 00:00:00","1.5","589.27","0","8342.29","7622.22","720.07","0","organic","MiamiFtLauderdale"
"3","10565.18","41.88","2018-03-04 00:00:00","1.5","2211.37","0","8311.93","6653.26","1658.67","0","organic","Nashville"
"4","30553.46","12","2018-02-25 00:00:00","1.5","779.62","0","29761.84","29761.84","0","0","organic","NorthernNewEngland"
"7","8713.26","2722.6","2018-02-04 00:00:00","1.5","4194","0","1796.66","1796.66","0","0","organic","Sacramento"
"10","146720.73","31829.24","2018-01-14 00:00:00","1.5","4472.99","0","110418.5","102266.31","8152.19","0","organic","SouthCentral"
"5","103546.73","1973.3","2018-02-18 00:00:00","1.5","19701.21","100.93","81771.29","70925.9","10845.39","0","organic","Southeast"
"1","10311.24","190.28","2018-03-18 00:00:00","1.5","901.77","0","9219.19","7687.03","1532.16","0","organic","Tampa"
"5","8534.53","131.47","2018-02-18 00:00:00","1.5","781","0","7622.06","6452.23","1169.83","0","organic","Tampa"
"18","68953.29","1287.09","2015-08-23 00:00:00","1.49","43655.31","170.47","23840.42","23840.42","0","0","conventional","BuffaloRochester"
"36","75775.26","1724.93","2015-04-19 00:00:00","1.49","43528.57","1286.7","29235.06","29007.2","227.86","0","conventional","Pittsburgh"
"2","71777.85","2323.39","2016-12-11 00:00:00","1.49","56545.79","86.65","12822.02","12176.75","645.27","0","conventional","Albany"
"30","127812.25","2580.77","2016-05-29 00:00:00","1.49","104876.94","103.64","20250.9","19519.92","180.98","550","conventional","Albany"
"39","92529.27","808.5","2016-03-27 00:00:00","1.49","78146.18","36.73","13537.86","13037.43","500.43","0","conventional","Albany"
"4","539924.84","46243.14","2016-11-27 00:00:00","1.49","336731.88","8237.15","148712.67","146287.45","1715.5","709.72","conventional","BaltimoreWashington"
"11","468135.46","7435.21","2016-10-09 00:00:00","1.49","366648.78","3837.72","90213.75","90213.75","0","0","conventional","Boston"
"14","139511.61","1406.64","2016-09-18 00:00:00","1.49","82346.79","4837.74","50920.44","44436.27","6479.01","5.16","conventional","GrandRapids"
"25","159566.9","2334.7","2016-07-03 00:00:00","1.49","79978.16","20020.38","57233.66","42381.97","4598.05","10253.64","conventional","GrandRapids"
"10","205728.4","43579.25","2016-10-16 00:00:00","1.49","95964.8","176.04","66008.31","65296.73","711.58","0","conventional","HarrisburgScranton"
"0","238100.22","2977.57","2016-12-25 00:00:00","1.49","178949.08","7914.45","48259.12","47076.21","865.63","317.28","conventional","HartfordSpringfield"
"4","405085.56","159915.34","2016-11-27 00:00:00","1.49","89345.14","120.29","155704.79","61614.63","93846.55","243.61","conventional","MiamiFtLauderdale"
"11","410181.24","153136.21","2016-10-09 00:00:00","1.49","112103.55","169.71","144771.77","50604.58","94167.19","0","conventional","MiamiFtLauderdale"
"7","183542.31","98949.98","2016-11-06 00:00:00","1.49","22891.61","95","61605.72","43571.99","17499.01","534.72","conventional","NewOrleansMobile"
"19","1275952.93","18600.18","2016-08-14 00:00:00","1.49","714407.25","13049.64","529895.86","496919.98","31781.23","1194.65","conventional","NewYork"
"23","3736814.35","196491.18","2016-07-17 00:00:00","1.49","2123945.28","74756.02","1341621.87","1208291.71","68637.43","64692.73","conventional","Northeast"
"21","435129.36","79930.71","2016-07-31 00:00:00","1.49","239638.1","6617.7","108942.85","107009.09","3.76","1930","conventional","NorthernNewEngland"
"17","418742.8","21609.9","2016-08-28 00:00:00","1.49","200120.82","13529.45","183482.63","171925.6","10097.85","1459.18","conventional","Philadelphia"
"5","1126964.32","518903.13","2016-11-20 00:00:00","1.49","306191.07","4456.35","297413.77","273036.06","20624.66","3753.05","conventional","Plains"
"10","1252399.56","567497.88","2016-10-16 00:00:00","1.49","367702.35","5139","312060.33","276634.27","28257.4","7168.66","conventional","Plains"
"4","175761.18","64281.66","2016-11-27 00:00:00","1.49","41537.34","6927.36","63014.82","61452.62","1562.2","0","conventional","RaleighGreensboro"
"11","370422.62","133617.58","2016-10-09 00:00:00","1.49","190297.13","4510.14","41997.77","41780.4","206.47","10.9","conventional","Sacramento"
"20","753570.45","189861.8","2016-08-07 00:00:00","1.49","463372.96","28987.5","71348.19","70181.66","869.31","297.22","conventional","SanFrancisco"
"4","49762.2","8071.55","2016-11-27 00:00:00","1.49","17786.23","33.27","23871.15","23852.61","13.46","5.08","conventional","Spokane"
"23","84416.61","1905.52","2017-07-23 00:00:00","1.49","72533.28","940.58","9037.23","3250.3","4896.93","890","conventional","Albany"
"47","183549.08","5666.6","2017-02-05 00:00:00","1.49","165530.03","2119.02","10233.43","10047.32","186.11","0","conventional","Albany"
"10","406008.95","219172.21","2017-10-22 00:00:00","1.49","35958.88","894.35","149983.51","95710.09","54265.29","8.13","conventional","Atlanta"
"18","458036.12","230031.71","2017-08-27 00:00:00","1.49","48132.94","99.72","179771.75","116586.74","56679.85","6505.16","conventional","Atlanta"
"7","658693","78052","2017-11-12 00:00:00","1.49","387453","3925","189263","178913","10350","0","conventional","BaltimoreWashington"
"24","72245.09","35748.28","2017-07-16 00:00:00","1.49","3543.6","8951.08","24002.13","15218.69","8708.17","75.27","conventional","Boise"
"8","440972.34","13002.8","2017-11-05 00:00:00","1.49","334875.51","2014.44","91079.59","74159.79","16919.8","0","conventional","Boston"
"9","465106.32","14781.17","2017-10-29 00:00:00","1.49","360615.41","2145.15","87564.59","74278.47","13286.12","0","conventional","Boston"
"34","676849.88","6703.2","2017-05-07 00:00:00","1.49","493447.52","6088.75","170610.41","148966.58","20450.77","1193.06","conventional","Boston"
"12","102625.05","25376.77","2017-10-08 00:00:00","1.49","31576.96","38.61","45632.71","25278.83","20353.88","0","conventional","BuffaloRochester"
"24","5405190.35","2319570.09","2017-07-16 00:00:00","1.49","1821613.01","178446.19","1085561.06","1007608.04","22434.17","55518.85","conventional","California"
"9","183224.98","52951.42","2017-10-29 00:00:00","1.49","62872","4716.56","62685","56997.63","5687.37","0","conventional","Charlotte"
"30","226422.86","59349.56","2017-06-04 00:00:00","1.49","86778.91","7005.98","73288.41","65629.28","6092.46","1566.67","conventional","Charlotte"
"2","620053.78","113959.92","2017-12-17 00:00:00","1.49","275986.91","99248.93","130858.02","77380.8","53445.77","31.45","conventional","Chicago"
"18","2973144.04","629034.1","2017-08-27 00:00:00","1.49","996526.74","225401.1","1122182.1","706994.82","364885.27","50302.01","conventional","GreatLakes"
"36","225681.54","53508.78","2017-04-23 00:00:00","1.49","103642.1","52.7","68477.96","61430.73","7047.23","0","conventional","HarrisburgScranton"
"20","154354.18","7053.96","2017-08-13 00:00:00","1.49","68255.91","800.61","78243.7","36182.69","40113.9","1947.11","conventional","Indianapolis"
"20","171995.95","90069.37","2017-08-13 00:00:00","1.49","14574.55","68.45","67283.58","40501.07","23085.84","3696.67","conventional","Jacksonville"
"16","215393.25","116267.62","2017-09-10 00:00:00","1.49","26602.41","5997.25","66525.97","43187.87","23218.1","120","conventional","LasVegas"
"10","1968638.86","924450.62","2017-10-22 00:00:00","1.49","360936.46","84635.32","598616.46","551747.52","15614.96","31253.98","conventional","LosAngeles"
"30","687913.86","449727.4","2017-06-04 00:00:00","1.49","85907.47","238.92","152040.07","84992.72","64412.35","2635","conventional","MiamiFtLauderdale"
"32","605721.02","383030.29","2017-05-21 00:00:00","1.49","75985.14","127.05","146578.54","86440.86","60137.68","0","conventional","MiamiFtLauderdale"
"20","4323440.02","235128.9","2017-08-13 00:00:00","1.49","2842288.75","13705.7","1232316.67","1008008.74","194459.03","29848.9","conventional","Northeast"
"22","4018833.97","232617.59","2017-07-30 00:00:00","1.49","2705082.88","15289.08","1065844.42","931973.3","119001.73","14869.39","conventional","Northeast"
"38","311220.15","189598.19","2017-04-09 00:00:00","1.49","39854.26","48.95","81718.75","46129.68","35589.07","0","conventional","Orlando"
"44","411014.79","18063.56","2017-02-26 00:00:00","1.49","251740.67","2094.14","139116.42","122476.97","16639.45","0","conventional","Philadelphia"
"11","114826.68","27140.34","2017-10-15 00:00:00","1.49","37806.88","114.24","49765.22","44950.05","4815.17","0","conventional","Roanoke"
"2","361827.41","80005.49","2017-12-17 00:00:00","1.49","107435.85","465.2","173920.87","125095.16","48311.96","513.75","conventional","Seattle"
"39","3289069.45","1771188.27","2017-04-02 00:00:00","1.49","432476.69","3724.73","1081679.76","720880.75","345797.07","15001.94","conventional","Southeast"
"5","48850","12988","2017-11-26 00:00:00","1.49","15594","252","20016","14612","5404","0","conventional","Spokane"
"20","169526.52","81583.85","2017-08-13 00:00:00","1.49","16239.33","251.27","71452.07","60139.12","7179.81","4133.14","conventional","StLouis"
"21","163833.23","73948.62","2017-08-06 00:00:00","1.49","18312.07","174.67","71397.87","57720.94","9088.27","4588.66","conventional","StLouis"
"47","104027.11","1216.04","2017-02-05 00:00:00","1.49","78340.67","44","24426.4","24392.2","34.2","0","conventional","Syracuse"
"20","367628.08","241771.3","2017-08-13 00:00:00","1.49","49334.31","107.12","76415.35","14979.73","53594.51","7841.11","conventional","Tampa"
"10","799726.89","91785.6","2018-01-14 00:00:00","1.49","485963.15","4234.82","217743.32","212956.99","4783","3.33","conventional","BaltimoreWashington"
"10","533150.49","10669.09","2018-01-14 00:00:00","1.49","393026.08","2533.63","126921.69","81610.31","45311.38","0","conventional","Boston"
"10","4073408.38","282970.7","2018-01-14 00:00:00","1.49","2558511.27","8555.47","1223370.94","955649.36","267714.63","6.95","conventional","Northeast"
"27","1921.75","6.54","2015-06-21 00:00:00","1.49","1657.53","0","257.68","123.33","134.35","0","organic","Boise"
"32","133759.31","65830.84","2015-05-17 00:00:00","1.49","56261.16","0","11667.31","11667.31","0","0","organic","California"
"51","17723.17","1189.35","2015-01-04 00:00:00","1.49","15628.27","0","905.55","905.55","0","0","organic","Chicago"
"26","12523.04","313.32","2015-06-28 00:00:00","1.49","11312.15","0","897.57","303.33","594.24","0","organic","CincinnatiDayton"
"37","13607.83","272.3","2015-04-12 00:00:00","1.49","12556.25","0","779.28","688.44","90.84","0","organic","CincinnatiDayton"
"12","3592.22","505.59","2015-10-04 00:00:00","1.49","2497.62","0","589.01","311.5","277.51","0","organic","Columbus"
"30","5950.91","410.92","2015-05-31 00:00:00","1.49","3627.94","0","1912.05","1138.94","773.11","0","organic","Columbus"
"12","10751.69","5675.04","2015-10-04 00:00:00","1.49","446.65","0","4630","4626.67","3.33","0","organic","DallasFtWorth"
"41","9162.43","514.16","2015-03-15 00:00:00","1.49","6238.51","0","2409.76","515.71","1894.05","0","organic","Detroit"
"18","4417.82","2674.37","2015-08-23 00:00:00","1.49","1500.12","0","243.33","243.33","0","0","organic","GrandRapids"
"0","66775.85","6557.08","2015-12-27 00:00:00","1.49","43451.67","4.66","16762.44","6579.3","10183.14","0","organic","GreatLakes"
"11","2449.56","70.71","2015-10-11 00:00:00","1.49","136.9","21.13","2220.82","676.28","1544.54","0","organic","HarrisburgScranton"
"3","8216.98","4787.28","2015-12-06 00:00:00","1.49","85.7","0","3344","3344","0","0","organic","Houston"
"8","9377.04","5544.81","2015-11-01 00:00:00","1.49","62.57","0","3769.66","3769.66","0","0","organic","Houston"
"0","1726.25","207.04","2015-12-27 00:00:00","1.49","1052.49","0","466.72","394.95","71.77","0","organic","Indianapolis"
"38","2029.52","66.72","2015-04-05 00:00:00","1.49","1068.47","0","894.33","420.96","473.37","0","organic","Indianapolis"
"18","2726.65","42.08","2015-08-23 00:00:00","1.49","1625.92","0","1058.65","256.67","801.98","0","organic","Louisville"
"25","2117.32","0","2015-07-05 00:00:00","1.49","1260.34","0","856.98","246.67","610.31","0","organic","Louisville"
"26","1744.67","8.76","2015-06-28 00:00:00","1.49","1260.31","0","475.6","233.33","242.27","0","organic","Louisville"
"3","1054.07","2.3","2015-12-06 00:00:00","1.49","1.3","0","1050.47","1043.8","6.67","0","organic","MiamiFtLauderdale"
"3","4204.87","394.56","2015-12-06 00:00:00","1.49","2569.3","0","1241.01","620","621.01","0","organic","Nashville"
"33","2295.39","844.96","2015-05-10 00:00:00","1.49","42.74","0","1407.69","1220.47","187.22","0","organic","Pittsburgh"
"34","1889.99","624.2","2015-05-03 00:00:00","1.49","39.22","0","1226.57","995.08","231.49","0","organic","Pittsburgh"
"25","5999.26","77.05","2015-07-05 00:00:00","1.49","3608.18","516.81","1797.22","640","1157.22","0","organic","RichmondNorfolk"
"30","10940.85","2933.55","2015-05-31 00:00:00","1.49","6895.9","0","1111.4","1111.4","0","0","organic","SanDiego"
"37","10665.71","3994.59","2015-04-12 00:00:00","1.49","6126.03","0","545.09","545.09","0","0","organic","SanDiego"
"41","8349.37","7690.44","2015-03-15 00:00:00","1.49","315.77","0","343.16","343.16","0","0","organic","SanDiego"
"45","12775.39","11531.38","2015-02-15 00:00:00","1.49","555.56","0","688.45","688.45","0","0","organic","SanDiego"
"51","33795.91","6821.76","2015-01-04 00:00:00","1.49","20720.77","1.23","6252.15","452.73","5799.42","0","organic","Seattle"
"3","52066.09","22080.38","2015-12-06 00:00:00","1.49","4496.4","0","25489.31","25094.13","395.18","0","organic","SouthCentral"
"10","60543.94","30085.91","2015-10-18 00:00:00","1.49","4880.71","0","25577.32","24530.1","1047.22","0","organic","SouthCentral"
"16","62392.78","31056.58","2015-09-06 00:00:00","1.49","5271.1","0","26065.1","25665.86","399.24","0","organic","SouthCentral"
"9","1098.67","2","2015-10-25 00:00:00","1.49","0","0","1096.67","1096.67","0","0","organic","Tampa"
"10","1162.28","1","2015-10-18 00:00:00","1.49","1.28","0","1160","1160","0","0","organic","Tampa"
"16","1786.45","18.76","2015-09-06 00:00:00","1.49","0","0","1767.69","1767.69","0","0","organic","Tampa"
"22","697.76","5.67","2015-07-26 00:00:00","1.49","0","0","692.09","692.09","0","0","organic","Tampa"
"5","584276.79","95222.99","2015-11-22 00:00:00","1.49","249686.75","3686.28","235680.77","99537.47","136143.3","0","organic","TotalUS"
"40","682640.03","237139.46","2015-03-22 00:00:00","1.49","320353.82","5290.59","119856.16","83554.82","36301.34","0","organic","TotalUS"
"42","783913.05","253078.17","2015-03-08 00:00:00","1.49","327972.28","5658.7","197203.9","169302.64","27901.26","0","organic","TotalUS"
"32","229340.78","106530.27","2015-05-17 00:00:00","1.49","76060.75","59.03","46690.73","12622.36","34068.37","0","organic","West"
"30","1117.44","5.82","2016-05-29 00:00:00","1.49","218.73","0","892.89","892.89","0","0","organic","Albany"
"36","22368.16","2672.67","2016-04-17 00:00:00","1.49","11275.8","293.07","8126.62","7622.14","504.48","0","organic","BaltimoreWashington"
"8","8408","118.09","2016-10-30 00:00:00","1.49","810.7","0","7479.21","7479.21","0","0","organic","Boston"
"22","9837.59","3.7","2016-07-24 00:00:00","1.49","666.04","0","9167.85","8677.91","489.94","0","organic","Boston"
"29","12722.85","6.81","2016-06-05 00:00:00","1.49","566.84","0","12149.2","10325.26","1823.94","0","organic","Boston"
"48","2039.63","1.19","2016-01-24 00:00:00","1.49","129.34","0","1909.1","1703.28","205.82","0","organic","BuffaloRochester"
"30","203163.62","22713.1","2016-05-29 00:00:00","1.49","99956.65","0","80493.87","79986.78","507.09","0","organic","California"
"42","36774.58","736.06","2016-03-06 00:00:00","1.49","35610.75","0","427.77","427.77","0","0","organic","Chicago"
"11","19651.23","11578.91","2016-10-09 00:00:00","1.49","2259.1","12.78","5800.44","4160.72","1639.72","0","organic","Denver"
"48","2363.97","1140.04","2016-01-24 00:00:00","1.49","665.48","0","558.45","533.33","25.12","0","organic","GrandRapids"
"4","96160.23","2651.36","2016-11-27 00:00:00","1.49","39519.51","0","53989.36","23247.88","30741.48","0","organic","GreatLakes"
"47","8501.28","86.08","2016-01-31 00:00:00","1.49","186.27","15.3","8213.63","718.76","7494.87","0","organic","HarrisburgScranton"
"5","4653.39","400.69","2016-11-20 00:00:00","1.49","88.39","5.89","4158.42","1536.67","2621.75","0","organic","Jacksonville"
"48","1929.38","24.57","2016-01-24 00:00:00","1.49","1229.56","0","675.25","216.67","458.58","0","organic","Louisville"
"12","472.82","10.5","2016-10-02 00:00:00","1.49","18.99","0","443.33","440","3.33","0","organic","MiamiFtLauderdale"
"24","4918.83","1223.55","2016-07-10 00:00:00","1.49","28.48","0","3666.8","3616.8","50","0","organic","MiamiFtLauderdale"
"42","2403.4","980.58","2016-03-06 00:00:00","1.49","7.75","0","1415.07","1401.74","13.33","0","organic","MiamiFtLauderdale"
"49","2528.26","903.01","2016-01-17 00:00:00","1.49","6.46","0","1618.79","1613.05","5.74","0","organic","MiamiFtLauderdale"
"10","111504.63","2607.62","2016-10-16 00:00:00","1.49","47017.46","3100.01","58779.54","34376.07","24403.47","0","organic","Midsouth"
"20","134739.2","3361.9","2016-08-07 00:00:00","1.49","61854.47","5109.87","64412.96","33686.14","30726.82","0","organic","Midsouth"
"44","4856.96","753.3","2016-02-21 00:00:00","1.49","2433.22","0","1670.44","1363.33","307.11","0","organic","Nashville"
"17","3743.27","184.5","2016-08-28 00:00:00","1.49","0","0","3558.77","3515.44","43.33","0","organic","NewOrleansMobile"
"10","8965.14","3.64","2016-10-16 00:00:00","1.49","202.56","0","8758.94","8758.94","0","0","organic","NorthernNewEngland"
"15","6094.84","1073.85","2016-09-11 00:00:00","1.49","114.5","0","4906.49","4522.54","383.95","0","organic","Pittsburgh"
"21","6155.8","844.08","2016-07-31 00:00:00","1.49","245.9","3.35","5062.47","5062.47","0","0","organic","Pittsburgh"
"24","2672.71","332.96","2016-07-10 00:00:00","1.49","537.09","0","1802.66","1698.55","104.11","0","organic","Pittsburgh"
"29","5639.69","840.97","2016-06-05 00:00:00","1.49","200.55","6.74","4591.43","4576.45","14.98","0","organic","Pittsburgh"
"30","7189.09","1007.26","2016-05-29 00:00:00","1.49","247.63","6.69","5927.51","5927.51","0","0","organic","Pittsburgh"
"36","6440.23","211.2","2016-04-17 00:00:00","1.49","2959","321.24","2948.79","2501.42","447.37","0","organic","RaleighGreensboro"
"23","7945.23","127.28","2016-07-17 00:00:00","1.49","4064.76","0","3753.19","1521.13","2232.06","0","organic","Roanoke"
"2","14513.56","1070.01","2016-12-11 00:00:00","1.49","9924.91","4.76","3513.88","526.67","2987.21","0","organic","SanDiego"
"25","21506.43","1895.27","2016-07-03 00:00:00","1.49","11972.74","0","7638.42","7634.78","3.64","0","organic","SanDiego"
"2","7688.78","345.23","2016-12-11 00:00:00","1.49","2113.81","168.62","5061.12","3096.76","1964.36","0","organic","SouthCarolina"
"35","9294.82","711.94","2016-04-24 00:00:00","1.49","2575.64","247.25","5759.99","5536.75","223.24","0","organic","SouthCarolina"
"38","54364.05","19782.19","2016-04-03 00:00:00","1.49","10472.82","395.68","23713.36","21956.66","1756.7","0","organic","Southeast"
"31","3894.15","81.14","2016-05-22 00:00:00","1.49","3124.78","0","688.23","0","688.23","0","organic","Spokane"
"6","6840.22","1944.42","2016-11-13 00:00:00","1.49","545.57","0","4350.23","1526.66","2823.57","0","organic","StLouis"
"28","2790.56","0","2016-06-12 00:00:00","1.49","134.1","0","2656.46","1384.44","1272.02","0","organic","Syracuse"
"6","6531.96","324.69","2016-11-13 00:00:00","1.49","41.39","0","6165.88","3823.33","2342.55","0","organic","Tampa"
"9","3701.46","623.9","2016-10-23 00:00:00","1.49","89.87","0","2987.69","130","2857.69","0","organic","Tampa"
"34","4800.24","1054","2016-05-01 00:00:00","1.49","66.24","0","3680","3680","0","0","organic","Tampa"
"46","3031.31","1128.33","2016-02-07 00:00:00","1.49","16.05","0","1886.93","1886.93","0","0","organic","Tampa"
"17","948530.88","135742.77","2016-08-28 00:00:00","1.49","316907.28","5110.77","490770.06","345580.78","145189.28","0","organic","TotalUS"
"27","244706.99","70317.09","2016-06-19 00:00:00","1.49","133145.27","206.8","41037.83","17327.6","23710.23","0","organic","West"
"46","13712.44","1451","2016-02-07 00:00:00","1.49","4199.43","37.92","8024.09","7913.5","110.59","0","organic","WestTexNewMexico"
"10","4337.67","3.52","2017-10-22 00:00:00","1.49","268.83","0","4065.32","4061.99","3.33","0","organic","Albany"
"28","23485.92","852.47","2017-06-18 00:00:00","1.49","9300.22","0","13333.23","4532.28","8800.95","0","organic","Atlanta"
"51","11737.62","235.17","2017-01-08 00:00:00","1.49","4456.81","620.22","6425.42","5971.02","454.4","0","organic","Charlotte"
"47","42439.11","82.09","2017-02-05 00:00:00","1.49","39288.55","0","3068.47","3068.47","0","0","organic","Chicago"
"48","6971.41","801.47","2017-01-29 00:00:00","1.49","3370.23","0","2799.71","2039.28","760.43","0","organic","Columbus"
"24","24811.57","6649.58","2017-07-16 00:00:00","1.49","451.46","0","17710.53","17684.5","26.03","0","organic","DallasFtWorth"
"48","18341.33","13842.27","2017-01-29 00:00:00","1.49","3182.83","13.72","1302.51","1226.26","76.25","0","organic","Denver"
"3","148882.83","3001.05","2017-12-10 00:00:00","1.49","51148.46","0","94204.9","82525.77","11679.13","0","organic","GreatLakes"
"7","8255.79","186.3","2017-11-12 00:00:00","1.49","1175.14","0","6861.81","4912.09","1949.72","0","organic","Indianapolis"
"22","9743.5","91.93","2017-07-30 00:00:00","1.49","1707.14","0","7917.13","3929.12","3988.01","0","organic","Indianapolis"
"41","4239.49","131.29","2017-03-19 00:00:00","1.49","1404.03","0","2704.17","1463.76","1240.41","0","organic","Indianapolis"
"47","101147.78","3676.77","2017-02-05 00:00:00","1.49","42152.81","1526.21","53791.99","39453.34","14338.65","0","organic","Midsouth"
"49","96918.39","2981.29","2017-01-22 00:00:00","1.49","38351.15","1985.43","53600.52","39758.09","13842.43","0","organic","Midsouth"
"25","6879","103.67","2017-07-09 00:00:00","1.49","3658.81","0","3116.52","1833.89","1282.63","0","organic","Nashville"
"6","6681.63","78.99","2017-11-19 00:00:00","1.49","209.01","0","6393.63","6092.22","301.41","0","organic","NewOrleansMobile"
"46","6127.62","1199.5","2017-02-12 00:00:00","1.49","62.28","0","4865.84","3905.76","960.08","0","organic","Orlando"
"48","14419.22","4218.73","2017-01-29 00:00:00","1.49","4389.86","0","5810.63","5789.71","20.92","0","organic","PhoenixTucson"
"50","11582.83","3008.72","2017-01-15 00:00:00","1.49","3123.32","0","5450.79","5443.7","7.09","0","organic","PhoenixTucson"
"18","8397.14","1179.67","2017-08-27 00:00:00","1.49","24.47","0","7193","7193","0","0","organic","Pittsburgh"
"33","4101.47","803.09","2017-05-14 00:00:00","1.49","5.34","0","3293.04","2743","550.04","0","organic","Pittsburgh"
"35","9892.96","902.11","2017-04-30 00:00:00","1.49","3.64","0","8987.21","8233.14","754.07","0","organic","Pittsburgh"
"46","59073.9","4047.83","2017-02-12 00:00:00","1.49","17976.54","1009.67","36039.86","20023.2","16016.66","0","organic","Plains"
"23","9901.85","365.76","2017-07-23 00:00:00","1.49","2772.19","0","6763.9","5244.98","1518.92","0","organic","Roanoke"
"4","12670.32","79.51","2017-12-03 00:00:00","1.49","3753.83","98.72","8738.26","8449.86","288.4","0","organic","SouthCarolina"
"37","1493331.28","176684.11","2017-04-16 00:00:00","1.49","437947.67","5096.43","873603.07","576538.3","297064.77","0","organic","TotalUS"
"2","252754.61","27144.23","2017-12-17 00:00:00","1.49","47290.74","92.17","178227.47","117225.16","60883.34","118.97","organic","West"
"45","214694.22","40585.46","2017-02-19 00:00:00","1.49","48454.22","90.63","125563.91","62154.02","63409.89","0","organic","West"
"4","176612.49","4528.42","2018-02-25 00:00:00","1.49","51477.74","0","119576.4","86332.21","33244.19","0","organic","GreatLakes"
"8","21849.91","409.5","2018-01-28 00:00:00","1.49","280.03","19.17","21141.21","21137.86","3.35","0","organic","HarrisburgScranton"
"10","35522.77","11013.42","2018-01-14 00:00:00","1.49","108.93","0","24400.42","23953.75","446.67","0","organic","Houston"
"0","37893.5","3464.04","2018-03-25 00:00:00","1.49","5737.9","9.42","28682.14","28637.44","44.7","0","organic","Philadelphia"
"5","7517.03","154.15","2018-02-18 00:00:00","1.49","2182.81","0","5180.07","5021.41","158.66","0","organic","Roanoke"
"11","11148.12","842.57","2018-01-07 00:00:00","1.49","815.93","0","9489.62","7538.34","1951.28","0","organic","StLouis"
"4","301985.61","34200.18","2018-02-25 00:00:00","1.49","49139.34","85.58","218560.51","99989.62","118314.77","256.12","organic","West"
"24","68846.81","1229.69","2015-07-12 00:00:00","1.48","40944.72","2652.87","24019.53","21786.27","2221.89","11.37","conventional","Pittsburgh"
"21","41000.44","722.58","2015-08-02 00:00:00","1.48","26661.77","219.89","13396.2","13396.2","0","0","conventional","Syracuse"
"3","113031.96","6530.78","2016-12-04 00:00:00","1.48","99746.05","50.84","6704.29","6476.12","228.17","0","conventional","Albany"
"20","99683.11","14670.87","2016-08-07 00:00:00","1.48","69054.28","10.9","15947.06","14597.2","178.19","1171.67","conventional","Albany"
"18","727279.79","68443.67","2016-08-21 00:00:00","1.48","413651.59","21950.39","223234.14","203758.36","15197.45","4278.33","conventional","BaltimoreWashington"
"20","525387.25","15830.01","2016-08-07 00:00:00","1.48","335033.53","8735.44","165788.27","165457.19","176.08","155","conventional","Boston"
"16","95473.7","3089.84","2016-09-04 00:00:00","1.48","67790.92","68.67","24524.27","24296.23","53.04","175","conventional","BuffaloRochester"
"6","3848128.2","1326907.02","2016-11-13 00:00:00","1.48","1367684.96","112541.9","1040994.32","952497.35","60542.13","27954.84","conventional","California"
"12","178410.82","46364.75","2016-10-02 00:00:00","1.48","52893.38","16736.92","62415.77","53332.61","8258.16","825","conventional","Charlotte"
"21","187969.31","39819.93","2016-07-31 00:00:00","1.48","68964.23","24742.11","54443.04","50677.92","3330.12","435","conventional","Charlotte"
"7","2222383.47","398012.36","2016-11-06 00:00:00","1.48","946981.93","91683.48","785705.7","520297.39","264747.16","661.15","conventional","GreatLakes"
"8","1499286.88","533137.32","2016-10-30 00:00:00","1.48","383974.46","59596.59","522578.51","487013.41","16418.82","19146.28","conventional","LosAngeles"
"5","1999044.43","478380.64","2016-11-20 00:00:00","1.48","712348.38","53734.01","754581.4","664868.53","87750.1","1962.77","conventional","Midsouth"
"8","2083054.88","606275.55","2016-10-30 00:00:00","1.48","713427.63","107745.17","655606.53","547423","104591.3","3592.23","conventional","Midsouth"
"8","163510.83","71230.82","2016-10-30 00:00:00","1.48","22081.11","373.58","69825.32","43587.37","16789.62","9448.33","conventional","NewOrleansMobile"
"6","268388.51","11996.05","2016-11-13 00:00:00","1.48","211327.03","2651.04","42414.39","42414.39","0","0","conventional","NorthernNewEngland"
"9","291385.56","17405.6","2016-10-23 00:00:00","1.48","223021.98","4022.89","46935.09","46935.09","0","0","conventional","NorthernNewEngland"
"14","316980.64","24643.99","2016-09-18 00:00:00","1.48","235008.38","4265.21","53063.06","52433.61","548.89","80.56","conventional","NorthernNewEngland"
"7","61365.68","11311.99","2016-11-06 00:00:00","1.48","21354.23","20.15","28679.31","28639.4","4.5","35.41","conventional","Spokane"
"20","697320.96","61461.48","2017-08-13 00:00:00","1.48","431018.65","5629.49","199211.34","186157.57","8884.88","4168.89","conventional","BaltimoreWashington"
"23","692872.87","65421.16","2017-07-23 00:00:00","1.48","435763.72","5663.76","186024.23","181105.06","1046.95","3872.22","conventional","BaltimoreWashington"
"24","670476.49","64407.19","2017-07-16 00:00:00","1.48","415327.9","5640.71","185100.69","177112.27","886.2","7102.22","conventional","BaltimoreWashington"
"44","814376.97","82179.16","2017-02-26 00:00:00","1.48","531502.16","9921.32","190774.33","185955.28","4349.61","469.44","conventional","BaltimoreWashington"
"50","749510.72","76382.33","2017-01-15 00:00:00","1.48","472453.49","10119.64","190555.26","188395.17","2152.31","7.78","conventional","BaltimoreWashington"
"10","435243.72","19871.3","2017-10-22 00:00:00","1.48","328476.35","2432.68","84463.39","81134.22","3329.17","0","conventional","Boston"
"22","568255.53","8414.57","2017-07-30 00:00:00","1.48","429987","3326.4","126527.56","96106.82","29390.74","1030","conventional","Boston"
"42","165974.96","1457.31","2017-03-12 00:00:00","1.48","85677.37","28","78812.28","56757.21","22055.07","0","conventional","BuffaloRochester"
"39","231427.69","47420.03","2017-04-02 00:00:00","1.48","85811.1","7802.11","90394.45","85957.69","4258.98","177.78","conventional","Charlotte"
"40","225271.53","48843.91","2017-03-26 00:00:00","1.48","94477.7","7655.97","74293.95","69700.62","4593.33","0","conventional","Charlotte"
"22","213593.1","3801.61","2017-07-30 00:00:00","1.48","82403.53","856.06","126531.9","16005.11","109831.76","695.03","conventional","CincinnatiDayton"
"35","324983.09","64498.25","2017-04-30 00:00:00","1.48","50224.27","37837.43","172423.14","150695.49","11326.73","10400.92","conventional","Detroit"
"39","288639.34","65914.28","2017-04-02 00:00:00","1.48","45497.47","33828.6","143398.99","131639.74","3178.06","8581.19","conventional","Detroit"
"40","289107.02","69601.63","2017-03-26 00:00:00","1.48","44602.74","30844.93","144057.72","125425.49","3129.79","15502.44","conventional","Detroit"
"41","262116.19","71290.38","2017-03-19 00:00:00","1.48","45054.51","26987.7","118783.6","101931.36","3247.87","13604.37","conventional","Detroit"
"11","205858.6","32691.3","2017-10-15 00:00:00","1.48","112916.52","74.12","60176.66","48527.09","11649.57","0","conventional","HarrisburgScranton"
"18","214056.41","40614.08","2017-08-27 00:00:00","1.48","112224.82","30.39","61187.12","60211.91","245.21","730","conventional","HarrisburgScranton"
"26","226114.96","40997.57","2017-07-02 00:00:00","1.48","111399.05","155.12","73563.22","61049.83","5973.39","6540","conventional","HarrisburgScranton"
"35","268831.64","54369.02","2017-04-30 00:00:00","1.48","135977","123.86","78361.76","76015.77","2179.32","166.67","conventional","HarrisburgScranton"
"38","251676.02","47837.77","2017-04-09 00:00:00","1.48","121350.21","124.82","82363.22","78470.9","3892.32","0","conventional","HarrisburgScranton"
"8","131679.37","74308.6","2017-11-05 00:00:00","1.48","8741.26","234.92","48394.59","33225.98","14981.94","186.67","conventional","Jacksonville"
"24","160177.18","88735.04","2017-07-16 00:00:00","1.48","14194.77","102.81","57144.56","24773.25","29400.2","2971.11","conventional","Jacksonville"
"18","203947.9","107288.21","2017-08-27 00:00:00","1.48","26219.44","6548.22","63892.03","39816.3","23140.17","935.56","conventional","LasVegas"
"21","501154.94","341186.45","2017-08-06 00:00:00","1.48","64789.85","324.38","94854.26","38651.03","48348.78","7854.45","conventional","MiamiFtLauderdale"
"24","523617.87","367930.59","2017-07-16 00:00:00","1.48","65180.09","301.98","90205.21","38434.8","41978.19","9792.22","conventional","MiamiFtLauderdale"
"29","696603.38","447672.96","2017-06-11 00:00:00","1.48","88004.23","340.96","160585.23","73486.27","79488.96","7610","conventional","MiamiFtLauderdale"
"15","167440.24","70892.31","2017-09-17 00:00:00","1.48","29793.52","69.77","66684.64","56309.28","10118.1","257.26","conventional","Nashville"
"49","1721917.04","15652.26","2017-01-22 00:00:00","1.48","1169600.51","206537.54","330126.73","288384.55","36337.65","5404.53","conventional","NewYork"
"25","486214.04","12466.36","2017-07-09 00:00:00","1.48","397668.16","11922.66","64156.86","22095.26","36856.6","5205","conventional","NorthernNewEngland"
"8","290421.2","185134.03","2017-11-05 00:00:00","1.48","22655.69","698.11","81933.37","54667.82","27265.55","0","conventional","Orlando"
"21","382653.13","33708.96","2017-08-06 00:00:00","1.48","225677.1","1472.45","121794.62","107141.63","12272.99","2380","conventional","Philadelphia"
"43","409950.45","15629.06","2017-03-05 00:00:00","1.48","245417.56","13667.43","135236.4","130174.35","5062.05","0","conventional","Philadelphia"
"48","421316.65","27673.88","2017-01-29 00:00:00","1.48","248553.08","20098.48","124991.21","114418.84","10028.59","543.78","conventional","Philadelphia"
"8","1380036.54","583677.03","2017-11-05 00:00:00","1.48","410381.7","4216.04","381761.77","292776.18","88977.53","8.06","conventional","Plains"
"10","1455487.08","650121.75","2017-10-22 00:00:00","1.48","388491.92","4068.81","412804.6","343995.88","68736.06","72.66","conventional","Plains"
"5","336192","99591","2017-11-26 00:00:00","1.48","69191","12659","154751","105787","48468","495","conventional","Portland"
"9","251521.91","76356.75","2017-10-29 00:00:00","1.48","82013.34","4266.3","88885.52","85668.09","3216.32","1.11","conventional","RaleighGreensboro"
"22","444013.66","174486.03","2017-07-30 00:00:00","1.48","137655.83","21223.58","110648.22","101946.55","6750.08","1951.59","conventional","SanDiego"
"24","449543.62","181912.69","2017-07-16 00:00:00","1.48","134913.99","22438.5","110278.44","102399.17","4884.6","2994.67","conventional","SanDiego"
"6","657693","195380","2017-11-19 00:00:00","1.48","366968","1909","93436","91293","128","2015","conventional","SanFrancisco"
"10","468703.71","115638.44","2017-10-22 00:00:00","1.48","168488.4","10445.22","174131.65","134104.55","39747.32","279.78","conventional","Seattle"
"27","58174.88","1578.3","2017-06-25 00:00:00","1.48","44074.2","113.25","12409.13","9107.87","2081.26","1220","conventional","Syracuse"
"8","323634.05","204472.52","2017-11-05 00:00:00","1.48","30501.48","696.02","87964.03","54636.63","33327.4","0","conventional","Tampa"
"37","335494.24","199036.55","2017-04-16 00:00:00","1.48","48021.06","28","88408.63","51870.49","36538.14","0","conventional","Tampa"
"6","352731.83","14675.9","2018-02-11 00:00:00","1.48","270215.97","208.1","67631.86","65856.28","744.47","1031.11","conventional","HartfordSpringfield"
"3","4400.25","1358.53","2015-12-06 00:00:00","1.48","1735.98","0","1305.74","130","1175.74","0","organic","Atlanta"
"0","7986.08","9.65","2015-12-27 00:00:00","1.48","775.99","39.82","7160.62","7149.89","10.73","0","organic","Boston"
"3","91211.53","17839.96","2015-12-06 00:00:00","1.48","47527.65","1.53","25842.39","25661.06","181.33","0","organic","California"
"34","119059.56","54176.97","2015-05-03 00:00:00","1.48","51542.88","0","13339.71","13339.71","0","0","organic","California"
"42","108346.9","75016.11","2015-03-08 00:00:00","1.48","21619.82","0","11710.97","11710.97","0","0","organic","California"
"3","8656.18","234.08","2015-12-06 00:00:00","1.48","7004.43","0","1417.67","663.33","754.34","0","organic","CincinnatiDayton"
"31","14589.17","303.66","2015-05-24 00:00:00","1.48","13023.85","0","1261.66","818.95","442.71","0","organic","CincinnatiDayton"
"4","3305.78","452.86","2015-11-29 00:00:00","1.48","2326.79","0","526.13","371.89","154.24","0","organic","Columbus"
"5","3636.86","522.57","2015-11-22 00:00:00","1.48","2789.25","0","325.04","129.01","196.03","0","organic","Columbus"
"6","3595.02","570","2015-11-15 00:00:00","1.48","2671.18","0","353.84","126.59","227.25","0","organic","Columbus"
"17","5070.79","773.57","2015-08-30 00:00:00","1.48","2548.11","0","1749.11","99.41","1649.7","0","organic","Columbus"
"3","10458.62","5582.56","2015-12-06 00:00:00","1.48","401.5","0","4474.56","4474.56","0","0","organic","DallasFtWorth"
"9","13258.61","7509.17","2015-10-25 00:00:00","1.48","329.44","0","5420","5410","10","0","organic","DallasFtWorth"
"11","10647.39","6628.99","2015-10-11 00:00:00","1.48","378.41","0","3639.99","3636.66","3.33","0","organic","DallasFtWorth"
"13","12224.81","8224.68","2015-09-27 00:00:00","1.48","303.47","0","3696.66","3696.66","0","0","organic","DallasFtWorth"
"15","12704.71","7561.87","2015-09-13 00:00:00","1.48","362.7","0","4780.14","4776.8","3.34","0","organic","DallasFtWorth"
"23","81489.76","3513.22","2015-07-19 00:00:00","1.48","55925.95","0","22050.59","2919.87","19130.72","0","organic","GreatLakes"
"10","3139.5","67.84","2015-10-18 00:00:00","1.48","221.62","16.38","2833.66","481.82","2351.84","0","organic","HarrisburgScranton"
"9","11445.39","7202.98","2015-10-25 00:00:00","1.48","65.11","0","4177.3","4177.3","0","0","organic","Houston"
"10","10652.02","6905.95","2015-10-18 00:00:00","1.48","39.52","0","3706.55","3706.55","0","0","organic","Houston"
"11","10674.23","6510.89","2015-10-11 00:00:00","1.48","106.8","0","4056.54","4056.54","0","0","organic","Houston"
"12","10800.6","6511.05","2015-10-04 00:00:00","1.48","101.39","0","4188.16","4188.16","0","0","organic","Houston"
"24","2290.3","7.54","2015-07-12 00:00:00","1.48","1486.26","0","796.5","70","726.5","0","organic","Louisville"
"51","1395.75","12.41","2015-01-04 00:00:00","1.48","824.64","0","558.7","478.15","80.55","0","organic","Louisville"
"22","571.4","5.07","2015-07-26 00:00:00","1.48","6.34","0","559.99","556.66","3.33","0","organic","MiamiFtLauderdale"
"45","67813.61","7426.1","2015-02-15 00:00:00","1.48","34306.93","4067.67","22012.91","18624.73","3388.18","0","organic","Midsouth"
"45","5151.37","208.55","2015-02-15 00:00:00","1.48","56.15","0","4886.67","4886.67","0","0","organic","NewOrleansMobile"
"47","2013.46","162.22","2015-02-01 00:00:00","1.48","34.57","0","1816.67","1816.67","0","0","organic","NewOrleansMobile"
"27","14656.29","11743.35","2015-06-21 00:00:00","1.48","1864.94","0","1048","736.67","311.33","0","organic","PhoenixTucson"
"36","15735.77","12488.27","2015-04-19 00:00:00","1.48","1697.81","0","1549.69","670","879.69","0","organic","PhoenixTucson"
"42","6050.63","66.14","2015-03-08 00:00:00","1.48","3761.84","0","2222.65","2096.67","125.98","0","organic","Roanoke"
"49","5621.32","109.68","2015-01-18 00:00:00","1.48","4464.75","0","1046.89","626.3","420.59","0","organic","Roanoke"
"32","10914.03","2511.62","2015-05-17 00:00:00","1.48","7398.74","0","1003.67","1003.67","0","0","organic","SanDiego"
"35","10698.67","2780.48","2015-04-26 00:00:00","1.48","6603.33","0","1314.86","1314.86","0","0","organic","SanDiego"
"42","9468.77","8439.16","2015-03-08 00:00:00","1.48","375.38","0","654.23","654.23","0","0","organic","SanDiego"
"33","33676.05","23021.28","2015-05-10 00:00:00","1.48","10608.04","0","46.73","46.73","0","0","organic","SanFrancisco"
"41","44030.34","11716.79","2015-03-15 00:00:00","1.48","17032.1","804.88","14476.57","9653.34","4823.23","0","organic","Southeast"
"7","4963.92","1709.66","2015-11-08 00:00:00","1.48","1279.12","194.73","1780.41","388.94","1391.47","0","organic","StLouis"
"17","1279.51","5.79","2015-08-30 00:00:00","1.48","1.26","0","1272.46","1272.46","0","0","organic","Tampa"
"36","3118.18","907.45","2015-04-19 00:00:00","1.48","22.51","0","2188.22","2188.22","0","0","organic","Tampa"
"46","730874.31","215657.99","2015-02-08 00:00:00","1.48","273897.84","5316.55","236001.93","179887.47","56114.46","0","organic","TotalUS"
"44","188334.19","87488.99","2015-02-22 00:00:00","1.48","70229.26","168.9","30447.04","6976.12","23470.92","0","organic","West"
"28","13363.66","5337.04","2015-06-07 00:00:00","1.48","4286.32","0","3740.3","2190.2","1550.1","0","organic","WestTexNewMexico"
"39","8926.81","2454.14","2016-03-27 00:00:00","1.48","3700.8","0","2771.87","820","1951.87","0","organic","Atlanta"
"51","7953.26","3970.66","2016-01-03 00:00:00","1.48","2151.52","0","1831.08","1037.38","793.7","0","organic","Atlanta"
"3","2053.35","0","2016-12-04 00:00:00","1.48","442.91","0","1610.44","405.18","1205.26","0","organic","Boise"
"38","6217.4","3.55","2016-04-03 00:00:00","1.48","198.02","0","6015.83","3321.77","2694.06","0","organic","BuffaloRochester"
"40","6490.21","13.26","2016-03-20 00:00:00","1.48","180.62","0","6296.33","3454.51","2841.82","0","organic","BuffaloRochester"
"20","210038.55","22201.7","2016-08-07 00:00:00","1.48","79011.43","0","108825.42","81490.29","27335.13","0","organic","California"
"50","13098.8","4763.82","2016-01-10 00:00:00","1.48","6356.7","0","1978.28","615.29","1362.99","0","organic","Detroit"
"0","95184.06","3993.87","2016-12-25 00:00:00","1.48","63263","0","27927.19","22279.91","5647.28","0","organic","GreatLakes"
"43","99353.21","10277.19","2016-02-28 00:00:00","1.48","73062.2","0","16013.82","7413.22","8600.6","0","organic","GreatLakes"
"50","112034.52","19744.83","2016-01-10 00:00:00","1.48","72015.81","0","20273.88","9843.3","10430.58","0","organic","GreatLakes"
"10","3492.62","161.89","2016-10-16 00:00:00","1.48","1522.71","0","1808.02","737.01","1071.01","0","organic","Indianapolis"
"11","3479.15","133.02","2016-10-09 00:00:00","1.48","1800.96","0","1545.17","677.65","867.52","0","organic","Indianapolis"
"42","1831.89","250.68","2016-03-06 00:00:00","1.48","1046.17","0","535.04","260.13","274.91","0","organic","Indianapolis"
"32","2477.92","0","2016-05-15 00:00:00","1.48","1268.34","0","1209.58","357.89","851.69","0","organic","Louisville"
"33","4317.01","932.93","2016-05-08 00:00:00","1.48","14.08","0","3370","3363.33","6.67","0","organic","MiamiFtLauderdale"
"7","134399.76","2602.81","2016-11-06 00:00:00","1.48","46417.2","2433.05","82946.7","41924.85","41021.85","0","organic","Midsouth"
"32","96681.58","3216.13","2016-05-15 00:00:00","1.48","48296.01","2055.04","43114.4","28449.43","14664.97","0","organic","Midsouth"
"18","9322.85","643.33","2016-08-21 00:00:00","1.48","4627.09","0","4052.43","2242.22","1810.21","0","organic","Nashville"
"19","9978.31","899.71","2016-08-14 00:00:00","1.48","4522.42","0","4556.18","2277.22","2278.96","0","organic","Nashville"
"4","2425.61","104.69","2016-11-27 00:00:00","1.48","0","0","2320.92","1277.5","1043.42","0","organic","NewOrleansMobile"
"49","3180.64","679.91","2016-01-17 00:00:00","1.48","8.99","0","2491.74","2491.74","0","0","organic","NewOrleansMobile"
"42","12436.96","5686.84","2016-03-06 00:00:00","1.48","1413.65","0","5336.47","4871.62","464.85","0","organic","PhoenixTucson"
"0","7784","708.23","2016-12-25 00:00:00","1.48","3.45","0","7072.32","6823.42","248.9","0","organic","Pittsburgh"
"1","6429.27","693.2","2016-12-18 00:00:00","1.48","13.9","0","5722.17","5309.07","413.1","0","organic","Pittsburgh"
"26","5570.89","544.91","2016-06-26 00:00:00","1.48","256.53","0","4769.45","4769.45","0","0","organic","Pittsburgh"
"35","1541.74","139.63","2016-04-24 00:00:00","1.48","154.07","56.17","1191.87","1188.3","3.57","0","organic","Pittsburgh"
"36","1614.86","88.32","2016-04-17 00:00:00","1.48","322.96","3.18","1200.4","1200.4","0","0","organic","Pittsburgh"
"44","3525.02","140.98","2016-02-21 00:00:00","1.48","1961.84","223.42","1198.78","998.29","200.49","0","organic","RichmondNorfolk"
"20","20143.55","1971.6","2016-08-07 00:00:00","1.48","7907.1","0","10264.85","524.4","9740.45","0","organic","SanDiego"
"32","9990.1","752.91","2016-05-15 00:00:00","1.48","2472.08","271.64","6493.47","6020.41","473.06","0","organic","SouthCarolina"
"8","94332.98","41423.95","2016-10-30 00:00:00","1.48","4092.33","5.96","48810.74","47513.43","1297.31","0","organic","SouthCentral"
"36","54241.93","16280.57","2016-04-17 00:00:00","1.48","11390.63","403.64","26167.09","22303","3864.09","0","organic","Southeast"
"39","51791.11","16772.51","2016-03-27 00:00:00","1.48","10589.54","353.44","24075.62","20453.56","3622.06","0","organic","Southeast"
"3","2645.69","12.19","2016-12-04 00:00:00","1.48","713.24","0","1920.26","7.9","1912.36","0","organic","Spokane"
"45","3302.62","1163.01","2016-02-14 00:00:00","1.48","29.61","0","2110","2110","0","0","organic","Tampa"
"19","1093287.79","186697.3","2016-08-14 00:00:00","1.48","341463.72","10231.17","554895.6","459261.24","95634.36","0","organic","TotalUS"
"15","197265.79","43258.13","2016-09-11 00:00:00","1.48","39127.68","77.84","114802.14","46197.11","68605.03","0","organic","West"
"44","14413.74","1308.04","2016-02-21 00:00:00","1.48","4865.24","4.77","8235.69","7090.72","1144.97","0","organic","WestTexNewMexico"
"49","8443.85","92.31","2017-01-22 00:00:00","1.48","3486.55","448.82","4416.17","3971.5","444.67","0","organic","Charlotte"
"34","19989.19","287.34","2017-05-07 00:00:00","1.48","7274.84","0","12427.01","925.23","11501.78","0","organic","CincinnatiDayton"
"0","21181.05","3745.98","2017-12-31 00:00:00","1.48","326.83","0","17108.24","15338.34","1769.9","0","organic","DallasFtWorth"
"0","17906.71","4400.94","2017-12-31 00:00:00","1.48","482.72","12.67","13010.38","12128.68","881.7","0","organic","Denver"
"10","21532.06","189.7","2017-10-22 00:00:00","1.48","237.13","6.16","21099.07","21090.84","8.23","0","organic","HarrisburgScranton"
"8","7741.56","141.41","2017-11-05 00:00:00","1.48","794.48","0","6773.19","5320.5","1452.69","0","organic","Indianapolis"
"10","9007.77","129.36","2017-10-22 00:00:00","1.48","1196.31","0","7682.1","5690.13","1991.97","0","organic","Indianapolis"
"24","10838.58","120.61","2017-07-16 00:00:00","1.48","3149.03","0","6713.33","4037.21","2676.12","0","organic","Indianapolis"
"46","4296.53","757.2","2017-02-12 00:00:00","1.48","137.22","0","3402.11","2528.9","873.21","0","organic","Jacksonville"
"34","3514.92","0","2017-05-07 00:00:00","1.48","1570.14","0","1944.78","445.56","1499.22","0","organic","Louisville"
"0","6518.64","24.84","2017-12-31 00:00:00","1.48","333.44","0","6160.36","6147.77","12.59","0","organic","MiamiFtLauderdale"
"3","5325.8","31.72","2017-12-10 00:00:00","1.48","265.21","0","5028.87","5024.43","4.44","0","organic","MiamiFtLauderdale"
"19","4569.66","25.5","2017-08-20 00:00:00","1.48","20.83","0","4523.33","4523.33","0","0","organic","MiamiFtLauderdale"
"30","25490.92","0","2017-06-04 00:00:00","1.48","295.05","0","25195.87","25195.87","0","0","organic","NorthernNewEngland"
"16","9267.69","1076.06","2017-09-10 00:00:00","1.48","21.1","0","8170.53","8167.2","3.33","0","organic","Pittsburgh"
"51","8071.93","490.6","2017-01-08 00:00:00","1.48","3085.34","205.36","4290.63","4290.63","0","0","organic","RichmondNorfolk"
"1","12762.43","118.57","2017-12-24 00:00:00","1.48","3514.42","79.12","9050.32","8708.91","341.41","0","organic","SouthCarolina"
"51","9552.09","304.42","2017-01-08 00:00:00","1.48","3669.2","222.07","5356.4","4469.22","887.18","0","organic","SouthCarolina"
"21","141584.65","34146.34","2017-08-06 00:00:00","1.48","4622.76","0","102815.55","101574.31","1241.24","0","organic","SouthCentral"
"3","79396.08","907.78","2017-12-10 00:00:00","1.48","12906.41","91.79","65490.1","58892.94","6597.16","0","organic","Southeast"
"40","75769.87","10057.03","2017-03-26 00:00:00","1.48","16776.81","327.15","48608.88","23597.71","25011.17","0","organic","Southeast"
"31","5870.75","349.55","2017-05-28 00:00:00","1.48","1639.55","16.65","3865","66.66","3798.34","0","organic","Spokane"
"52","808971.88","99820.77","2017-01-01 00:00:00","1.48","273329.61","4425.75","431395.75","273456","157939.75","0","organic","TotalUS"
"0","229477.07","26883.07","2017-12-31 00:00:00","1.48","53165.3","86.61","149342.09","66254.72","82977.6","109.77","organic","West"
"31","276578.14","64107.88","2017-05-28 00:00:00","1.48","52767.88","461.27","159241.11","22367.6","136873.51","0","organic","West"
"3","3851.3","311.55","2018-03-04 00:00:00","1.48","296.77","0","3242.98","3239.65","3.33","0","organic","Albany"
"1","19014.68","626.28","2018-03-18 00:00:00","1.48","5411.88","0","12976.52","9134.72","3841.8","0","organic","Atlanta"
"3","7617.52","531.55","2018-03-04 00:00:00","1.48","1246.43","0","5839.54","5689.68","149.86","0","organic","Columbus"
"5","49348.86","1201.04","2018-02-18 00:00:00","1.48","40277.25","8.4","7862.17","7566.48","295.69","0","organic","HartfordSpringfield"
"9","9495.46","281.81","2018-01-21 00:00:00","1.48","1266.88","0","7884.46","4149.72","3734.74","0","organic","Indianapolis"
"7","3001.55","0","2018-02-04 00:00:00","1.48","950.25","0","2051.3","1736.68","314.62","0","organic","Louisville"
"8","3245.58","1.27","2018-01-28 00:00:00","1.48","1036.16","0","2208.15","1853.15","355","0","organic","Louisville"
"10","218369.75","2747.68","2018-01-14 00:00:00","1.48","51221.04","926.79","163474.24","152552.08","10922.16","0","organic","Midsouth"
"0","7250.69","43.77","2018-03-25 00:00:00","1.48","1759.47","0","5447.45","4834.97","612.48","0","organic","Nashville"
"4","10360.85","43.33","2018-02-25 00:00:00","1.48","2258.33","0","8059.19","3862.2","4196.99","0","organic","Nashville"
"6","9487.94","228.09","2018-02-11 00:00:00","1.48","909.96","0","8349.89","7405.55","944.34","0","organic","Orlando"
"11","8893.44","258.7","2018-01-07 00:00:00","1.48","1976.19","0","6658.55","6089.92","568.63","0","organic","Roanoke"
"0","96048.46","1753.94","2018-03-25 00:00:00","1.48","41364.9","40.54","52889.08","8496.71","44278.26","114.11","organic","Seattle"
"9","105688.73","1379.6","2018-01-21 00:00:00","1.48","16329.87","114.48","87864.78","71192.79","16671.99","0","organic","Southeast"
"11","297190.6","34734.97","2018-01-07 00:00:00","1.48","62967.74","157.77","199330.12","103761.55","95544.39","24.18","organic","West"
"20","81830.13","1139.74","2015-08-09 00:00:00","1.47","56289.28","349.19","24051.92","24051.92","0","0","conventional","BuffaloRochester"
"21","78162.92","1447.81","2015-08-02 00:00:00","1.47","44620.7","471.55","31622.86","31622.86","0","0","conventional","BuffaloRochester"
"25","140413.9","1503.1","2015-07-05 00:00:00","1.47","56925.46","6707.85","75277.49","74370.82","906.67","0","conventional","BuffaloRochester"
"41","103413.11","3500.48","2015-03-15 00:00:00","1.47","45688.61","66.42","54157.6","54046.49","111.11","0","conventional","BuffaloRochester"
"49","59312.07","2147.08","2015-01-18 00:00:00","1.47","36730.4","1075.26","19359.33","12321.55","7037.78","0","conventional","Pittsburgh"
"29","115857.12","4288.46","2016-06-05 00:00:00","1.47","92055.75","53.98","19458.93","17385.6","398.33","1675","conventional","Albany"
"0","550947.61","50818.61","2016-12-25 00:00:00","1.47","344699.92","8529.79","146899.29","142957.45","2629.52","1312.32","conventional","BaltimoreWashington"
"23","730875.32","50831.98","2016-07-17 00:00:00","1.47","400287.93","32758.16","246997.25","233727.43","2257.55","11012.27","conventional","BaltimoreWashington"
"2","89037.86","967.77","2016-12-11 00:00:00","1.47","62963.23","54.34","25052.52","23315.81","1736.71","0","conventional","BuffaloRochester"
"13","189131.52","54110.79","2016-09-25 00:00:00","1.47","53593.58","17495.42","63931.73","55653.47","8278.26","0","conventional","Charlotte"
"25","309896.68","3261.81","2016-07-03 00:00:00","1.47","212724.95","1330.76","92579.16","88150.04","547.51","3881.61","conventional","HartfordSpringfield"
"28","324963.11","7760.32","2016-06-12 00:00:00","1.47","242441.41","318.57","74442.81","71188.11","584.7","2670","conventional","HartfordSpringfield"
"9","2287507.52","611972.37","2016-10-23 00:00:00","1.47","851527.3","94122.62","729885.23","621196.02","104911.15","3778.06","conventional","Midsouth"
"16","1278749.25","23916.16","2016-09-04 00:00:00","1.47","832269.64","12219.16","410344.29","355517.25","53778.4","1048.64","conventional","NewYork"
"18","1334937.86","15005.3","2016-08-21 00:00:00","1.47","771413.01","4586.26","543933.29","487247.69","52652.56","4033.04","conventional","NewYork"
"29","1447580.25","15757.13","2016-06-05 00:00:00","1.47","955311.63","23821.5","452689.99","387456.57","63464.32","1769.1","conventional","NewYork"
"20","4024822.13","304604.68","2016-08-07 00:00:00","1.47","2245559.82","59915.16","1414742.47","1335096.5","58406.29","21239.68","conventional","Northeast"
"7","242666.87","10727.78","2016-11-06 00:00:00","1.47","179547.81","2261.03","50130.25","50130.25","0","0","conventional","NorthernNewEngland"
"10","290884.89","14794.34","2016-10-16 00:00:00","1.47","224368.92","3353.02","48368.61","48368.61","0","0","conventional","NorthernNewEngland"
"7","236696.6","93321.05","2016-11-06 00:00:00","1.47","53545.04","149.05","89681.46","34250.33","55431.13","0","conventional","Orlando"
"24","420054.95","15583.43","2016-07-10 00:00:00","1.47","211189.05","20445.49","172836.98","154560.09","14058.39","4218.5","conventional","Philadelphia"
"25","427325.17","14355.22","2016-07-03 00:00:00","1.47","219161.41","25016.94","168791.6","151090.57","10879.62","6821.41","conventional","Philadelphia"
"6","211408.68","87802.48","2016-11-13 00:00:00","1.47","39962.93","22904.8","60738.47","58852.47","1886","0","conventional","RaleighGreensboro"
"16","850104.12","203090.38","2016-09-04 00:00:00","1.47","552428.86","10836.96","83747.92","82334.2","962.33","451.39","conventional","SanFrancisco"
"39","716020.43","167887.53","2016-03-27 00:00:00","1.47","409135.78","46243.39","92753.73","91907.38","830.59","15.76","conventional","SanFrancisco"
"5","279595.13","95447.33","2016-11-20 00:00:00","1.47","63840.96","87.54","120219.3","58516.69","61702.61","0","conventional","Tampa"
"0","113514.42","2622.7","2017-12-31 00:00:00","1.47","101135.53","20.25","9735.94","5556.98","4178.96","0","conventional","Albany"
"34","127193.26","2473.53","2017-05-07 00:00:00","1.47","87791.87","121.07","36806.79","9600.81","27205.98","0","conventional","Albany"
"52","129948.23","4845.77","2017-01-01 00:00:00","1.47","117027.41","200.36","7874.69","7866.86","7.83","0","conventional","Albany"
"21","695848.77","60785.37","2017-08-06 00:00:00","1.47","440986.27","5324.79","188752.34","182988.33","1830.67","3933.34","conventional","BaltimoreWashington"
"22","655426.21","57622.28","2017-07-30 00:00:00","1.47","399898.3","5352.26","192553.37","187554.78","1284.15","3714.44","conventional","BaltimoreWashington"
"52","631760.81","54530.42","2017-01-01 00:00:00","1.47","408952.26","14387.01","153891.12","151345.59","2542.41","3.12","conventional","BaltimoreWashington"
"8","187381.18","46741.48","2017-11-05 00:00:00","1.47","65173.5","4855.57","70610.63","66781.57","3829.06","0","conventional","Charlotte"
"20","209771.02","47263.33","2017-08-13 00:00:00","1.47","78914.53","6255.4","77337.76","67363.49","6829.83","3144.44","conventional","Charlotte"
"41","206732.76","42389.4","2017-03-19 00:00:00","1.47","89209.74","7312.02","67821.6","63179.59","4642.01","0","conventional","Charlotte"
"23","215667.84","4245.43","2017-07-23 00:00:00","1.47","85748.65","1095.65","124578.11","14922.7","109212.65","442.76","conventional","CincinnatiDayton"
"13","605234.66","114291.47","2017-10-01 00:00:00","1.47","249372.98","198.48","241371.73","68911.62","172460.11","0","conventional","Denver"
"15","557213.38","150991.79","2017-09-17 00:00:00","1.47","156645.07","2422.09","247154.43","113823.49","133330.94","0","conventional","Denver"
"23","3014558.52","557159.67","2017-07-23 00:00:00","1.47","1180490.16","267511.89","1009396.8","647895.99","296531.31","64969.5","conventional","GreatLakes"
"9","203026.62","30541.03","2017-10-29 00:00:00","1.47","117170.48","36.92","55278.19","54995.56","282.63","0","conventional","HarrisburgScranton"
"19","212934.98","40413.35","2017-08-20 00:00:00","1.47","104200.02","62.76","68258.85","60759.46","3437.16","4062.23","conventional","HarrisburgScranton"
"25","237446.62","41065.78","2017-07-09 00:00:00","1.47","129466.37","176.98","66737.49","49614.54","8987.95","8135","conventional","HarrisburgScranton"
"49","332672.05","4349.36","2017-01-22 00:00:00","1.47","247185.31","13325.62","67811.76","65059.13","1897.89","854.74","conventional","HartfordSpringfield"
"33","148325.98","79945.48","2017-05-14 00:00:00","1.47","12921.51","99.81","55359.18","24530.62","30178.56","650","conventional","Jacksonville"
"36","156137.58","85993.83","2017-04-23 00:00:00","1.47","16104.95","78.16","53960.64","25194.97","28670.67","95","conventional","Jacksonville"
"23","546833.62","374063.45","2017-07-23 00:00:00","1.47","67585.09","421.47","104763.61","35385.93","61377.68","8000","conventional","MiamiFtLauderdale"
"27","1521598.08","53675.18","2017-06-25 00:00:00","1.47","1060721.23","3691.1","403510.57","260423.69","126518.07","16568.81","conventional","NewYork"
"37","305796.3","181939.75","2017-04-16 00:00:00","1.47","38374.67","32","85449.88","49866.05","35583.83","0","conventional","Orlando"
"22","404029.77","36123.33","2017-07-30 00:00:00","1.47","238811.54","1343.6","127751.3","117153.23","9611.12","986.95","conventional","Philadelphia"
"23","393360.73","35968.15","2017-07-23 00:00:00","1.47","227600.65","415.16","129376.77","117089.39","10184.05","2103.33","conventional","Philadelphia"
"15","274560.95","81352.87","2017-09-17 00:00:00","1.47","94454.59","4978.32","93775.17","91738.58","2026.59","10","conventional","RaleighGreensboro"
"18","293278.78","92921.86","2017-08-27 00:00:00","1.47","90069.37","5520.15","104767.4","100986.72","2240.68","1540","conventional","RaleighGreensboro"
"14","206719.88","42524.16","2017-09-24 00:00:00","1.47","84541.19","1112.71","78541.82","75856.02","2562.92","122.88","conventional","RichmondNorfolk"
"16","192455.24","46253.54","2017-09-10 00:00:00","1.47","64865.08","1324.07","80012.55","74003.77","2082.52","3926.26","conventional","RichmondNorfolk"
"16","197546.49","109797.39","2017-09-10 00:00:00","1.47","15410.99","55.81","72282.3","61599.32","10532.93","150.05","conventional","StLouis"
"14","53868.66","4475.84","2017-09-24 00:00:00","1.47","28923.06","29.25","20440.51","17095.79","3341.39","3.33","conventional","Syracuse"
"18","28785279.75","10735709.61","2017-08-27 00:00:00","1.47","8587105.6","517541.94","8944922.6","6592504","2117565.5","234853.1","conventional","TotalUS"
"0","207028.28","2946.6","2018-03-25 00:00:00","1.47","85213.8","63349.05","55518.83","29054.93","7662.55","18801.35","conventional","GrandRapids"
"17","3103.71","8.98","2015-08-30 00:00:00","1.47","2789.26","0","305.47","76.67","228.8","0","organic","Boise"
"0","5043.15","0","2015-12-27 00:00:00","1.47","166.37","0","4876.78","2751.87","2124.91","0","organic","BuffaloRochester"
"33","27146.38","455.63","2015-05-10 00:00:00","1.47","23858.81","0","2831.94","903.33","1928.61","0","organic","Chicago"
"1","7113.17","303.65","2015-12-20 00:00:00","1.47","6449.34","0","360.18","173.03","187.15","0","organic","CincinnatiDayton"
"30","14240.44","247.34","2015-05-31 00:00:00","1.47","12167.6","0","1825.5","1176.95","648.55","0","organic","CincinnatiDayton"
"8","3834.42","393.15","2015-11-01 00:00:00","1.47","2899.9","0","541.37","257.61","283.76","0","organic","Columbus"
"36","4844.5","287.16","2015-04-19 00:00:00","1.47","3203.91","0","1353.43","740.97","612.46","0","organic","Columbus"
"14","12513.98","8023.81","2015-09-20 00:00:00","1.47","240.17","0","4250","4250","0","0","organic","DallasFtWorth"
"16","10957.17","1810.09","2015-09-06 00:00:00","1.47","6972.09","0","2174.99","413.33","1761.66","0","organic","Detroit"
"25","10676.71","498.59","2015-07-05 00:00:00","1.47","7509.63","0","2668.49","576.67","2091.82","0","organic","Detroit"
"5","2236.04","118.91","2015-11-22 00:00:00","1.47","176.06","10.92","1930.15","449.95","1480.2","0","organic","HarrisburgScranton"
"13","12416.96","8647.11","2015-09-27 00:00:00","1.47","58.47","0","3711.38","3711.38","0","0","organic","Houston"
"14","11781.86","8733.8","2015-09-20 00:00:00","1.47","46.33","0","3001.73","3001.73","0","0","organic","Houston"
"26","48421.15","15429.9","2015-06-28 00:00:00","1.47","25963.83","0","7027.42","7027.42","0","0","organic","LosAngeles"
"14","1843.74","25.17","2015-09-20 00:00:00","1.47","1.32","0","1817.25","1817.25","0","0","organic","MiamiFtLauderdale"
"16","1962.43","4.95","2015-09-06 00:00:00","1.47","5.26","0","1952.22","1952.22","0","0","organic","MiamiFtLauderdale"
"17","1358.02","6.31","2015-08-30 00:00:00","1.47","11.79","0","1339.92","1339.92","0","0","organic","MiamiFtLauderdale"
"29","84677.56","7938.82","2015-06-07 00:00:00","1.47","33492.63","4478.81","38767.3","21779.26","16988.04","0","organic","Midsouth"
"26","5890.95","389.96","2015-06-28 00:00:00","1.47","4223.23","0","1277.76","393.33","884.43","0","organic","Nashville"
"48","1278.14","204.19","2015-01-25 00:00:00","1.47","10.61","0","1063.34","1063.34","0","0","organic","NewOrleansMobile"
"9","1973.01","594.36","2015-10-25 00:00:00","1.47","27.33","0","1351.32","1328.55","22.77","0","organic","Pittsburgh"
"13","1151.64","361.95","2015-09-27 00:00:00","1.47","30.88","0","758.81","385.24","373.57","0","organic","Pittsburgh"
"15","1390.96","529.81","2015-09-13 00:00:00","1.47","46.29","0","814.86","631.97","182.89","0","organic","Pittsburgh"
"20","2156.53","464.78","2015-08-09 00:00:00","1.47","6.79","0","1684.96","1217.54","467.42","0","organic","Pittsburgh"
"40","2059.01","842.7","2015-03-22 00:00:00","1.47","91.73","0","1124.58","1122.85","1.73","0","organic","Pittsburgh"
"43","4298.37","145.94","2015-03-01 00:00:00","1.47","2466.7","411.51","1274.22","916.67","357.55","0","organic","RichmondNorfolk"
"48","5411.77","117.84","2015-01-25 00:00:00","1.47","4133.72","0","1160.21","759.28","400.93","0","organic","Roanoke"
"50","5128.06","82.94","2015-01-11 00:00:00","1.47","4065.47","0","979.65","806.48","173.17","0","organic","Roanoke"
"4","48739.53","21480.33","2015-11-29 00:00:00","1.47","3491.54","0","23767.66","21567.32","2200.34","0","organic","SouthCentral"
"42","46965.06","10517.69","2015-03-08 00:00:00","1.47","19351.28","802.4","16293.69","12209.65","4084.04","0","organic","Southeast"
"40","6982.04","1522.43","2015-03-22 00:00:00","1.47","5302.25","0","157.36","0","157.36","0","organic","Spokane"
"12","1402.83","15.38","2015-10-04 00:00:00","1.47","0","0","1387.45","1387.45","0","0","organic","Tampa"
"8","647789.17","113380.29","2015-11-01 00:00:00","1.47","262559.59","6583.03","265266.26","139244.36","126021.9","0","organic","TotalUS"
"33","233387.28","103400.77","2015-05-10 00:00:00","1.47","77718.2","126.96","52141.35","10767.06","41374.29","0","organic","West"
"29","1007.03","2.33","2016-06-05 00:00:00","1.47","203.69","0","801.01","801.01","0","0","organic","Albany"
"47","19026.2","680.27","2016-01-31 00:00:00","1.47","7178.2","385.24","10782.49","788.39","9994.1","0","organic","BaltimoreWashington"
"16","3100.87","0","2016-09-04 00:00:00","1.47","1426.01","0","1674.86","419.32","1255.54","0","organic","Boise"
"19","208956.81","28111.21","2016-08-14 00:00:00","1.47","84313.38","35.82","96496.4","88974.66","7521.74","0","organic","California"
"45","158522.76","11345.11","2016-02-14 00:00:00","1.47","87139.61","97.12","59940.92","48968.58","10972.34","0","organic","California"
"43","9125.44","414.52","2016-02-28 00:00:00","1.47","8307.16","0","403.76","280","123.76","0","organic","CincinnatiDayton"
"4","5503.68","494.4","2016-11-27 00:00:00","1.47","1889.17","0","3120.11","2049.89","1070.22","0","organic","Columbus"
"20","8981.41","667.31","2016-08-07 00:00:00","1.47","4129.75","0","4184.35","501.81","3682.54","0","organic","Columbus"
"1","14088.99","9935.96","2016-12-18 00:00:00","1.47","1781.5","100.88","2270.65","675.88","1594.77","0","organic","Denver"
"17","11417.18","5597.07","2016-08-28 00:00:00","1.47","1246.64","286.4","4287.07","3165.42","1121.65","0","organic","Denver"
"22","28452.22","14466.93","2016-07-24 00:00:00","1.47","3103.21","53.93","10828.15","10778.15","50","0","organic","Denver"
"35","3402.66","61.63","2016-04-24 00:00:00","1.47","2746","0","595.03","595.03","0","0","organic","GrandRapids"
"3","117193.02","3252.52","2016-12-04 00:00:00","1.47","61767.51","0","52172.99","31957.97","20215.02","0","organic","GreatLakes"
"5","115682.53","3591.69","2016-11-20 00:00:00","1.47","49368.6","0","62722.24","20964.29","41757.95","0","organic","GreatLakes"
"16","139374.22","6231.1","2016-09-04 00:00:00","1.47","74111.53","0","59031.59","13790.28","45241.31","0","organic","GreatLakes"
"6","4890.43","446.05","2016-11-13 00:00:00","1.47","65.91","11.77","4366.7","1503.33","2863.37","0","organic","Jacksonville"
"48","9297.5","1706.27","2016-01-24 00:00:00","1.47","4796.37","0","2794.86","2788.43","6.43","0","organic","LasVegas"
"49","8854.46","2067.07","2016-01-17 00:00:00","1.47","4156.83","0","2630.56","2611.22","19.34","0","organic","LasVegas"
"14","74445.93","13098.28","2016-09-18 00:00:00","1.47","24958.57","0","36389.08","31194.03","5195.05","0","organic","LosAngeles"
"33","1825.53","1.25","2016-05-08 00:00:00","1.47","1161.26","0","663.02","115.48","547.54","0","organic","Louisville"
"47","71803.09","3066.15","2016-01-31 00:00:00","1.47","32965.47","2377.52","33393.95","11815.33","21578.62","0","organic","Midsouth"
"33","4828.24","950.41","2016-05-08 00:00:00","1.47","14.58","0","3863.25","3856.58","6.67","0","organic","NewOrleansMobile"
"23","12521.46","0","2016-07-17 00:00:00","1.47","199.58","0","12321.88","12321.88","0","0","organic","NorthernNewEngland"
"4","4543.09","470.21","2016-11-27 00:00:00","1.47","40.42","0","4032.46","1926.67","2105.79","0","organic","Orlando"
"15","7565.44","1321.86","2016-09-11 00:00:00","1.47","108.37","0","6135.21","2990","3145.21","0","organic","Orlando"
"30","7278.69","2743.46","2016-05-29 00:00:00","1.47","98.57","0","4436.66","4433.33","3.33","0","organic","Orlando"
"30","19187.81","5317.34","2016-05-29 00:00:00","1.47","11017.55","0","2852.92","415.23","2437.69","0","organic","PhoenixTucson"
"41","11203.89","5809.9","2016-03-13 00:00:00","1.47","1767.78","0","3626.21","3586.51","39.7","0","organic","PhoenixTucson"
"25","3486.32","252.15","2016-07-03 00:00:00","1.47","525.74","0","2708.43","2617.74","90.69","0","organic","Pittsburgh"
"28","5885.34","690.44","2016-06-12 00:00:00","1.47","177.87","32.19","4984.84","4905.79","79.05","0","organic","Pittsburgh"
"49","50053.55","4041.42","2016-01-17 00:00:00","1.47","17676.25","8951.95","19383.93","10322.62","9061.31","0","organic","Plains"
"48","26516.63","681.3","2016-01-24 00:00:00","1.47","11791.04","63.93","13980.36","244.19","13736.17","0","organic","Seattle"
"36","8123.8","812.04","2016-04-17 00:00:00","1.47","2592.81","324.57","4394.38","3937.03","457.35","0","organic","SouthCarolina"
"35","60780.65","14874.14","2016-04-24 00:00:00","1.47","11223.24","354.59","34328.68","30773.57","3555.11","0","organic","Southeast"
"33","5666.7","1939.42","2016-05-08 00:00:00","1.47","608.58","0","3118.7","155.45","2963.25","0","organic","StLouis"
"4","4523.75","283.6","2016-11-27 00:00:00","1.47","34.68","0","4205.47","2350","1855.47","0","organic","Tampa"
"8","3023.03","433.89","2016-10-30 00:00:00","1.47","62.36","0","2526.78","200","2326.78","0","organic","Tampa"
"35","4904.86","1134.14","2016-04-24 00:00:00","1.47","66.8","0","3703.92","3703.92","0","0","organic","Tampa"
"36","4785.64","1179.41","2016-04-17 00:00:00","1.47","62.26","0","3543.97","3543.97","0","0","organic","Tampa"
"25","1073595.37","159903","2016-07-03 00:00:00","1.47","381527.15","11897.11","520268.11","350794.25","169473.86","0","organic","TotalUS"
"25","245935.09","57696.2","2016-07-03 00:00:00","1.47","84970.72","146.71","103121.46","29715.52","73405.94","0","organic","West"
"40","15705.35","2731.96","2016-03-20 00:00:00","1.47","6730.01","52.95","6190.43","6185.08","5.35","0","organic","WestTexNewMexico"
"48","12171.04","1554.09","2016-01-24 00:00:00","1.47","4656.41","9.36","5951.18","5852.36","98.82","0","organic","WestTexNewMexico"
"11","4522.84","18.71","2017-10-15 00:00:00","1.47","237.43","0","4266.7","4266.7","0","0","organic","Albany"
"5","2741.2","49.58","2017-11-26 00:00:00","1.47","619.73","0","2071.89","402.45","1661.79","7.65","organic","Boise"
"15","7698.45","274.35","2017-09-17 00:00:00","1.47","139.9","0","7284.2","6095.36","1188.84","0","organic","BuffaloRochester"
"6","7723.38","538.89","2017-11-19 00:00:00","1.47","1545.36","0","5639.13","5289.74","349.39","0","organic","Columbus"
"25","17724.08","532.88","2017-07-09 00:00:00","1.47","5228.33","0","11962.87","547.4","11415.47","0","organic","Detroit"
"14","23810.69","312.15","2017-09-24 00:00:00","1.47","164.21","17.19","23317.14","23317.14","0","0","organic","HarrisburgScranton"
"40","4455.27","682.39","2017-03-26 00:00:00","1.47","192.24","10.18","3570.46","1867.31","1703.15","0","organic","Jacksonville"
"20","4136.64","16.34","2017-08-13 00:00:00","1.47","29.2","0","4091.1","4087.77","3.33","0","organic","MiamiFtLauderdale"
"48","6055.75","580.6","2017-01-29 00:00:00","1.47","63.11","0","5412.04","1900.01","3512.03","0","organic","Orlando"
"19","8511.04","990.99","2017-08-20 00:00:00","1.47","14.06","0","7505.99","7502.66","3.33","0","organic","Pittsburgh"
"41","9927.4","800.41","2017-03-19 00:00:00","1.47","22.38","0","9104.61","8530.84","573.77","0","organic","Pittsburgh"
"50","7911.58","935.06","2017-01-15 00:00:00","1.47","25.23","0","6951.29","6577.57","373.72","0","organic","Pittsburgh"
"5","32304.55","1191.41","2017-11-26 00:00:00","1.47","5754.51","3.4","25355.23","1640.51","23642.86","71.86","organic","Portland"
"3","7802.12","124.73","2017-12-10 00:00:00","1.47","1438.67","0","6238.72","5375.63","863.09","0","organic","Roanoke"
"1","126306.81","22484.56","2017-12-24 00:00:00","1.47","3829","0","99993.25","97351.92","2641.33","0","organic","SouthCentral"
"10","4140.95","7.3","2018-01-14 00:00:00","1.47","301.87","0","3831.78","3831.78","0","0","organic","Albany"
"4","47421.15","1626.3","2018-02-25 00:00:00","1.47","7913.27","49.45","37832.13","37822.13","10","0","organic","BaltimoreWashington"
"7","7422.15","587.11","2018-02-04 00:00:00","1.47","1186.62","0","5648.42","5453.09","195.33","0","organic","Columbus"
"0","182492.41","5140.14","2018-03-25 00:00:00","1.47","51115.63","0","125061.81","102033.82","23027.99","0","organic","GreatLakes"
"1","17815.44","791.32","2018-03-18 00:00:00","1.47","428.09","6.63","16589.4","16589.4","0","0","organic","HarrisburgScranton"
"2","20504.66","393.48","2018-03-11 00:00:00","1.47","267.87","22.22","19821.09","19811.09","10","0","organic","HarrisburgScranton"
"11","7496.04","52.94","2018-01-07 00:00:00","1.47","293.77","0","7149.33","7135.99","13.34","0","organic","MiamiFtLauderdale"
"9","7834.07","1296.15","2018-01-21 00:00:00","1.47","18.33","0","6519.59","6519.59","0","0","organic","Pittsburgh"
"6","14289.52","70.09","2018-02-11 00:00:00","1.47","4206.95","84.14","9928.34","8754.94","1173.4","0","organic","SouthCarolina"
"6","275248.53","24732.55","2018-02-11 00:00:00","1.47","61713.53","243","188559.45","88497.05","99810.8","251.6","organic","West"
"35","385541.99","17337.89","2015-04-26 00:00:00","1.46","249070.68","1439.55","117693.87","100776.04","16917.83","0","conventional","Philadelphia"
"33","82110.05","2099.7","2015-05-10 00:00:00","1.46","48280.34","1279.05","30450.96","23419.51","7031.45","0","conventional","Pittsburgh"
"8","58375.1","3187.14","2016-10-30 00:00:00","1.46","45898.52","54.31","9235.13","9153.12","82.01","0","conventional","Albany"
"22","98321.14","11580.64","2016-07-24 00:00:00","1.46","65195.63","13.73","21531.14","18639.29","241.85","2650","conventional","Albany"
"37","70253.3","972.15","2016-04-10 00:00:00","1.46","56128.98","38","13114.17","12671.09","443.08","0","conventional","Albany"
"22","193909.36","34250.27","2016-07-24 00:00:00","1.46","68516.18","26839.41","64303.5","57524.85","3346.43","3432.22","conventional","Charlotte"
"5","127392.78","1165.74","2016-11-20 00:00:00","1.46","82541.69","2576.45","41108.9","39610.98","1472.27","25.65","conventional","GrandRapids"
"18","299545.98","2617.98","2016-08-21 00:00:00","1.46","191018.33","223.9","105685.77","100062.77","4268","1355","conventional","HartfordSpringfield"
"19","298015.34","6429.23","2016-08-14 00:00:00","1.46","186844.14","655.42","104086.55","100492.24","2318.75","1275.56","conventional","HartfordSpringfield"
"24","292611.92","3434.74","2016-07-10 00:00:00","1.46","192338.6","700.24","96138.34","90776.29","1638.23","3723.82","conventional","HartfordSpringfield"
"29","303118.06","4757.39","2016-06-05 00:00:00","1.46","219463.03","245.51","78652.13","75889.33","577.8","2185","conventional","HartfordSpringfield"
"4","221373.99","76751.6","2016-11-27 00:00:00","1.46","48667.43","121.11","95833.85","44616.34","51217.51","0","conventional","Orlando"
"5","239374.44","83653.63","2016-11-20 00:00:00","1.46","50316.02","91.45","105313.34","49247.51","56065.83","0","conventional","Orlando"
"27","421529.12","14408.27","2016-06-19 00:00:00","1.46","245061.91","18156.09","143902.85","132625.62","8901.2","2376.03","conventional","Philadelphia"
"23","804071.94","200748.22","2016-07-17 00:00:00","1.46","481290.68","43042.94","78990.1","77461.44","106.44","1422.22","conventional","SanFrancisco"
"0","46036.04","748.11","2016-12-25 00:00:00","1.46","29452.82","2.26","15832.85","14866.23","966.62","0","conventional","Syracuse"
"14","55922.25","2411.13","2016-09-18 00:00:00","1.46","36168.63","15.99","17326.5","17070.94","255.56","0","conventional","Syracuse"
"7","284328.38","110779.29","2016-11-06 00:00:00","1.46","67753.78","145.64","105649.67","43844.85","61804.82","0","conventional","Tampa"
"48","781538.81","81883.91","2017-01-29 00:00:00","1.46","489023.96","10828.08","199802.86","193910.98","2724.14","3167.74","conventional","BaltimoreWashington"
"16","142196.93","2860.33","2017-09-10 00:00:00","1.46","66980.46","31.37","72324.77","63253.04","6368.4","2703.33","conventional","BuffaloRochester"
"27","115902.44","1954.58","2017-06-25 00:00:00","1.46","77254.88","59.58","36633.4","32337.84","945.56","3350","conventional","BuffaloRochester"
"23","5188483.1","2201004.96","2017-07-23 00:00:00","1.46","1738865.16","151424.79","1097188.19","1018813.29","20424.08","57950.82","conventional","California"
"21","236484.9","4310.92","2017-08-06 00:00:00","1.46","88272.35","1301.36","142600.27","23000","119014.47","585.8","conventional","CincinnatiDayton"
"20","635905.08","148506.19","2017-08-13 00:00:00","1.46","198503.52","11830.22","277065.15","109341.45","165514.81","2208.89","conventional","Denver"
"24","642837.36","108383.89","2017-07-16 00:00:00","1.46","207831.49","14610.86","312011.12","114962.78","196568.34","480","conventional","Denver"
"36","295788.03","60299.3","2017-04-23 00:00:00","1.46","42596.28","33427.76","159464.69","144672.71","4014.98","10777","conventional","Detroit"
"34","254982.52","2037.53","2017-05-07 00:00:00","1.46","134403.02","68209.7","50332.27","30912.8","6939.54","12479.93","conventional","GrandRapids"
"15","189035.91","32973.74","2017-09-17 00:00:00","1.46","107531.22","54.93","48476.02","47545.72","763.63","166.67","conventional","HarrisburgScranton"
"27","222447.25","40132.56","2017-06-25 00:00:00","1.46","121032.8","92.67","61189.22","52906.18","2108.04","6175","conventional","HarrisburgScranton"
"39","239412.64","53424.06","2017-04-02 00:00:00","1.46","110824.96","74.27","75089.35","73919.09","1170.26","0","conventional","HarrisburgScranton"
"48","292710.38","4741.29","2017-01-29 00:00:00","1.46","220159.57","3935.43","63874.09","62167.99","1025.61","680.49","conventional","HartfordSpringfield"
"30","178356.7","119654.85","2017-06-04 00:00:00","1.46","16223.79","84.55","42393.51","24682.06","16731.45","980","conventional","Jacksonville"
"37","151862.73","83664.62","2017-04-16 00:00:00","1.46","16186.11","70.75","51941.25","25862.92","25718.33","360","conventional","Jacksonville"
"22","501001.78","342501.26","2017-07-30 00:00:00","1.46","62144.33","358.81","95997.38","34817.34","55121.15","6058.89","conventional","MiamiFtLauderdale"
"11","227947.46","135384.25","2017-10-15 00:00:00","1.46","18515.33","173.04","73874.84","65362.87","8511.97","0","conventional","NewOrleansMobile"
"18","229748.3","133655.24","2017-08-27 00:00:00","1.46","27697.42","188.82","68206.82","58890.86","5129.29","4186.67","conventional","NewOrleansMobile"
"19","226946.53","128287.97","2017-08-20 00:00:00","1.46","25042.77","77.91","73537.88","61052.42","10098.8","2386.66","conventional","NewOrleansMobile"
"23","4222039.27","235858.72","2017-07-23 00:00:00","1.46","2896879.68","22482.01","1066818.86","887134.17","149980.19","29704.5","conventional","Northeast"
"37","417480.41","11163.07","2017-04-16 00:00:00","1.46","314450.49","2270.89","89595.96","45791.49","43804.47","0","conventional","NorthernNewEngland"
"22","1718325.16","669232.81","2017-07-30 00:00:00","1.46","557504.83","11639.77","479947.75","430060.41","37912.23","11975.11","conventional","Plains"
"11","211342.84","43036.52","2017-10-15 00:00:00","1.46","92849.88","1580.75","73875.69","67819.41","6056.28","0","conventional","RichmondNorfolk"
"21","471016.34","150669.55","2017-08-06 00:00:00","1.46","267998.44","1923.28","50425.07","47817.62","1200.78","1406.67","conventional","Sacramento"
"23","444230.79","148014.47","2017-07-23 00:00:00","1.46","247469.68","2242.49","46504.15","43739.04","1268.44","1496.67","conventional","Sacramento"
"23","455369.95","190512.25","2017-07-23 00:00:00","1.46","135877.1","19475.81","109504.79","101991.15","4401.18","3112.46","conventional","SanDiego"
"1","394845.19","95687.95","2017-12-24 00:00:00","1.46","123764.9","653.49","174738.85","120140.61","54232.27","365.97","conventional","Seattle"
"15","311277.81","145609.4","2017-09-17 00:00:00","1.46","70155.27","1756.44","93756.7","65724.25","27476.84","555.61","conventional","SouthCarolina"
"9","53621.45","4026.13","2017-10-29 00:00:00","1.46","30151.64","29.82","19413.86","5103.83","14310.03","0","conventional","Syracuse"
"21","312638.58","207551.11","2017-08-06 00:00:00","1.46","40584.94","88","64414.53","26777.09","32206.33","5431.11","conventional","Tampa"
"36","358385.91","224054.93","2017-04-23 00:00:00","1.46","51111.32","15.18","83204.48","56892.19","26297.01","15.28","conventional","Tampa"
"10","617912.41","416705.54","2018-01-14 00:00:00","1.46","53783.64","2713.93","144709.3","81480.75","63228.55","0","conventional","MiamiFtLauderdale"
"0","483124.53","43595.07","2018-03-25 00:00:00","1.46","365913.24","1529.8","72086.42","34546.13","36509.18","1031.11","conventional","NorthernNewEngland"
"11","818086.25","209267.23","2018-01-07 00:00:00","1.46","466935.74","2525.01","139358.27","136440.18","104.56","2813.53","conventional","SanFrancisco"
"5","468075.23","92450.89","2018-02-18 00:00:00","1.46","135317","639.03","239668.31","148877.37","90182.78","608.16","conventional","Seattle"
"45","7783.29","1449.86","2015-02-15 00:00:00","1.46","5216.4","0","1117.03","700","417.03","0","organic","Atlanta"
"3","9717.55","432.82","2015-12-06 00:00:00","1.46","4364.69","444.69","4475.35","715.2","3760.15","0","organic","BaltimoreWashington"
"13","10508.73","329.58","2015-09-27 00:00:00","1.46","9461.16","0","717.99","96.67","621.32","0","organic","CincinnatiDayton"
"29","12893.69","209.83","2015-06-07 00:00:00","1.46","11403.27","0","1280.59","985.63","294.96","0","organic","CincinnatiDayton"
"36","15386.2","374.37","2015-04-19 00:00:00","1.46","13907.82","0","1104.01","510.91","593.1","0","organic","CincinnatiDayton"
"23","4349","432.54","2015-07-19 00:00:00","1.46","2342.56","0","1573.9","26.67","1547.23","0","organic","Columbus"
"4","9412.9","5706.47","2015-11-29 00:00:00","1.46","278.7","0","3427.73","3427.73","0","0","organic","DallasFtWorth"
"5","10812.09","6189.69","2015-11-22 00:00:00","1.46","271.59","0","4350.81","4350.81","0","0","organic","DallasFtWorth"
"7","11147.93","6807.09","2015-11-08 00:00:00","1.46","441.15","0","3899.69","3899.69","0","0","organic","DallasFtWorth"
"16","12941.48","7399.01","2015-09-06 00:00:00","1.46","347","0","5195.47","5195.47","0","0","organic","DallasFtWorth"
"18","37948.74","12000.67","2015-08-23 00:00:00","1.46","6027.3","32.35","19888.42","833.33","19055.09","0","organic","Denver"
"10","2390.65","239.68","2015-10-18 00:00:00","1.46","1072.14","0","1078.83","503.33","575.5","0","organic","Indianapolis"
"40","9021.37","4449.39","2015-03-22 00:00:00","1.46","3881.75","0","690.23","690.23","0","0","organic","LasVegas"
"25","56929.52","17846.84","2015-07-05 00:00:00","1.46","30121.84","4.75","8956.09","8956.09","0","0","organic","LosAngeles"
"27","45352.7","16257.28","2015-06-21 00:00:00","1.46","20593.79","0","8501.63","8501.63","0","0","organic","LosAngeles"
"27","2344.24","18.73","2015-06-21 00:00:00","1.46","1652.88","0","672.63","224.99","447.64","0","organic","Louisville"
"35","83253.18","9169.34","2015-04-26 00:00:00","1.46","42025.26","4427.92","27630.66","18237.04","9393.62","0","organic","Midsouth"
"33","14755.15","11232.9","2015-05-10 00:00:00","1.46","1442","0","2080.25","906.67","1173.58","0","organic","PhoenixTucson"
"39","15287.62","13441.63","2015-03-29 00:00:00","1.46","1143.87","0","702.12","665.15","36.97","0","organic","PhoenixTucson"
"8","1383.12","399.03","2015-11-01 00:00:00","1.46","57.98","0","926.11","694.95","231.16","0","organic","Pittsburgh"
"22","1190.83","533.17","2015-07-26 00:00:00","1.46","38.93","0","618.73","80.85","537.88","0","organic","Pittsburgh"
"45","4508.41","57.87","2015-02-15 00:00:00","1.46","3264.82","0","1185.72","1016.67","169.05","0","organic","Roanoke"
"7","31602.66","7713.42","2015-11-08 00:00:00","1.46","14739.72","54.55","9094.97","470.08","8624.89","0","organic","Seattle"
"50","46687.01","8691.73","2015-01-11 00:00:00","1.46","33361.78","13.48","4620.02","223.33","4396.69","0","organic","Seattle"
"43","47299.44","9547.92","2015-03-01 00:00:00","1.46","20649.03","728.08","16374.41","12383.33","3991.08","0","organic","Southeast"
"14","1738.65","28.28","2015-09-20 00:00:00","1.46","0","0","1710.37","1710.37","0","0","organic","Tampa"
"51","612910.15","233286.13","2015-01-04 00:00:00","1.46","216611.2","4370.99","158641.83","115068.71","43573.12","0","organic","TotalUS"
"0","142710.36","29880.32","2015-12-27 00:00:00","1.46","48416.71","38.63","64374.7","17464.54","46910.16","0","organic","West"
"5","2310.48","0","2016-11-20 00:00:00","1.46","368.42","0","1942.06","490.46","1451.6","0","organic","Boise"
"35","2907.11","1.32","2016-04-24 00:00:00","1.46","2510.67","0","395.12","336.67","58.45","0","organic","Boise"
"48","8850.23","6.98","2016-01-24 00:00:00","1.46","616.39","0","8226.86","8226.86","0","0","organic","Boston"
"32","7832.2","30.86","2016-05-15 00:00:00","1.46","239.42","0","7561.92","5027.27","2534.65","0","organic","BuffaloRochester"
"40","172196.69","15752","2016-03-20 00:00:00","1.46","89041.95","7.6","67395.14","60109.32","7285.82","0","organic","California"
"28","25862.04","19720.9","2016-06-12 00:00:00","1.46","3959.24","29.44","2152.46","2065.9","86.56","0","organic","Denver"
"0","9541.46","1008.05","2016-12-25 00:00:00","1.46","7376.5","0","1156.91","634.1","522.81","0","organic","Detroit"
"47","10303.61","1820.34","2016-01-31 00:00:00","1.46","5379.14","0","3104.13","466.67","2637.46","0","organic","Detroit"
"46","2112.25","1353.88","2016-02-07 00:00:00","1.46","561.7","0","196.67","196.67","0","0","organic","GrandRapids"
"49","91071.06","11712.29","2016-01-17 00:00:00","1.46","60713.76","12.29","18632.72","8031.93","10600.79","0","organic","GreatLakes"
"8","28128.59","18490.37","2016-10-30 00:00:00","1.46","11.82","0","9626.4","9623.07","3.33","0","organic","Houston"
"13","4250.85","803.21","2016-09-25 00:00:00","1.46","73.13","0","3374.51","860","2514.51","0","organic","Jacksonville"
"1","77030.91","2684.3","2016-12-18 00:00:00","1.46","29491.7","1695.12","43159.79","28795.8","14363.99","0","organic","Midsouth"
"2","86740.86","2260.62","2016-12-11 00:00:00","1.46","30602.77","1559.35","52318.12","30817.33","21500.79","0","organic","Midsouth"
"5","113766.24","2098.8","2016-11-20 00:00:00","1.46","35783.89","2138.95","73744.6","37946.97","35797.63","0","organic","Midsouth"
"28","112023.04","3277.1","2016-06-12 00:00:00","1.46","51346.96","2683.28","54715.7","31064.03","23651.67","0","organic","Midsouth"
"30","110144.07","3480.08","2016-05-29 00:00:00","1.46","49135.01","2383.67","55145.31","34549.61","20595.7","0","organic","Midsouth"
"50","76440.12","2702.76","2016-01-10 00:00:00","1.46","34243.57","2813.96","36679.83","12285.03","24394.8","0","organic","Midsouth"
"39","7913.84","795.99","2016-03-27 00:00:00","1.46","4082.73","0","3035.12","1350","1685.12","0","organic","Nashville"
"45","3416.04","549.33","2016-02-14 00:00:00","1.46","0","0","2866.71","2863.38","3.33","0","organic","NewOrleansMobile"
"26","12472.06","1.3","2016-06-26 00:00:00","1.46","149.6","0","12321.16","12321.16","0","0","organic","NorthernNewEngland"
"3","5320.93","529.26","2016-12-04 00:00:00","1.46","41.71","0","4749.96","2106.67","2643.29","0","organic","Orlando"
"49","10926.61","6758.37","2016-01-17 00:00:00","1.46","1863.82","0","2304.42","2242.02","62.4","0","organic","PhoenixTucson"
"22","5495.34","657.46","2016-07-24 00:00:00","1.46","163.95","0","4673.93","4666.96","6.97","0","organic","Pittsburgh"
"3","26063.62","3404.28","2016-12-04 00:00:00","1.46","4487.52","9.9","18161.92","232.94","17928.98","0","organic","Portland"
"14","24816.08","4166.39","2016-09-18 00:00:00","1.46","3430.99","0","17218.7","9866.38","7352.32","0","organic","Portland"
"27","20841.07","2114.63","2016-06-19 00:00:00","1.46","11018.3","4.87","7703.27","7696.06","7.21","0","organic","SanDiego"
"49","12118.57","1919.4","2016-01-17 00:00:00","1.46","5839.47","0","4359.7","710.23","3649.47","0","organic","SanDiego"
"43","37727.89","800.13","2016-02-28 00:00:00","1.46","26050.81","44.6","10832.35","2036.03","8796.32","0","organic","Seattle"
"40","49153.27","15483.39","2016-03-20 00:00:00","1.46","8830.51","452.71","24386.66","21785.79","2600.87","0","organic","Southeast"
"35","4611.55","148.77","2016-04-24 00:00:00","1.46","4237.89","1.96","222.93","0","222.93","0","organic","Spokane"
"38","2724.46","0","2016-04-03 00:00:00","1.46","75.68","0","2648.78","1686.54","962.24","0","organic","Syracuse"
"51","1621.21","1.24","2016-01-03 00:00:00","1.46","72.14","0","1547.83","845.74","702.09","0","organic","Syracuse"
"31","5378.15","1261.03","2016-05-22 00:00:00","1.46","60.05","0","4057.07","4057.07","0","0","organic","Tampa"
"44","2652.11","860.22","2016-02-21 00:00:00","1.46","24.51","0","1767.38","1764.05","3.33","0","organic","Tampa"
"0","3463.85","18.12","2017-12-31 00:00:00","1.46","198.16","0","3247.57","3247.57","0","0","organic","Albany"
"33","15466.97","988.48","2017-05-14 00:00:00","1.46","7007.8","0","7470.69","239.81","7230.88","0","organic","Atlanta"
"19","8235.56","74.71","2017-08-20 00:00:00","1.46","227.91","0","7932.94","2469.77","5463.17","0","organic","BuffaloRochester"
"52","164137.04","31267.65","2017-01-01 00:00:00","1.46","65430.27","6.16","67432.96","50963.98","16468.98","0","organic","California"
"27","18586.45","235.62","2017-06-25 00:00:00","1.46","4991.16","0","13359.67","467.15","12892.52","0","organic","CincinnatiDayton"
"26","8676.42","477.25","2017-07-02 00:00:00","1.46","1907.85","0","6291.32","1828.76","4462.56","0","organic","Columbus"
"32","28683.15","5639.42","2017-05-21 00:00:00","1.46","4903.99","0","18139.74","18036.96","102.78","0","organic","DallasFtWorth"
"2","34524.05","5039.43","2017-12-17 00:00:00","1.46","435.39","42.84","29006.39","28941.3","65.09","0","organic","Denver"
"39","11266.02","576.56","2017-04-02 00:00:00","1.46","4786.73","0","5902.73","1028.7","4874.03","0","organic","Detroit"
"14","8043.21","30.76","2017-09-24 00:00:00","1.46","978.6","0","7033.85","7033.85","0","0","organic","GrandRapids"
"1","19059.5","181.5","2017-12-24 00:00:00","1.46","240","0","18638","18638","0","0","organic","HarrisburgScranton"
"2","16946.1","380.06","2017-12-17 00:00:00","1.46","287.28","5.95","16272.81","16269.48","3.33","0","organic","HarrisburgScranton"
"4","18106.96","450.89","2017-12-03 00:00:00","1.46","329.58","5.97","17320.52","17313.92","6.6","0","organic","HarrisburgScranton"
"26","109111.93","11056.28","2017-07-02 00:00:00","1.46","28190.18","0","69865.47","69737.02","128.45","0","organic","LosAngeles"
"4","5649.91","85.78","2017-12-03 00:00:00","1.46","149.33","0","5414.8","5225.55","189.25","0","organic","NewOrleansMobile"
"46","21516.41","4277.79","2017-02-12 00:00:00","1.46","8117.59","0","9121.03","9084.73","36.3","0","organic","PhoenixTucson"
"37","12066.89","649.64","2017-04-16 00:00:00","1.46","4688.25","221.16","6507.84","4128.88","2378.96","0","organic","RichmondNorfolk"
"42","14100.75","599.65","2017-03-12 00:00:00","1.46","3963.56","189.23","9348.31","8086.79","1261.52","0","organic","RichmondNorfolk"
"7","8507.88","221.24","2017-11-12 00:00:00","1.46","1429.79","0","6856.85","6829.19","27.66","0","organic","Roanoke"
"31","59377","2231.32","2017-05-28 00:00:00","1.46","12440.49","0","44705.19","335.1","44370.09","0","organic","Seattle"
"24","144301.93","31546.7","2017-07-16 00:00:00","1.46","5690.47","0","107064.76","105059.9","2004.86","0","organic","SouthCentral"
"33","142740.06","30921.33","2017-05-14 00:00:00","1.46","12795.99","0","99022.74","93390.04","5632.7","0","organic","SouthCentral"
"52","5850.8","1662.86","2017-01-01 00:00:00","1.46","413.93","0","3774.01","716.11","3057.9","0","organic","StLouis"
"0","31489.27","5372.35","2018-03-25 00:00:00","1.46","1047.92","0","25069","23054.17","2014.83","0","organic","DallasFtWorth"
"10","13651.18","221.76","2018-01-14 00:00:00","1.46","1861.23","0","11544.01","8183.14","3360.87","0","organic","Indianapolis"
"11","9885.05","205.23","2018-01-07 00:00:00","1.46","1460.83","0","8204.03","5889.7","2314.33","0","organic","Indianapolis"
"0","4173.7","8","2018-03-25 00:00:00","1.46","988.64","0","3177.06","2031.65","1145.41","0","organic","Louisville"
"9","7557.32","127.92","2018-01-21 00:00:00","1.46","285.41","0","7143.99","7143.99","0","0","organic","MiamiFtLauderdale"
"10","22637.04","6","2018-01-14 00:00:00","1.46","211.84","0","22419.2","22419.2","0","0","organic","NorthernNewEngland"
"7","35123.48","2697.49","2018-02-04 00:00:00","1.46","4591.06","0","27834.93","1185.52","26586.83","62.58","organic","Portland"
"8","14938.24","110.46","2018-01-28 00:00:00","1.46","5096.23","94.82","9636.73","8443.69","1193.04","0","organic","SouthCarolina"
"4","115509.8","2796.03","2018-02-25 00:00:00","1.46","20114.88","105.74","92493.15","85039.04","7454.11","0","organic","Southeast"
"6","103704.87","1583.44","2018-02-11 00:00:00","1.46","17086.95","134.96","84899.52","73615.54","11283.98","0","organic","Southeast"
"3","347373.17","25990.6","2018-03-04 00:00:00","1.46","71213.19","79.01","250090.37","85835.17","164087.33","167.87","organic","West"
"21","75133.1","509.94","2015-08-02 00:00:00","1.45","62035.06","741.08","11847.02","11768.52","78.5","0","conventional","Albany"
"24","127351.46","1119.38","2015-07-12 00:00:00","1.45","47294.67","4714.73","74222.68","73796.01","426.67","0","conventional","BuffaloRochester"
"41","1097737.98","22591.72","2015-03-15 00:00:00","1.45","749461.13","1923.63","323761.5","258642.39","65119.11","0","conventional","NewYork"
"25","68922.42","797.75","2015-07-05 00:00:00","1.45","35080.61","3980.63","29063.43","28845.65","217.78","0","conventional","Syracuse"
"50","42017.49","984.29","2015-01-11 00:00:00","1.45","21576.29","14.93","19441.98","19441.98","0","0","conventional","Syracuse"
"4","391257.01","4243.2","2016-11-27 00:00:00","1.45","317090.39","3069.37","66854.05","66399.33","31.11","423.61","conventional","Boston"
"14","489600.6","39970.65","2016-09-18 00:00:00","1.45","346155.69","7080.02","96394.24","96061.7","332.54","0","conventional","Boston"
"21","108088.47","1792.17","2016-07-31 00:00:00","1.45","64652.42","54.78","41589.1","40894.1","0","695","conventional","BuffaloRochester"
"17","143049.62","2477.85","2016-08-28 00:00:00","1.45","68530.49","10744.95","61296.33","54347.32","4939.34","2009.67","conventional","GrandRapids"
"0","186180","28999.77","2016-12-25 00:00:00","1.45","97383.52","1529.57","58267.14","55674.38","2560.92","31.84","conventional","HarrisburgScranton"
"14","3442454.03","409569.22","2016-09-18 00:00:00","1.45","1938470.57","17881","1076533.24","1009926.82","66387.53","218.89","conventional","Northeast"
"12","301939.19","117406.55","2016-10-02 00:00:00","1.45","66860.79","189.44","117482.41","50462.75","66632.16","387.5","conventional","Orlando"
"18","408490.7","14771.84","2016-08-21 00:00:00","1.45","215056.47","2558.5","176103.89","156783.72","17277.92","2042.25","conventional","Philadelphia"
"20","411252.23","23405.99","2016-08-07 00:00:00","1.45","189679.42","12191.16","185975.66","174613.62","8525.89","2836.15","conventional","Philadelphia"
"28","770382.05","228294.75","2016-06-12 00:00:00","1.45","418903.64","48922.15","74261.51","72937.16","1021.83","302.52","conventional","SanFrancisco"
"4","383268.86","44831.05","2016-11-27 00:00:00","1.45","120317.61","388.68","217731.52","217343.07","182.8","205.65","conventional","Seattle"
"4","265590.66","92933.81","2016-11-27 00:00:00","1.45","61345.38","41.71","111269.76","52267.61","59002.15","0","conventional","Tampa"
"11","337370.09","110106.06","2016-10-09 00:00:00","1.45","105328.06","119.9","121816.07","53843.03","67973.04","0","conventional","Tampa"
"12","323324.31","123390.79","2016-10-02 00:00:00","1.45","72977.08","250.23","126706.21","63736.85","62969.36","0","conventional","Tampa"
"1","77039.09","2811.71","2017-12-24 00:00:00","1.45","58592.23","19.06","15616.09","6863.18","8752.91","0","conventional","Albany"
"6","644740","64122","2017-11-19 00:00:00","1.45","365922","3724","210972","167489","43483","0","conventional","BaltimoreWashington"
"1","414147.94","10726.67","2017-12-24 00:00:00","1.45","312860.91","1638.5","88921.86","75107","13814.86","0","conventional","Boston"
"26","943746.5","128743.48","2017-07-02 00:00:00","1.45","534893.06","149582.02","130527.94","128738.67","327.15","1462.12","conventional","Chicago"
"37","342545.94","68514.24","2017-04-16 00:00:00","1.45","51563.48","38761.83","183706.39","165252.92","3614.14","14839.33","conventional","Detroit"
"21","167234.75","2082.16","2017-08-06 00:00:00","1.45","69687.29","45132.06","50333.24","31734.93","4280.74","14317.57","conventional","GrandRapids"
"8","191459.87","31048.2","2017-11-05 00:00:00","1.45","99317.22","76.31","61018.14","58486.25","2505.22","26.67","conventional","HarrisburgScranton"
"13","213952.02","37491.09","2017-10-01 00:00:00","1.45","115716.48","192.67","60551.78","56521.74","4030.04","0","conventional","HarrisburgScranton"
"28","151012.55","94578.34","2017-06-18 00:00:00","1.45","12992.82","90.39","43351","23346.19","16704.81","3300","conventional","Jacksonville"
"11","202735.87","57479.41","2017-10-15 00:00:00","1.45","76990.78","60.64","68205.04","44183.98","24021.06","0","conventional","LasVegas"
"19","2309865.74","1207541.43","2017-08-20 00:00:00","1.45","324882.97","99791.22","677650.12","618120.14","22264.21","37265.77","conventional","LosAngeles"
"5","53796","1858","2017-11-26 00:00:00","1.45","22808","107","29023","10221","18803","0","conventional","Louisville"
"1","506569.1","336796.77","2017-12-24 00:00:00","1.45","44094.52","4987.95","120689.86","88550.58","32139.28","0","conventional","MiamiFtLauderdale"
"5","464647","302437","2017-11-26 00:00:00","1.45","44200","1052","116959","70352","46606","0","conventional","MiamiFtLauderdale"
"31","645768.88","403556.09","2017-05-28 00:00:00","1.45","74337.63","66.26","167808.9","102591.5","65217.4","0","conventional","MiamiFtLauderdale"
"8","3492828.1","228843.35","2017-11-05 00:00:00","1.45","1955086.76","5588.32","1303309.67","1078991.73","224223.95","93.99","conventional","Northeast"
"39","422201.67","12862","2017-04-02 00:00:00","1.45","298461.59","2600.59","108277.49","36643.24","71634.25","0","conventional","NorthernNewEngland"
"7","356528","28196","2017-11-12 00:00:00","1.45","195219","203","132910","108280","24629","0","conventional","Philadelphia"
"38","268332.13","75202.56","2017-04-09 00:00:00","1.45","95458.05","6114.48","91557.04","90352.2","1204.84","0","conventional","RaleighGreensboro"
"17","115506.15","27598.89","2017-09-03 00:00:00","1.45","37446.95","91.48","50368.83","43969.06","5061.79","1337.98","conventional","Roanoke"
"5","304942","98689","2017-11-26 00:00:00","1.45","153842","1205","51206","44903","467","5836","conventional","Sacramento"
"6","331472","107079","2017-11-19 00:00:00","1.45","174514","696","49184","43875","822","4486","conventional","Sacramento"
"9","374807.93","120962.4","2017-10-29 00:00:00","1.45","209801.43","798.13","43245.97","42643.71","515.55","86.71","conventional","Sacramento"
"41","3168368.37","1643034.48","2017-03-19 00:00:00","1.45","443255.67","4278.48","1077799.74","685021.63","374167.84","18610.27","conventional","Southeast"
"42","3130784.67","1661752.06","2017-03-12 00:00:00","1.45","452054.37","4318.46","1012659.78","629441.9","373081.49","10136.39","conventional","Southeast"
"24","176564.58","77376.85","2017-07-16 00:00:00","1.45","17792.83","217.5","81177.4","66888.6","11069.59","3219.21","conventional","StLouis"
"20","78489.49","995.24","2017-08-13 00:00:00","1.45","49060","95.43","28338.82","26760.87","504.62","1073.33","conventional","Syracuse"
"25","323653.24","211134.84","2017-07-09 00:00:00","1.45","42947.5","137.48","69433.42","21337.25","37338.39","10757.78","conventional","Tampa"
"26","407584.72","258323.53","2017-07-02 00:00:00","1.45","61821.63","235.54","87204.02","23812.96","55106.06","8285","conventional","Tampa"
"6","121804.36","8183.48","2018-02-11 00:00:00","1.45","95548.47","61","18011.41","13264.91","4295.39","451.11","conventional","Albany"
"4","289607.63","13661.98","2018-02-25 00:00:00","1.45","196776.63","314.45","78854.57","68300.92","9368.09","1185.56","conventional","HartfordSpringfield"
"9","84994.86","3424.37","2018-01-21 00:00:00","1.45","55184.65","81.92","26303.92","11894.14","14409.78","0","conventional","Syracuse"
"23","3103.11","37.26","2015-07-19 00:00:00","1.45","2527.06","0","538.79","203.33","335.46","0","organic","Boise"
"2","4317.94","0","2015-12-13 00:00:00","1.45","130.62","0","4187.32","1502.72","2684.6","0","organic","BuffaloRochester"
"0","98576.63","14306.68","2015-12-27 00:00:00","1.45","50893.97","0","33375.98","29507.45","3868.53","0","organic","California"
"19","13268.55","8229.01","2015-08-16 00:00:00","1.45","694.8","0","4344.74","4334.74","10","0","organic","DallasFtWorth"
"17","25122.55","5988.79","2015-08-30 00:00:00","1.45","4070.46","24.06","15039.24","676.06","14363.18","0","organic","Denver"
"19","32252.93","10281.75","2015-08-16 00:00:00","1.45","5062.53","10.4","16898.25","661.81","16236.44","0","organic","Denver"
"23","25375.78","9846.73","2015-07-19 00:00:00","1.45","2604.75","23.09","12901.21","90","12811.21","0","organic","Denver"
"0","5828.38","79.19","2015-12-27 00:00:00","1.45","186.22","16.23","5546.74","959.63","4587.11","0","organic","HarrisburgScranton"
"29","2005.12","54.91","2015-06-07 00:00:00","1.45","941.53","0","1008.68","521.01","487.67","0","organic","Indianapolis"
"23","792.97","5.04","2015-07-19 00:00:00","1.45","1.26","0","786.67","786.67","0","0","organic","MiamiFtLauderdale"
"17","7100.18","378.58","2015-08-30 00:00:00","1.45","5319.3","0","1402.3","1074.18","328.12","0","organic","Nashville"
"36","9167.42","355.1","2015-04-19 00:00:00","1.45","6291.91","52.19","2468.22","655.55","1812.67","0","organic","Nashville"
"9","3314.76","251.07","2015-10-25 00:00:00","1.45","94.92","0","2968.77","2968.77","0","0","organic","NewOrleansMobile"
"23","2364.55","290.78","2015-07-19 00:00:00","1.45","100.55","0","1973.22","1864.52","108.7","0","organic","NewOrleansMobile"
"4","5104.74","257.73","2015-11-29 00:00:00","1.45","1325.46","5.99","3515.56","102.78","3412.78","0","organic","Philadelphia"
"10","1329.64","477.61","2015-10-18 00:00:00","1.45","37.62","0","814.41","765.02","49.39","0","organic","Pittsburgh"
"11","1366.39","447.03","2015-10-11 00:00:00","1.45","53.1","0","866.26","622.67","243.59","0","organic","Pittsburgh"
"37","3221.99","999.41","2015-04-12 00:00:00","1.45","152.15","0","2070.43","1748.33","322.1","0","organic","Pittsburgh"
"39","59406.24","9134.72","2015-03-29 00:00:00","1.45","45312.41","3.14","4955.97","3.06","4952.91","0","organic","Portland"
"42","60658.97","15501.22","2015-03-08 00:00:00","1.45","44127.27","10.85","1019.63","0","1019.63","0","organic","Portland"
"33","10480.68","2069.73","2015-05-10 00:00:00","1.45","7045.39","0","1365.56","1365.56","0","0","organic","SanDiego"
"49","44616.23","6222.73","2015-01-18 00:00:00","1.45","30224.67","7.34","8161.49","216.67","7944.82","0","organic","Seattle"
"19","62132.94","32498.91","2015-08-16 00:00:00","1.45","7976.91","0","21657.12","20726.4","930.72","0","organic","SouthCentral"
"35","872239.07","321733.2","2015-04-26 00:00:00","1.45","379382.1","6150.07","164973.7","113575.79","51397.91","0","organic","TotalUS"
"1","144120.63","30114.67","2015-12-20 00:00:00","1.45","45111.21","38.63","68856.12","12937.47","55918.65","0","organic","West"
"27","974.27","10.6","2016-06-19 00:00:00","1.45","149.57","0","814.1","814.1","0","0","organic","Albany"
"49","125541.88","16081.34","2016-01-17 00:00:00","1.45","66398.85","0","43061.69","22825.96","20235.73","0","organic","California"
"19","15193.49","780.76","2016-08-14 00:00:00","1.45","8921.36","0","5491.37","830.38","4660.99","0","organic","Detroit"
"42","8962.28","853.41","2016-03-06 00:00:00","1.45","6477.46","0","1631.41","365.65","1265.76","0","organic","Detroit"
"43","11000.16","2183.38","2016-02-28 00:00:00","1.45","7092.02","0","1724.76","290","1434.76","0","organic","Detroit"
"51","2625.6","1173.11","2016-01-03 00:00:00","1.45","1325.82","0","126.67","126.67","0","0","organic","GrandRapids"
"38","103615.27","2913.03","2016-04-03 00:00:00","1.45","73156.63","0","27545.61","9613.29","17932.32","0","organic","GreatLakes"
"47","89574.32","8791.51","2016-01-31 00:00:00","1.45","58433.15","0","22349.66","6581.99","15767.67","0","organic","GreatLakes"
"21","21414.84","15274.5","2016-07-31 00:00:00","1.45","20.85","0","6119.49","6036.16","83.33","0","organic","Houston"
"22","22178.66","17407.63","2016-07-24 00:00:00","1.45","22.74","0","4748.29","4701.62","46.67","0","organic","Houston"
"1","3202.84","110.89","2016-12-18 00:00:00","1.45","1166.65","0","1925.3","704.82","1220.48","0","organic","Indianapolis"
"11","1613.43","8.14","2016-10-09 00:00:00","1.45","35.29","0","1570","1566.67","3.33","0","organic","MiamiFtLauderdale"
"45","3336.03","1074.21","2016-02-14 00:00:00","1.45","5.16","0","2256.66","2253.33","3.33","0","organic","MiamiFtLauderdale"
"34","8547.72","715.39","2016-05-01 00:00:00","1.45","4309.09","0","3523.24","1476.65","2046.59","0","organic","Nashville"
"36","3885.61","655.5","2016-04-17 00:00:00","1.45","8.88","0","3221.23","3221.23","0","0","organic","NewOrleansMobile"
"24","14482.73","5.19","2016-07-10 00:00:00","1.45","145.3","0","14332.24","14332.24","0","0","organic","NorthernNewEngland"
"46","992.32","161.37","2016-02-07 00:00:00","1.45","191.14","0","639.81","538.85","100.96","0","organic","Pittsburgh"
"49","1219.69","454.04","2016-01-17 00:00:00","1.45","41.71","0","723.94","559.94","164","0","organic","Pittsburgh"
"38","46543.64","4227.34","2016-04-03 00:00:00","1.45","20886.24","3760.1","17669.96","5264.47","12405.49","0","organic","Plains"
"39","47440.66","6443.92","2016-03-27 00:00:00","1.45","19972.56","2998.54","18025.64","5362.6","12663.04","0","organic","Plains"
"2","19755.49","3529.3","2016-12-11 00:00:00","1.45","3218.07","6.6","13001.52","167.67","12833.85","0","organic","Portland"
"48","5064.84","114.05","2016-01-24 00:00:00","1.45","2524.5","192.46","2233.83","1789.47","444.36","0","organic","RichmondNorfolk"
"51","5094.68","110.92","2016-01-03 00:00:00","1.45","2315.25","326.87","2341.64","1223.21","1118.43","0","organic","RichmondNorfolk"
"28","18898.31","2863.86","2016-06-12 00:00:00","1.45","11757.61","3.23","4273.61","4270.02","3.59","0","organic","SanDiego"
"3","38898.52","442.32","2016-12-04 00:00:00","1.45","10207.77","15.7","28232.73","534.52","27698.21","0","organic","Seattle"
"12","35306.91","1498.12","2016-10-02 00:00:00","1.45","7937.3","9.12","25862.37","3661.9","22200.47","0","organic","Seattle"
"31","9809.46","1000.77","2016-05-22 00:00:00","1.45","2448.67","335.66","6024.36","5214.09","810.27","0","organic","SouthCarolina"
"41","6135.77","859.12","2016-03-13 00:00:00","1.45","2022.42","293","2961.23","2922.43","38.8","0","organic","SouthCarolina"
"23","71665.65","15952.32","2016-07-17 00:00:00","1.45","12582.02","1043.27","42088.04","27168.06","14919.98","0","organic","Southeast"
"41","49979.08","15658.78","2016-03-13 00:00:00","1.45","9937.59","397.83","23984.88","22968.5","1016.38","0","organic","Southeast"
"39","2927.32","59.51","2016-03-27 00:00:00","1.45","1996.63","1.92","869.26","0","869.26","0","organic","Spokane"
"22","1934.1","3.74","2016-07-24 00:00:00","1.45","159.63","0","1770.73","1393.82","376.91","0","organic","Syracuse"
"31","3696.52","0","2016-05-22 00:00:00","1.45","380.34","0","3316.18","2410.89","905.29","0","organic","Syracuse"
"32","3438.24","1.24","2016-05-15 00:00:00","1.45","162.57","0","3274.43","2427.81","846.62","0","organic","Syracuse"
"3","4668.39","306.82","2016-12-04 00:00:00","1.45","50","0","4311.57","2263.33","2048.24","0","organic","Tampa"
"27","1071066.66","166983.45","2016-06-19 00:00:00","1.45","445194.49","12052.84","446835.88","302393.63","144442.25","0","organic","TotalUS"
"28","975275.55","176286.36","2016-06-12 00:00:00","1.45","403561.49","8626.89","386800.81","279246.87","107553.94","0","organic","TotalUS"
"32","1023252.17","146037.3","2016-05-15 00:00:00","1.45","437584.52","8120.53","431509.82","309561.79","121948.03","0","organic","TotalUS"
"44","738856.92","104135.94","2016-02-21 00:00:00","1.45","281188.89","8629.03","344903.06","223281.18","121621.88","0","organic","TotalUS"
"49","13237.48","1912.6","2016-01-17 00:00:00","1.45","4779.17","25.72","6519.99","6447.25","72.74","0","organic","WestTexNewMexico"
"3","3779.98","18.04","2017-12-10 00:00:00","1.45","262.14","0","3499.8","3499.8","0","0","organic","Albany"
"43","220712.33","28613.88","2017-03-05 00:00:00","1.45","65742.41","6.34","126349.7","89588.54","36761.16","0","organic","California"
"33","28735.11","5498.44","2017-05-14 00:00:00","1.45","4103.53","0","19133.14","18976.42","156.72","0","organic","DallasFtWorth"
"0","18857.67","138.52","2017-12-31 00:00:00","1.45","209.27","0","18509.88","18504.9","4.98","0","organic","HarrisburgScranton"
"0","9437.04","200.76","2017-12-31 00:00:00","1.45","1231.56","0","8004.72","5566.32","2438.4","0","organic","Indianapolis"
"21","8573.19","132.01","2017-08-06 00:00:00","1.45","1644.3","0","6770.01","3840.62","2929.39","0","organic","Indianapolis"
"27","4520.86","0","2017-06-25 00:00:00","1.45","1490.94","0","3029.92","10","3019.92","0","organic","Louisville"
"48","1469.92","0","2017-01-29 00:00:00","1.45","938.08","0","531.84","193.33","338.51","0","organic","Louisville"
"1","5574.96","123.5","2017-12-24 00:00:00","1.45","54.36","0","5397.1","5116.66","280.44","0","organic","NewOrleansMobile"
"42","3782.27","369.23","2017-03-12 00:00:00","1.45","0","0","3413.04","2461.53","951.51","0","organic","NewOrleansMobile"
"43","4348.91","429.04","2017-03-05 00:00:00","1.45","0","0","3919.87","3487.08","432.79","0","organic","NewOrleansMobile"
"2","17033.74","7127.47","2017-12-17 00:00:00","1.45","2595.38","0","7310.89","7301.65","9.24","0","organic","PhoenixTucson"
"7","11369.3","1130.66","2017-11-12 00:00:00","1.45","17.72","0","10220.92","10217.59","3.33","0","organic","Pittsburgh"
"42","9954.06","783.84","2017-03-12 00:00:00","1.45","13.6","3.4","9153.22","8571.34","581.88","0","organic","Pittsburgh"
"45","8805.28","828.39","2017-02-19 00:00:00","1.45","3.24","0","7973.65","7456.43","517.22","0","organic","Pittsburgh"
"51","8985.72","901.71","2017-01-08 00:00:00","1.45","23.73","0","8060.28","7578.16","482.12","0","organic","Pittsburgh"
"45","25338.41","3759.62","2017-02-19 00:00:00","1.45","4219.62","26.01","17333.16","5968.69","11364.47","0","organic","Portland"
"23","17819.23","490.84","2017-07-23 00:00:00","1.45","4973.46","117.18","12237.75","11553.5","684.25","0","organic","RichmondNorfolk"
"52","15752.25","1385.18","2017-01-01 00:00:00","1.45","8618.28","0","5748.79","957.31","4791.48","0","organic","SanDiego"
"30","64141.55","2133.74","2017-06-04 00:00:00","1.45","15783.16","0","46224.65","263.33","45961.32","0","organic","Seattle"
"37","54764.06","1647.85","2017-04-16 00:00:00","1.45","14021.33","10.88","39084","502.92","38581.08","0","organic","Seattle"
"47","9116.85","488.39","2017-02-05 00:00:00","1.45","3011.86","182.42","5434.18","4162.07","1272.11","0","organic","SouthCarolina"
"50","9692.83","344.06","2017-01-15 00:00:00","1.45","3697.15","253.5","5398.12","4430.4","967.72","0","organic","SouthCarolina"
"2","116534.02","19933.3","2017-12-17 00:00:00","1.45","3375.24","0","93225.48","89571.37","3654.11","0","organic","SouthCentral"
"32","147667.8","31741.16","2017-05-21 00:00:00","1.45","14655.16","0","101271.48","96031.26","5240.22","0","organic","SouthCentral"
"29","6065.6","231.58","2017-06-11 00:00:00","1.45","1649.99","0","4184.03","54.46","4129.57","0","organic","Spokane"
"50","7588.47","1997.04","2017-01-15 00:00:00","1.45","657.61","0","4933.82","1305","3628.82","0","organic","StLouis"
"6","3574.89","61.68","2017-11-19 00:00:00","1.45","82.24","0","3430.97","1751.84","1679.13","0","organic","Syracuse"
"10","19522.15","17.87","2018-01-14 00:00:00","1.45","7132.92","241.85","12129.51","12116.18","13.33","0","organic","Charlotte"
"8","26069.14","4936.84","2018-01-28 00:00:00","1.45","476.06","0","20656.24","19613.2","1043.04","0","organic","DallasFtWorth"
"11","21286.58","4020.53","2018-01-07 00:00:00","1.45","454.86","0","16811.19","14157.14","2654.05","0","organic","DallasFtWorth"
"4","15973.44","601.22","2018-02-25 00:00:00","1.45","2864.17","0","12410.38","10325.46","2084.92","0","organic","Detroit"
"5","157146.89","4271.27","2018-02-18 00:00:00","1.45","44540.75","1.63","108112.62","98871.98","9240.64","0","organic","GreatLakes"
"7","185270.31","4670.38","2018-02-04 00:00:00","1.45","53564.29","0","126791.01","114470.1","12320.91","0","organic","GreatLakes"
"10","243959.31","5573.56","2018-01-14 00:00:00","1.45","58518.98","0","179739.93","130909.33","48830.6","0","organic","GreatLakes"
"10","23826.74","175.52","2018-01-14 00:00:00","1.45","199.52","5.07","23446.63","23446.63","0","0","organic","HarrisburgScranton"
"8","26854.2","10288.17","2018-01-28 00:00:00","1.45","114.77","0","16451.26","16394.59","56.67","0","organic","Houston"
"4","9345.93","256.43","2018-02-25 00:00:00","1.45","1278.39","0","7761.04","4655.23","3105.81","0","organic","Indianapolis"
"0","11040.51","209.54","2018-03-25 00:00:00","1.45","1106.74","0","9724.23","8756.67","967.56","0","organic","Orlando"
"5","14413.06","468.13","2018-02-18 00:00:00","1.45","3416.33","60.67","10467.93","10254.64","213.29","0","organic","RichmondNorfolk"
"0","121917.39","1929.39","2018-03-25 00:00:00","1.45","18391.86","110.05","101486.09","85313.41","16172.68","0","organic","Southeast"
"38","124145.62","969.27","2015-04-05 00:00:00","1.44","51023.86","95.69","72056.8","71408.88","597.92","50","conventional","BuffaloRochester"
"45","100207.14","1520.76","2015-02-15 00:00:00","1.44","43271.55","57.76","55357.07","55232.63","124.44","0","conventional","BuffaloRochester"
"35","1295589.61","20400.34","2015-04-26 00:00:00","1.44","932216.48","2618.1","340354.69","246376.89","93487.52","490.28","conventional","NewYork"
"32","388799.73","16905.14","2015-05-17 00:00:00","1.44","241209","1129.29","129556.3","116806.95","12725.41","23.94","conventional","Philadelphia"
"37","335389.56","15208.07","2015-04-12 00:00:00","1.44","210183.29","1217.98","108780.22","95743.68","13036.54","0","conventional","Philadelphia"
"41","331456.96","15055.12","2015-03-15 00:00:00","1.44","199103.98","1077.74","116220.12","102101.2","14118.92","0","conventional","Philadelphia"
"23","73321.36","1296.93","2015-07-19 00:00:00","1.44","43696.6","1675.99","26651.84","23700.61","2951.23","0","conventional","Pittsburgh"
"35","79976.86","1820.06","2015-04-26 00:00:00","1.44","44304.28","1309.41","32543.11","22762.11","9781","0","conventional","Pittsburgh"
"14","37045.75","775.55","2015-09-20 00:00:00","1.44","27299.15","29.82","8941.23","8492.34","448.89","0","conventional","Syracuse"
"15","43060.6","882.3","2015-09-13 00:00:00","1.44","30696.69","45.47","11436.14","10960.58","475.56","0","conventional","Syracuse"
"18","42933.81","579.09","2015-08-23 00:00:00","1.44","30616.05","77.91","11660.76","11660.76","0","0","conventional","Syracuse"
"32","69649.85","743.44","2015-05-17 00:00:00","1.44","42174.14","39.09","26693.18","26524.29","168.89","0","conventional","Syracuse"
"16","95456.26","14741.13","2016-09-04 00:00:00","1.44","64966.75","88.11","15660.27","15340.19","220.08","100","conventional","Albany"
"22","104126.3","1156.82","2016-07-24 00:00:00","1.44","63920.78","61.8","38986.9","34596.9","0","4390","conventional","BuffaloRochester"
"4","103697.69","1329.56","2016-11-27 00:00:00","1.44","62173.5","2035.91","38158.72","34494.75","3626.4","37.57","conventional","GrandRapids"
"9","203438.23","102352.79","2016-10-23 00:00:00","1.44","30817.32","245","70023.12","50403.63","15594.49","4025","conventional","NewOrleansMobile"
"28","1485642.35","19083.82","2016-06-12 00:00:00","1.44","976390.73","21103.91","469063.89","404818.7","60441.51","3803.68","conventional","NewYork"
"15","343314.74","35007.16","2016-09-11 00:00:00","1.44","237320.7","7204.93","63781.95","63234.18","537.77","10","conventional","NorthernNewEngland"
"11","267399.38","91531.9","2016-10-09 00:00:00","1.44","81061.05","129.43","94677","39055.39","55621.61","0","conventional","Orlando"
"28","426671.94","14257.58","2016-06-12 00:00:00","1.44","236401.63","16971.2","159041.53","143582.1","12724.43","2735","conventional","Philadelphia"
"29","450346.65","15486.18","2016-06-05 00:00:00","1.44","264044.5","17989.98","152825.99","137882.92","14692.24","250.83","conventional","Philadelphia"
"27","800921.02","210315.55","2016-06-19 00:00:00","1.44","459979.37","43427.34","87198.76","85053.17","1080.31","1065.28","conventional","SanFrancisco"
"7","2590997.85","1086704.1","2016-11-06 00:00:00","1.44","508906.52","14547.51","980839.72","432321.09","547443.91","1074.72","conventional","Southeast"
"8","2502552.63","1006135.26","2016-10-30 00:00:00","1.44","517368.07","14441.46","964607.84","416179.29","545707.16","2721.39","conventional","Southeast"
"18","58497.96","2904.27","2016-08-21 00:00:00","1.44","37191.51","19.23","18382.95","17427.95","0","955","conventional","Syracuse"
"7","22534698.38","7804252.91","2016-11-06 00:00:00","1.44","7126936.31","505349.44","7098159.72","5245066.66","1812174.32","40918.74","conventional","TotalUS"
"2","628735.17","67126.05","2017-12-17 00:00:00","1.44","369810.83","2933.76","188864.53","177981.17","10883.36","0","conventional","BaltimoreWashington"
"5","54681","28307","2017-11-26 00:00:00","1.44","1707","5116","19551","14540","4914","96","conventional","Boise"
"9","68520.83","33724.32","2017-10-29 00:00:00","1.44","2180.13","4757.31","27859.07","22077.2","5728.7","53.17","conventional","Boise"
"7","190445","53681","2017-11-12 00:00:00","1.44","65657","4551","66556","62017","4539","0","conventional","Charlotte"
"27","868770.67","132426.14","2017-06-25 00:00:00","1.44","473567.46","139914.23","122862.84","119020.04","764.05","3078.75","conventional","Chicago"
"42","238211.13","73391.3","2017-03-12 00:00:00","1.44","40214.51","26073.5","98531.82","80639.8","5789.02","12103","conventional","Detroit"
"19","3378088.25","666458.42","2017-08-20 00:00:00","1.44","1089386.32","263855.97","1358387.54","890685.77","410469.94","57231.83","conventional","GreatLakes"
"22","3127451.33","628374.02","2017-07-30 00:00:00","1.44","1159890.3","265494.92","1073692.09","685116.12","335733.79","52842.18","conventional","GreatLakes"
"14","209982.19","36336.43","2017-09-24 00:00:00","1.44","122032.96","70.71","51542.09","50219.51","1319.25","3.33","conventional","HarrisburgScranton"
"50","251547.43","47536.54","2017-01-15 00:00:00","1.44","126095.12","791.62","77124.15","75330.56","1793.59","0","conventional","HarrisburgScranton"
"2","228292.45","6271.96","2017-12-17 00:00:00","1.44","160129.76","112.41","61778.32","56644.7","5133.62","0","conventional","HartfordSpringfield"
"21","148237.94","82275.37","2017-08-06 00:00:00","1.44","12280.16","43.1","53639.31","22133.61","29292.37","2213.33","conventional","Jacksonville"
"23","172994.22","101545.19","2017-07-23 00:00:00","1.44","14942.73","55.78","56450.52","23710.96","29831.78","2907.78","conventional","Jacksonville"
"32","155818.85","86716.2","2017-05-21 00:00:00","1.44","14543.35","99.54","54459.76","25647.12","28151.81","660.83","conventional","Jacksonville"
"24","87217.2","3058.87","2017-07-16 00:00:00","1.44","41177.44","211.13","42769.76","15204.43","26375.34","1189.99","conventional","Louisville"
"26","627569.42","419259.34","2017-07-02 00:00:00","1.44","76464.05","418.31","131427.72","49954.72","72199.67","9273.33","conventional","MiamiFtLauderdale"
"52","940983.17","10498.68","2017-01-01 00:00:00","1.44","668183.16","22804.6","239496.73","208504.55","30684.59","307.59","conventional","NewYork"
"20","363916.69","227667.4","2017-08-13 00:00:00","1.44","38433.45","166.56","97649.28","41567.72","47374.89","8706.67","conventional","Orlando"
"36","345971.78","220178.28","2017-04-23 00:00:00","1.44","41901.19","58.86","83833.45","57365.77","26467.68","0","conventional","Orlando"
"50","435740.48","16847.12","2017-01-15 00:00:00","1.44","282239.77","8983.4","127670.19","118443.27","9006.12","220.8","conventional","Philadelphia"
"35","309256.66","87512.66","2017-04-30 00:00:00","1.44","108724.01","6537.73","106482.26","102811.33","3670.93","0","conventional","RaleighGreensboro"
"37","288117.21","78077.16","2017-04-16 00:00:00","1.44","102376.32","6206.54","101457.19","100591.02","866.17","0","conventional","RaleighGreensboro"
"15","200632.61","44304.44","2017-09-17 00:00:00","1.44","81995.44","1367.96","72964.77","70410.57","2293.63","260.57","conventional","RichmondNorfolk"
"17","208006.98","47932.32","2017-09-03 00:00:00","1.44","81520.05","1786.45","76768.16","73080.19","2370.44","1317.53","conventional","RichmondNorfolk"
"20","455886.37","142234.49","2017-08-13 00:00:00","1.44","263667.14","3221.43","46763.31","43675.73","1227.58","1860","conventional","Sacramento"
"25","505422.37","174813.37","2017-07-09 00:00:00","1.44","267561.36","13473.26","49574.38","46835.01","669.37","2070","conventional","Sacramento"
"17","328515.05","150242.17","2017-09-03 00:00:00","1.44","66384.2","1908.52","109980.16","79464.23","25545.93","4970","conventional","SouthCarolina"
"23","77668","17050.89","2017-07-23 00:00:00","1.44","35913.91","88.54","24614.66","13712.78","10899.63","2.25","conventional","Spokane"
"8","52028.11","3247.93","2017-11-05 00:00:00","1.44","29429.38","67.38","19283.42","7444.72","11838.7","0","conventional","Syracuse"
"22","317250.55","212489.84","2017-07-30 00:00:00","1.44","38534.38","93.74","66132.59","27042.63","34834.4","4255.56","conventional","Tampa"
"32","373821.74","224341.97","2017-05-21 00:00:00","1.44","46054.85","33","103391.92","64869.78","38515.2","6.94","conventional","Tampa"
"10","26706971.51","9607586.96","2017-10-22 00:00:00","1.44","8761192.74","409598.47","7928593.34","6074596.23","1804539.66","49457.45","conventional","TotalUS"
"0","345963.16","17715.06","2018-03-25 00:00:00","1.44","243023.15","242.2","84982.75","82409.99","1066.1","1506.66","conventional","HartfordSpringfield"
"8","441977","11731.68","2018-01-28 00:00:00","1.44","360982.52","1920.26","67342.54","31388.47","35837.4","116.67","conventional","NorthernNewEngland"
"47","7665.7","1565.49","2015-02-01 00:00:00","1.44","4210.72","0","1889.49","1133.33","756.16","0","organic","Atlanta"
"49","2973.94","8.83","2015-01-18 00:00:00","1.44","2513.36","0","451.75","143.33","308.42","0","organic","Boise"
"50","2378.68","0","2015-01-11 00:00:00","1.44","1923.4","0","455.28","170","285.28","0","organic","Boise"
"9","4010.32","577.08","2015-10-25 00:00:00","1.44","2725.99","0","707.25","468.9","238.35","0","organic","Columbus"
"51","3930.94","358.05","2015-01-04 00:00:00","1.44","2432.81","0","1140.08","444.17","695.91","0","organic","Columbus"
"20","34888.66","12490.9","2015-08-09 00:00:00","1.44","3930.9","21.94","18444.92","748.73","17696.19","0","organic","Denver"
"24","27100.8","9772.47","2015-07-12 00:00:00","1.44","3066.94","32.24","14229.15","85.12","14144.03","0","organic","Denver"
"26","30625.69","10715.21","2015-06-28 00:00:00","1.44","2929.8","33.28","16947.4","290","16657.4","0","organic","Denver"
"28","33994.64","11488.79","2015-06-14 00:00:00","1.44","4348.88","49.63","18107.34","720.65","17386.69","0","organic","Denver"
"29","30890.93","11955.6","2015-06-07 00:00:00","1.44","4701.62","48.34","14185.37","692.38","13492.99","0","organic","Denver"
"36","23563.42","6897.03","2015-04-19 00:00:00","1.44","4706.9","65.71","11893.78","683.33","11210.45","0","organic","Denver"
"39","29105.69","5455.77","2015-03-29 00:00:00","1.44","8344.01","8.64","15297.27","1693.33","13603.94","0","organic","Denver"
"45","19660.58","2347.47","2015-02-15 00:00:00","1.44","7061.55","12.76","10238.8","953.33","9285.47","0","organic","Denver"
"32","82513.95","3514.15","2015-05-17 00:00:00","1.44","57296.83","0","21702.97","8158.29","13544.68","0","organic","GreatLakes"
"7","10027.49","6028.94","2015-11-08 00:00:00","1.44","83.94","0","3914.61","3914.61","0","0","organic","Houston"
"28","10351.7","4423.81","2015-06-14 00:00:00","1.44","4826","0","1101.89","305.54","796.35","0","organic","LasVegas"
"28","42369.24","15847.77","2015-06-14 00:00:00","1.44","18470.25","22.09","8029.13","8029.13","0","0","organic","LosAngeles"
"17","2648.03","58.75","2015-08-30 00:00:00","1.44","1634.78","0","954.5","273.34","681.16","0","organic","Louisville"
"32","2132.11","2.46","2015-05-17 00:00:00","1.44","1335.83","0","793.82","458.25","335.57","0","organic","Louisville"
"6","2707.87","3.63","2015-11-15 00:00:00","1.44","1.31","0","2702.93","2696.26","6.67","0","organic","MiamiFtLauderdale"
"30","89469.59","8593.51","2015-05-31 00:00:00","1.44","46639.27","5152.23","29084.58","17885.01","11199.57","0","organic","Midsouth"
"47","72159.84","17276.51","2015-02-01 00:00:00","1.44","30751.68","4813.6","19318.05","17413.54","1904.51","0","organic","Midsouth"
"50","1492.44","233.3","2015-01-11 00:00:00","1.44","15.81","0","1243.33","1243.33","0","0","organic","NewOrleansMobile"
"7","1269.64","365.98","2015-11-08 00:00:00","1.44","42.56","0","861.1","597.2","263.9","0","organic","Pittsburgh"
"14","1513.77","668.25","2015-09-20 00:00:00","1.44","61.75","0","783.77","223.44","560.33","0","organic","Pittsburgh"
"7","4632.15","111.1","2015-11-08 00:00:00","1.44","2755.55","0","1765.5","906.67","858.83","0","organic","Roanoke"
"46","5184.57","81.91","2015-02-08 00:00:00","1.44","3221.39","0","1881.27","1583.33","297.94","0","organic","Roanoke"
"48","9707.59","4291.23","2015-01-25 00:00:00","1.44","4741.77","0","674.59","674.59","0","0","organic","Sacramento"
"44","11764.76","10994.31","2015-02-22 00:00:00","1.44","483.78","0","286.67","286.67","0","0","organic","SanDiego"
"47","40334.59","12927.15","2015-02-01 00:00:00","1.44","21460.13","35.42","5911.89","406.67","5505.22","0","organic","Seattle"
"32","5434.12","718.19","2015-05-17 00:00:00","1.44","2245.09","1424.3","1046.54","944.61","101.93","0","organic","SouthCarolina"
"42","56752.92","28363.69","2015-03-08 00:00:00","1.44","5523.96","0","22865.27","22753.34","111.93","0","organic","SouthCentral"
"49","4363.13","582.64","2015-01-18 00:00:00","1.44","3132.56","0","647.93","146.67","501.26","0","organic","Spokane"
"40","7435.68","2263.17","2016-03-20 00:00:00","1.44","2989.88","0","2182.63","613.33","1569.3","0","organic","Atlanta"
"51","5738.68","2.37","2016-01-03 00:00:00","1.44","160.11","0","5576.2","2335.92","3240.28","0","organic","BuffaloRochester"
"12","14975.64","458.81","2016-10-02 00:00:00","1.44","8070.51","0","6446.32","507.31","5939.01","0","organic","CincinnatiDayton"
"35","15395.22","460.03","2016-04-24 00:00:00","1.44","9677.47","0","5257.72","2457.02","2800.7","0","organic","CincinnatiDayton"
"49","5244.61","796.09","2016-01-17 00:00:00","1.44","3813.38","0","635.14","223.04","412.1","0","organic","Columbus"
"51","83325.98","8479.65","2016-01-03 00:00:00","1.44","56407.64","3.09","18435.6","5929.53","12506.07","0","organic","GreatLakes"
"9","3509.18","40.51","2016-10-23 00:00:00","1.44","154.23","17.03","3297.41","3297.41","0","0","organic","HarrisburgScranton"
"47","10657.65","7059.86","2016-01-31 00:00:00","1.44","63.08","0","3534.71","3528.04","6.67","0","organic","Houston"
"44","8237.96","1481.86","2016-02-21 00:00:00","1.44","3293.97","0","3462.13","2833.52","628.61","0","organic","LasVegas"
"46","3152.51","950.9","2016-02-07 00:00:00","1.44","11.61","0","2190","2186.67","3.33","0","organic","MiamiFtLauderdale"
"42","82249.97","3310.73","2016-03-06 00:00:00","1.44","48133.42","2104.76","28701.06","11159.01","17542.05","0","organic","Midsouth"
"4","5824.66","259.17","2016-11-27 00:00:00","1.44","2894.42","0","2671.07","198.34","2472.73","0","organic","Nashville"
"32","3075.57","442.01","2016-05-15 00:00:00","1.44","0","0","2633.56","2616.89","16.67","0","organic","NewOrleansMobile"
"34","5262.04","824.56","2016-05-01 00:00:00","1.44","29.24","0","4408.24","4391.57","16.67","0","organic","NewOrleansMobile"
"35","4462.14","662.35","2016-04-24 00:00:00","1.44","20.6","0","3779.19","3772.52","6.67","0","organic","NewOrleansMobile"
"43","2807.6","580.02","2016-02-28 00:00:00","1.44","3.03","0","2224.55","2224.55","0","0","organic","NewOrleansMobile"
"10","2930.31","478.48","2016-10-16 00:00:00","1.44","51.31","0","2400.52","533.33","1867.19","0","organic","Orlando"
"23","5896.38","608.4","2016-07-17 00:00:00","1.44","197.45","0","5090.53","5069.15","21.38","0","organic","Pittsburgh"
"51","911.96","291.99","2016-01-03 00:00:00","1.44","13.05","0","606.92","461.92","145","0","organic","Pittsburgh"
"40","48042.77","4101.49","2016-03-20 00:00:00","1.44","18882.56","5028.75","20029.97","6578.46","13451.51","0","organic","Plains"
"30","34897.73","2627.86","2016-05-29 00:00:00","1.44","21156.45","0","11113.42","150","10963.42","0","organic","Portland"
"51","28250.84","2016.38","2016-01-03 00:00:00","1.44","10072.33","6.69","16155.44","133.87","16021.57","0","organic","Portland"
"22","8316.29","76.6","2016-07-24 00:00:00","1.44","3877.35","585.62","3776.72","2544.01","1232.71","0","organic","RichmondNorfolk"
"25","7492.18","199.81","2016-07-03 00:00:00","1.44","4533.08","419.71","2339.58","1563.39","776.19","0","organic","RichmondNorfolk"
"30","18843.84","2154.42","2016-05-29 00:00:00","1.44","9998.92","0","6690.5","6601.22","89.28","0","organic","SanDiego"
"34","8528.01","669.32","2016-05-01 00:00:00","1.44","2362.52","282.41","5213.76","4433.86","779.9","0","organic","SouthCarolina"
"7","132275.3","39761.02","2016-11-06 00:00:00","1.44","4435.09","5.94","88073.25","83278.46","4794.79","0","organic","SouthCentral"
"3","51799.91","3464.51","2016-12-04 00:00:00","1.44","9245.68","237.32","38852.4","15786.96","23065.44","0","organic","Southeast"
"11","57606.91","10690.56","2016-10-09 00:00:00","1.44","12322.68","416","34177.67","9681.13","24496.54","0","organic","Southeast"
"31","63165.58","15850.58","2016-05-22 00:00:00","1.44","10455.82","422.78","36436.4","29566.47","6869.93","0","organic","Southeast"
"32","63876.47","14100.94","2016-05-15 00:00:00","1.44","10954.62","341.16","38479.75","32194.5","6285.25","0","organic","Southeast"
"34","57064.62","13485.35","2016-05-01 00:00:00","1.44","11528.17","382.13","31668.97","24950.21","6718.76","0","organic","Southeast"
"37","54667.44","16629.6","2016-04-10 00:00:00","1.44","11242.96","507.98","26286.9","25822.92","463.98","0","organic","Southeast"
"23","4063.4","733.1","2016-07-17 00:00:00","1.44","56.96","0","3273.34","3236.67","36.67","0","organic","Tampa"
"24","8568.93","1771.15","2016-07-10 00:00:00","1.44","195.18","0","6602.6","6592.6","10","0","organic","Tampa"
"48","3907.4","1147.09","2016-01-24 00:00:00","1.44","39.51","0","2720.8","2717.47","3.33","0","organic","Tampa"
"38","930722.39","119283.9","2016-04-03 00:00:00","1.44","371845.6","8628.68","430964.21","289504.38","141459.83","0","organic","TotalUS"
"39","900644.79","112620.05","2016-03-27 00:00:00","1.44","338194.18","7738.95","442091.61","263938.32","178153.29","0","organic","TotalUS"
"43","845011.63","110120.49","2016-02-28 00:00:00","1.44","347488.78","10423.3","376979.06","277995.45","98983.61","0","organic","TotalUS"
"46","758795.1","101408.79","2016-02-07 00:00:00","1.44","290813.54","8028.75","358544.02","210519.67","148024.35","0","organic","TotalUS"
"49","695341.42","115992.81","2016-01-17 00:00:00","1.44","266824.72","13106.29","299417.6","150719.73","148697.87","0","organic","TotalUS"
"4","3577.04","118.55","2017-12-03 00:00:00","1.44","306.55","0","3151.94","3151.94","0","0","organic","Albany"
"30","20445.39","1464.32","2017-06-04 00:00:00","1.44","5926.88","0","13054.19","2610.58","10443.61","0","organic","Atlanta"
"1","3029.24","60.22","2017-12-24 00:00:00","1.44","650.35","0","2318.67","388.73","1929.94","0","organic","Boise"
"22","10708.99","9.99","2017-07-30 00:00:00","1.44","451.17","0","10247.83","1433.47","8814.36","0","organic","BuffaloRochester"
"48","165225.54","30958.58","2017-01-29 00:00:00","1.44","65973.06","23.2","68270.7","52928.72","15341.98","0","organic","California"
"30","10383.54","726.95","2017-06-04 00:00:00","1.44","3262.43","0","6394.16","2168.35","4225.81","0","organic","Columbus"
"32","9530.25","641.47","2017-05-21 00:00:00","1.44","3255.48","0","5633.3","1630.95","4002.35","0","organic","Columbus"
"1","24924.27","4617.3","2017-12-24 00:00:00","1.44","479.07","0","19827.9","19024.19","803.71","0","organic","DallasFtWorth"
"28","26885.4","9426.95","2017-06-18 00:00:00","1.44","1997.32","0","15461.13","15370.96","90.17","0","organic","DallasFtWorth"
"26","25731.81","11850.59","2017-07-02 00:00:00","1.44","2544.28","61.31","11275.63","551.17","10724.46","0","organic","Denver"
"46","24782.08","15109.73","2017-02-12 00:00:00","1.44","2067.75","16.06","7588.54","224.16","7364.38","0","organic","Denver"
"26","19735.7","435.47","2017-07-02 00:00:00","1.44","3969.82","0","15330.41","343.28","14987.13","0","organic","Detroit"
"13","12551.82","42.11","2017-10-01 00:00:00","1.44","3419.13","0","9090.58","9090.58","0","0","organic","GrandRapids"
"52","104153.91","4104.86","2017-01-01 00:00:00","1.44","69800.29","0","30248.76","23593.03","6655.73","0","organic","GreatLakes"
"12","25995.93","236.33","2017-10-08 00:00:00","1.44","183.12","12.04","25564.44","25562.8","1.64","0","organic","HarrisburgScranton"
"5","7481.64","138.61","2017-11-26 00:00:00","1.44","1004.78","0","6296.03","5150.91","1145.12","0","organic","Indianapolis"
"24","5473.09","6.65","2017-07-16 00:00:00","1.44","14.62","0","5451.82","5448.49","3.33","0","organic","MiamiFtLauderdale"
"0","5341.14","214.92","2017-12-31 00:00:00","1.44","115.16","0","5011.06","4876.66","134.4","0","organic","NewOrleansMobile"
"5","4941.8","87.3","2017-11-26 00:00:00","1.44","65.02","0","4789.48","4548.89","240.59","0","organic","NewOrleansMobile"
"41","1517.2","83.52","2017-03-19 00:00:00","1.44","0","0","1433.68","904.02","529.66","0","organic","NewOrleansMobile"
"6","10579.74","1176.5","2017-11-19 00:00:00","1.44","31.85","0","9371.39","9371.39","0","0","organic","Pittsburgh"
"20","9150.32","833.85","2017-08-13 00:00:00","1.44","36.67","0","8279.8","8273.14","6.66","0","organic","Pittsburgh"
"1","36918.84","3151.04","2017-12-24 00:00:00","1.44","5172.61","1.67","28593.52","2146.48","26439.61","7.43","organic","Portland"
"38","52647.91","1602.38","2017-04-09 00:00:00","1.44","13738.79","4.09","37302.65","514.02","36788.63","0","organic","Seattle"
"2","13189.97","69.2","2017-12-17 00:00:00","1.44","3091.47","78.86","9950.44","9296.79","653.65","0","organic","SouthCarolina"
"49","8519.07","321.4","2017-01-22 00:00:00","1.44","3190.68","234.85","4772.14","3826.57","945.57","0","organic","SouthCarolina"
"22","4568.06","0","2017-07-30 00:00:00","1.44","136.78","0","4431.28","1060.62","3370.66","0","organic","Syracuse"
"46","6411.93","742.02","2017-02-12 00:00:00","1.44","89.76","0","5580.15","4682.59","897.56","0","organic","Tampa"
"50","975724.28","121132.79","2017-01-15 00:00:00","1.44","280287.84","8750.08","565553.57","400292.46","165261.11","0","organic","TotalUS"
"2","48044.77","1885.84","2018-03-11 00:00:00","1.44","6874.81","96.69","39187.43","39177.43","10","0","organic","BaltimoreWashington"
"5","7807.21","434.86","2018-02-18 00:00:00","1.44","1521.43","0","5850.92","5850.92","0","0","organic","Columbus"
"6","175088.87","4475.83","2018-02-11 00:00:00","1.44","46711.13","1.63","123641.16","109613.32","14027.84","0","organic","GreatLakes"
"10","7957.68","50.65","2018-01-14 00:00:00","1.44","203.7","0","7703.33","7700","3.33","0","organic","MiamiFtLauderdale"
"8","15001.51","422.41","2018-01-28 00:00:00","1.44","3934.4","93.87","10550.83","9656.85","893.98","0","organic","RichmondNorfolk"
"6","8863.94","115.82","2018-02-11 00:00:00","1.44","1767.7","0","6980.42","5962.17","1018.25","0","organic","Roanoke"
"3","16468.01","206.2","2018-03-04 00:00:00","1.44","5412.8","71.81","10777.2","9893.94","883.26","0","organic","SouthCarolina"
"9","138349.93","22596.66","2018-01-21 00:00:00","1.44","3200.09","0","112553.18","105354.48","7198.7","0","organic","SouthCentral"
"7","96702.5","1589.03","2018-02-04 00:00:00","1.44","16827.96","118.89","78166.62","72587.74","5578.88","0","organic","Southeast"
"32","109857.47","1150.55","2015-05-17 00:00:00","1.43","81955.16","94.32","26657.44","26285.43","372.01","0","conventional","Albany"
"31","121942.61","1033.76","2015-05-24 00:00:00","1.43","55018.95","103.94","65785.96","65741.52","44.44","0","conventional","BuffaloRochester"
"43","112363.86","1032.92","2015-03-01 00:00:00","1.43","41685.04","104.16","69541.74","69479.52","62.22","0","conventional","BuffaloRochester"
"42","210375.08","3253.02","2015-03-08 00:00:00","1.43","125712.73","145.3","81264.03","77718.63","3545.4","0","conventional","HartfordSpringfield"
"30","1493218.75","24958.8","2015-05-31 00:00:00","1.43","1077663.26","1368.92","389227.77","322139.9","67077.51","10.36","conventional","NewYork"
"32","1255552.68","21866.23","2015-05-17 00:00:00","1.43","871213.06","1648.45","360824.94","300933.75","59891.19","0","conventional","NewYork"
"37","1084407.8","18928.26","2015-04-12 00:00:00","1.43","764676.24","1846.37","298956.93","239070","59886.93","0","conventional","NewYork"
"30","436027.81","18200.08","2015-05-31 00:00:00","1.43","270397.51","1068.66","146361.56","130734.4","15496.02","131.14","conventional","Philadelphia"
"36","389414.29","16585.73","2015-04-19 00:00:00","1.43","242740.8","1309.62","128778.14","110321.07","18457.07","0","conventional","Philadelphia"
"38","365947.19","15897.74","2015-04-05 00:00:00","1.43","240591.74","1290.63","108167.08","94087.03","14028.66","51.39","conventional","Philadelphia"
"21","74680.7","1309.11","2015-08-02 00:00:00","1.43","42703.28","1151.93","29516.38","23664.27","5852.11","0","conventional","Pittsburgh"
"22","68936.46","1421.76","2015-07-26 00:00:00","1.43","40238.45","1088.54","26187.71","20545.66","5642.05","0","conventional","Pittsburgh"
"45","60213.79","1773.89","2015-02-15 00:00:00","1.43","32544.28","1559.04","24336.58","19783.32","4553.26","0","conventional","Pittsburgh"
"18","94882.79","14520.36","2016-08-21 00:00:00","1.43","63416.88","28.03","16917.52","15811","286.52","820","conventional","Albany"
"14","182978.3","43116.41","2016-09-18 00:00:00","1.43","54193.42","16563.91","69104.56","57456.21","11648.35","0","conventional","Charlotte"
"20","196381.45","48639.95","2016-08-07 00:00:00","1.43","64124.89","24178.25","59438.36","55636.32","3787.04","15","conventional","Charlotte"
"23","196466.9","38199.33","2016-07-17 00:00:00","1.43","69125.35","25756.96","63385.26","58481.31","3223.95","1680","conventional","Charlotte"
"5","59210.76","1429.11","2016-11-20 00:00:00","1.43","29056.73","159.32","28565.6","11694.68","16870.92","0","conventional","Louisville"
"6","478305.06","195573.25","2016-11-13 00:00:00","1.43","101415.32","255.96","181060.53","74065.08","106744.06","251.39","conventional","MiamiFtLauderdale"
"13","558552.18","251034.89","2016-09-25 00:00:00","1.43","108280.87","180.9","199055.52","80169.65","118396.98","488.89","conventional","MiamiFtLauderdale"
"0","329493.55","11217.72","2016-12-25 00:00:00","1.43","202764.73","18780.24","96730.86","91017.48","5380.08","333.3","conventional","Philadelphia"
"19","415099.81","21070.06","2016-08-14 00:00:00","1.43","201588.04","5607.24","186834.47","176028.76","9698.25","1107.46","conventional","Philadelphia"
"4","279333.62","89558.88","2016-11-27 00:00:00","1.43","150298.86","1111.91","38363.97","35372.69","716.28","2275","conventional","Sacramento"
"13","860546.65","210602.19","2016-09-25 00:00:00","1.43","549378.28","7878.79","92687.39","89785.42","1571.69","1330.28","conventional","SanFrancisco"
"15","862732.45","222298.01","2016-09-11 00:00:00","1.43","533967.64","11292.83","95173.97","94338.95","691.96","143.06","conventional","SanFrancisco"
"6","472868.46","61375.16","2016-11-13 00:00:00","1.43","152069.42","317.93","259105.95","257996.24","284.07","825.64","conventional","Seattle"
"7","446970.37","58648.4","2016-11-06 00:00:00","1.43","130208.79","528.77","257584.41","256977.65","241.61","365.15","conventional","Seattle"
"8","227993.9","99127.2","2016-10-30 00:00:00","1.43","45338.87","9096.43","74431.4","40257.91","34173.49","0","conventional","SouthCarolina"
"9","2704875.68","1086334.04","2016-10-23 00:00:00","1.43","625236.22","11469.22","981836.2","435847.7","543596.56","2391.94","conventional","Southeast"
"12","53796.49","987.21","2016-10-02 00:00:00","1.43","32211.73","37.44","20560.11","20560.11","0","0","conventional","Syracuse"
"26","84340.47","1952.47","2016-06-26 00:00:00","1.43","52517.17","13","29857.83","28352.83","0","1505","conventional","Syracuse"
"8","21009730.21","7100458.82","2016-10-30 00:00:00","1.43","6852046.35","453145.26","6604079.78","4655045.62","1882750.65","66283.51","conventional","TotalUS"
"2","70677.56","2578.95","2017-12-17 00:00:00","1.43","50811.52","79.18","17207.91","8914.13","8293.78","0","conventional","Albany"
"19","475921.53","230252.9","2017-08-20 00:00:00","1.43","49199.54","27.54","196441.55","132374.71","62509.83","1557.01","conventional","Atlanta"
"4","658939","69819","2017-12-03 00:00:00","1.43","407522","3789","177809","173143","4666","0","conventional","BaltimoreWashington"
"5","629719","59916","2017-11-26 00:00:00","1.43","377227","3440","189136","157579","31556","0","conventional","BaltimoreWashington"
"10","83842.86","49926.45","2017-10-22 00:00:00","1.43","2947.99","4055.92","26912.5","23454.01","3437.2","21.29","conventional","Boise"
"52","105349.04","1285.48","2017-01-01 00:00:00","1.43","58531.95","102.52","45429.09","45155.38","255.65","18.06","conventional","BuffaloRochester"
"21","206493.73","43174.26","2017-08-06 00:00:00","1.43","78385.61","6519.58","78414.28","71208.4","5682.54","1523.34","conventional","Charlotte"
"28","201837.88","45497.3","2017-06-18 00:00:00","1.43","78803.31","6332.43","71204.84","62169.32","3515.52","5520","conventional","Charlotte"
"10","638993.72","126273.71","2017-10-22 00:00:00","1.43","238205.63","6359.85","268154.53","96160.41","171993.01","1.11","conventional","Denver"
"21","638888.58","145450.77","2017-08-06 00:00:00","1.43","211822.19","13541.62","268074","101540.73","163807.71","2725.56","conventional","Denver"
"25","178186.11","2225.4","2017-07-09 00:00:00","1.43","71380.42","47480.65","57099.64","38785","3403.65","14910.99","conventional","GrandRapids"
"10","206115.08","30373.68","2017-10-22 00:00:00","1.43","111836.53","29.48","63875.39","62343.72","1531.67","0","conventional","HarrisburgScranton"
"20","238229.99","42116.11","2017-08-13 00:00:00","1.43","127782.88","58.29","68272.71","55944.4","9001.64","3326.67","conventional","HarrisburgScranton"
"50","284386.03","4665.17","2017-01-15 00:00:00","1.43","223678.05","7893.25","48149.56","46455.74","1319.66","374.16","conventional","HartfordSpringfield"
"22","157712.19","89089.69","2017-07-30 00:00:00","1.43","13102.88","73.61","55446.01","32147.33","21985.35","1313.33","conventional","Jacksonville"
"29","193088.4","119698.07","2017-06-11 00:00:00","1.43","15932.56","121.45","57336.32","29031.67","25729.09","2575.56","conventional","Jacksonville"
"31","181588.22","96509.06","2017-05-28 00:00:00","1.43","15848.55","115.43","69115.18","35449.21","33245.97","420","conventional","Jacksonville"
"25","550195.13","371243.58","2017-07-09 00:00:00","1.43","67379.1","239.94","111332.51","44355.87","55317.47","11659.17","conventional","MiamiFtLauderdale"
"27","539847.3","349940.7","2017-06-25 00:00:00","1.43","66569.13","127.88","123209.59","51069.12","59391.58","12748.89","conventional","MiamiFtLauderdale"
"30","3212276.31","699461.68","2017-06-04 00:00:00","1.43","1357927.08","31609.48","1123278.07","916401.72","187872.39","19003.96","conventional","Midsouth"
"37","2965083.46","618949.71","2017-04-16 00:00:00","1.43","1222427.88","31587.43","1092118.44","962599.6","125318.67","4200.17","conventional","Midsouth"
"44","3980574.14","206240.69","2017-02-26 00:00:00","1.43","2790944.02","24709.35","958680.08","851836","100143.29","6700.79","conventional","Northeast"
"41","380612.68","7926.17","2017-03-19 00:00:00","1.43","267013.2","2512.28","103161.03","45010.58","58150.45","0","conventional","NorthernNewEngland"
"2","344203.81","17554.66","2017-12-17 00:00:00","1.43","195308.13","131.09","131209.93","114735.77","16471.35","2.81","conventional","Philadelphia"
"20","1739844.71","649275.23","2017-08-13 00:00:00","1.43","609832.36","6243.42","474493.7","424441.48","35663.55","14388.67","conventional","Plains"
"21","1762012.56","675558.34","2017-08-06 00:00:00","1.43","580796.32","7231.22","498426.68","440097.5","44108.31","14220.87","conventional","Plains"
"30","303913.24","85319.88","2017-06-04 00:00:00","1.43","110335.08","7020.17","101238.11","95259.58","2878.53","3100","conventional","RaleighGreensboro"
"18","126646.81","30304.48","2017-08-27 00:00:00","1.43","35205.89","102.36","61034.08","54510.23","5540.82","983.03","conventional","Roanoke"
"6","61126","3191","2017-11-19 00:00:00","1.43","38882","55","18998","15009","3989","0","conventional","Syracuse"
"22","64459.46","1121.94","2017-07-30 00:00:00","1.43","36769.4","36.37","26531.75","25309.08","496.01","726.66","conventional","Syracuse"
"51","67353.38","1221.37","2017-01-08 00:00:00","1.43","41382.49","11.79","24737.73","24733.29","4.44","0","conventional","Syracuse"
"28","336746.96","225053.54","2017-06-18 00:00:00","1.43","42017.04","62.47","69613.91","24077.65","38791.26","6745","conventional","Tampa"
"30","418788.68","262533.92","2017-06-04 00:00:00","1.43","53444.67","15","102795.09","49481.16","51963.93","1350","conventional","Tampa"
"33","342985.7","215699.35","2017-05-14 00:00:00","1.43","42141.19","60.98","85084.18","59447.45","25620.06","16.67","conventional","Tampa"
"11","4413876.67","1523418.35","2017-10-15 00:00:00","1.43","1405450.5","49958.58","1435049.24","848946.77","584104.47","1998","conventional","West"
"5","85630.24","5499.73","2018-02-18 00:00:00","1.43","61661.76","75","18393.75","15677.67","2336.08","380","conventional","Albany"
"2","191286.89","3195.61","2018-03-11 00:00:00","1.43","75173.54","55327.24","57590.5","32676.64","8368.93","16544.93","conventional","GrandRapids"
"1","308716.16","16506.01","2018-03-18 00:00:00","1.43","218357.11","217.92","73635.12","68741.49","3282.52","1611.11","conventional","HartfordSpringfield"
"1","1564859.63","73760.49","2018-03-18 00:00:00","1.43","911098.28","612.78","579388.08","552433.16","24302.69","2652.23","conventional","NewYork"
"11","4230002.92","241291.93","2018-01-07 00:00:00","1.43","2868985.89","12579.51","1107145.59","769968.02","337149.02","28.55","conventional","Northeast"
"3","456320.3","93608.78","2018-03-04 00:00:00","1.43","135422.61","571.39","226717.52","143222.46","83237.67","257.39","conventional","Seattle"
"11","474305.15","116665.02","2018-01-07 00:00:00","1.43","133127.64","1132.42","223380.07","164408.65","58738.83","232.59","conventional","Seattle"
"46","14898.15","6050.1","2015-02-08 00:00:00","1.43","4361.21","745.2","3741.64","3739.05","2.59","0","organic","BaltimoreWashington"
"47","1780.76","0","2015-02-01 00:00:00","1.43","999.31","0","781.45","283.33","498.12","0","organic","Boise"
"0","7088.36","249.94","2015-12-27 00:00:00","1.43","5919.28","0","919.14","266.67","652.47","0","organic","CincinnatiDayton"
"33","15989.61","285.62","2015-05-10 00:00:00","1.43","11539.26","0","4164.73","663.33","3501.4","0","organic","CincinnatiDayton"
"2","12224.14","6036.65","2015-12-13 00:00:00","1.43","389.17","0","5798.32","5798.32","0","0","organic","DallasFtWorth"
"0","23728.62","9299.54","2015-12-27 00:00:00","1.43","2853.98","12.14","11562.96","330.31","11232.65","0","organic","Denver"
"16","27271.95","3820.97","2015-09-06 00:00:00","1.43","5153.61","11.45","18285.92","185.09","18100.83","0","organic","Denver"
"21","31424.93","10555.41","2015-08-02 00:00:00","1.43","2962.63","23.09","17883.8","603.94","17279.86","0","organic","Denver"
"22","28284.23","9085.94","2015-07-26 00:00:00","1.43","2619.52","21.94","16556.83","248.46","16308.37","0","organic","Denver"
"27","31954.94","9953.25","2015-06-21 00:00:00","1.43","2917.93","21.75","19062.01","740.07","18321.94","0","organic","Denver"
"30","33855.74","11232.12","2015-05-31 00:00:00","1.43","4800.39","21.27","17801.96","902.05","16899.91","0","organic","Denver"
"31","36082.44","13288.77","2015-05-24 00:00:00","1.43","5497.61","18.94","17277.12","1041.58","16235.54","0","organic","Denver"
"18","13232.79","2425.86","2015-08-23 00:00:00","1.43","7778.97","0","3027.96","289.01","2738.95","0","organic","Detroit"
"29","10804.37","5155.39","2015-06-07 00:00:00","1.43","4362.09","0","1286.89","416.28","870.61","0","organic","LasVegas"
"36","10527.86","5673.89","2015-04-19 00:00:00","1.43","3973.87","0","880.1","233.33","646.77","0","organic","LasVegas"
"39","9469.98","5071.98","2015-03-29 00:00:00","1.43","3688.02","0","709.98","687.72","22.26","0","organic","LasVegas"
"45","41524.22","33427.07","2015-02-15 00:00:00","1.43","1026.28","0","7070.87","7070.87","0","0","organic","LosAngeles"
"15","1005.8","10.92","2015-09-13 00:00:00","1.43","5.28","0","989.6","989.6","0","0","organic","MiamiFtLauderdale"
"20","7442.75","384.24","2015-08-09 00:00:00","1.43","5358.58","0","1699.93","705.98","993.95","0","organic","Nashville"
"21","8082.85","428.12","2015-08-02 00:00:00","1.43","6058.21","0","1596.52","694.27","902.25","0","organic","Nashville"
"6","1387.96","466.03","2015-11-15 00:00:00","1.43","33.94","0","887.99","360.84","527.15","0","organic","Pittsburgh"
"3","7422.92","1835.84","2015-12-06 00:00:00","1.43","4810.97","0","776.11","762.78","13.33","0","organic","Sacramento"
"2","59392.62","22665.44","2015-12-13 00:00:00","1.43","4692.95","0","32034.23","31725.74","308.49","0","organic","SouthCentral"
"34","42345.48","25704.97","2015-05-03 00:00:00","1.43","4666.48","0","11974.03","11190","784.03","0","organic","SouthCentral"
"35","61953.59","38075.34","2015-04-26 00:00:00","1.43","7687.89","0","16190.36","15665.1","525.26","0","organic","SouthCentral"
"46","5788.14","1103.65","2015-02-08 00:00:00","1.43","3973.9","1.82","708.77","223.33","485.44","0","organic","Spokane"
"15","1254.81","9.64","2015-09-13 00:00:00","1.43","5.09","0","1240.08","1240.08","0","0","organic","Tampa"
"2","624300.31","91837.92","2015-12-13 00:00:00","1.43","222314.6","11645.54","298502.25","149767.8","148734.45","0","organic","TotalUS"
"40","271984.49","94041.38","2015-03-22 00:00:00","1.43","143154.95","66.85","34721.31","3743.72","30977.59","0","organic","West"
"32","13607.51","5881.71","2015-05-10 00:00:00","1.43","4326.02","6.9","3392.88","1853.33","1539.55","0","organic","WestTexNewMexico"
"21","1553.42","29.56","2016-07-31 00:00:00","1.43","204.54","0","1319.32","1319.32","0","0","organic","Albany"
"25","3529.44","11.65","2016-07-03 00:00:00","1.43","261.39","0","3256.4","3256.4","0","0","organic","Albany"
"28","887.29","4.66","2016-06-12 00:00:00","1.43","150.28","0","732.35","732.35","0","0","organic","Albany"
"15","13016.7","1355.94","2016-09-11 00:00:00","1.43","4532.39","0","7128.37","1772.47","5355.9","0","organic","Atlanta"
"31","2779.2","0","2016-05-22 00:00:00","1.43","2320.42","0","458.78","390","68.78","0","organic","Boise"
"10","8760.34","7.59","2016-10-16 00:00:00","1.43","1123.4","0","7629.35","7624.43","4.92","0","organic","Boston"
"44","161206.07","14702.41","2016-02-21 00:00:00","1.43","81578.02","12.13","64913.51","62863.57","2049.94","0","organic","California"
"47","155319.35","17862.54","2016-01-31 00:00:00","1.43","79184.75","124.41","58147.65","44998.95","13148.7","0","organic","California"
"51","122089.29","18211.06","2016-01-03 00:00:00","1.43","66433.31","0","37444.92","30530.14","6914.78","0","organic","California"
"33","14624.46","383.03","2016-05-08 00:00:00","1.43","8838.78","0","5402.65","2905.39","2497.26","0","organic","CincinnatiDayton"
"29","9417.49","527.69","2016-06-05 00:00:00","1.43","4916.99","50.28","3922.53","698.77","3223.76","0","organic","Columbus"
"43","5181.52","451.27","2016-02-28 00:00:00","1.43","4249.41","0","480.84","239.55","241.29","0","organic","Columbus"
"43","2981.75","1212.2","2016-02-28 00:00:00","1.43","1566.22","0","203.33","203.33","0","0","organic","GrandRapids"
"9","139337.29","4248","2016-10-23 00:00:00","1.43","62788.25","0","72301.04","19601.23","52699.81","0","organic","GreatLakes"
"15","135309.51","5698.83","2016-09-11 00:00:00","1.43","68041.16","0","61569.52","16797.32","44772.2","0","organic","GreatLakes"
"7","34163.02","14208.05","2016-11-06 00:00:00","1.43","29.52","0","19925.45","19912.12","13.33","0","organic","Houston"
"9","28930.46","26196.98","2016-10-23 00:00:00","1.43","31.49","0","2701.99","2701.99","0","0","organic","Houston"
"4","3212.61","287.21","2016-11-27 00:00:00","1.43","55.43","18.87","2851.1","1016.67","1834.43","0","organic","Jacksonville"
"7","3789.61","312.69","2016-11-06 00:00:00","1.43","69.36","4.7","3402.86","650","2752.86","0","organic","Jacksonville"
"38","1682.3","4.88","2016-04-03 00:00:00","1.43","1207.03","0","470.39","103.33","367.06","0","organic","Louisville"
"13","1041.31","16.55","2016-09-25 00:00:00","1.43","20.32","0","1004.44","987.77","16.67","0","organic","MiamiFtLauderdale"
"34","4107.48","667.74","2016-05-01 00:00:00","1.43","6.41","0","3433.33","3430","3.33","0","organic","MiamiFtLauderdale"
"1","2560.46","77.12","2016-12-18 00:00:00","1.43","0","0","2483.34","1755.41","727.93","0","organic","NewOrleansMobile"
"47","3211.24","623.49","2016-01-31 00:00:00","1.43","18.16","0","2569.59","2569.59","0","0","organic","NewOrleansMobile"
"18","11826.44","2.54","2016-08-21 00:00:00","1.43","240.06","0","11583.84","11583.84","0","0","organic","NorthernNewEngland"
"27","7345.74","566.12","2016-06-19 00:00:00","1.43","211.67","11.76","6556.19","6552.46","3.73","0","organic","Pittsburgh"
"38","1015.29","99.42","2016-04-03 00:00:00","1.43","322.24","0","593.63","590.15","3.48","0","organic","Pittsburgh"
"39","5902.81","137.26","2016-03-27 00:00:00","1.43","2547.68","330.32","2887.55","2230","657.55","0","organic","RaleighGreensboro"
"19","9194.34","131.7","2016-08-14 00:00:00","1.43","3711.8","406.21","4944.63","2673.87","2270.76","0","organic","RichmondNorfolk"
"0","12022.95","715.07","2016-12-25 00:00:00","1.43","7537.57","0","3770.31","540","3230.31","0","organic","SanDiego"
"24","20997.51","2752.28","2016-07-10 00:00:00","1.43","8317.59","0","9927.64","9927.64","0","0","organic","SanDiego"
"3","5860.55","1873.62","2016-12-04 00:00:00","1.43","421.89","0","3565.04","563.33","3001.71","0","organic","StLouis"
"1","797042.27","97661.23","2016-12-18 00:00:00","1.43","248598.14","4926.76","445856.14","279458.24","166397.9","0","organic","TotalUS"
"29","1012717.93","152105.91","2016-06-05 00:00:00","1.43","410451.71","7817.11","442343.2","310881.84","131461.36","0","organic","TotalUS"
"47","772077.2","108929.21","2016-01-31 00:00:00","1.43","269687.52","5515.91","387944.56","204288.83","183655.73","0","organic","TotalUS"
"51","704100.5","124799.63","2016-01-03 00:00:00","1.43","246580.95","7749.4","324970.52","150967.35","174003.17","0","organic","TotalUS"
"25","22964.25","6310.64","2016-07-03 00:00:00","1.43","5419.26","8.52","11225.83","3343.33","7882.5","0","organic","WestTexNewMexico"
"2","3513.77","37.46","2017-12-17 00:00:00","1.43","209.3","0","3267.01","3267.01","0","0","organic","Albany"
"5","16341.09","367.39","2017-11-26 00:00:00","1.43","2814.71","0","13046.39","11436.44","1609.95","0","organic","Detroit"
"7","8507.18","37.26","2017-11-12 00:00:00","1.43","1159.39","0","7310.53","7303.86","6.67","0","organic","GrandRapids"
"23","21137.13","231.9","2017-07-23 00:00:00","1.43","221.59","23.38","20660.26","20656.93","3.33","0","organic","HarrisburgScranton"
"39","6642.01","780.86","2017-04-02 00:00:00","1.43","168.87","7.62","5684.66","3139.11","2545.55","0","organic","Jacksonville"
"23","11898.47","39.23","2017-07-23 00:00:00","1.43","3771.3","0","8087.94","3353.33","4734.61","0","organic","Nashville"
"36","7063.97","582.27","2017-04-23 00:00:00","1.43","3204.62","0","3277.08","157.88","3119.2","0","organic","Nashville"
"45","592952.35","127051.75","2017-02-19 00:00:00","1.43","363472.25","322.56","102105.79","91672.29","10433.5","0","organic","Northeast"
"8","11678.95","1191.23","2017-11-05 00:00:00","1.43","12.41","0","10475.31","10463.09","12.22","0","organic","Pittsburgh"
"9","11438.37","1095.47","2017-10-29 00:00:00","1.43","26.46","0","10316.44","10309.77","6.67","0","organic","Pittsburgh"
"10","11539.28","1240.6","2017-10-22 00:00:00","1.43","10.63","0","10288.05","10281.38","6.67","0","organic","Pittsburgh"
"15","10257.52","1124.54","2017-09-17 00:00:00","1.43","21.22","0","9111.76","9111.76","0","0","organic","Pittsburgh"
"21","10179.13","861.22","2017-08-06 00:00:00","1.43","28.71","0","9289.2","9289.2","0","0","organic","Pittsburgh"
"22","10125.12","945.2","2017-07-30 00:00:00","1.43","16.88","0","9163.04","9156.37","6.67","0","organic","Pittsburgh"
"43","6643.48","817.44","2017-03-05 00:00:00","1.43","29.79","0","5796.25","5282.48","513.77","0","organic","Pittsburgh"
"48","8952.16","940.32","2017-01-29 00:00:00","1.43","19.9","0","7991.94","7464.93","527.01","0","organic","Pittsburgh"
"2","12837.29","531.72","2017-12-17 00:00:00","1.43","2596.59","60.05","9648.93","9084.68","564.25","0","organic","RichmondNorfolk"
"48","9208.26","332.61","2017-01-29 00:00:00","1.43","3466.84","214.77","5194.04","4009.54","1184.5","0","organic","SouthCarolina"
"29","98734.76","9471.52","2017-06-11 00:00:00","1.43","17769.48","195.84","71297.92","34473.25","36824.67","0","organic","Southeast"
"48","53543.13","4423.96","2017-01-29 00:00:00","1.43","12562.99","317.33","36238.85","13961.85","22277","0","organic","Southeast"
"52","49777.56","4157.31","2017-01-01 00:00:00","1.43","9930.6","262.28","35427.37","15637.05","19790.32","0","organic","Southeast"
"15","4674.76","120.62","2017-09-17 00:00:00","1.43","66.66","0","4487.48","4247.07","240.41","0","organic","Syracuse"
"48","5251.73","263.33","2017-01-29 00:00:00","1.43","46.22","0","4942.18","2496.67","2445.51","0","organic","Tampa"
"38","1387436.32","148803.12","2017-04-09 00:00:00","1.43","362152.44","8972.11","867508.65","512721.31","354787.34","0","organic","TotalUS"
"48","953206.1","131808.29","2017-01-29 00:00:00","1.43","292584.44","3524.96","525288.41","346391.91","178896.5","0","organic","TotalUS"
"51","990721.83","117721.87","2017-01-08 00:00:00","1.43","283532.68","8697.35","580769.93","379088.19","201681.74","0","organic","TotalUS"
"5","7566.17","4314.3","2018-02-18 00:00:00","1.43","251.85","0","3000.02","3000.02","0","0","organic","Albany"
"6","3817.93","59.18","2018-02-11 00:00:00","1.43","289.85","0","3468.9","3468.9","0","0","organic","Albany"
"2","23042.99","590.29","2018-03-11 00:00:00","1.43","5224.55","0","17228.15","16438.54","789.61","0","organic","Atlanta"
"3","43300.77","2360.2","2018-03-04 00:00:00","1.43","6371.68","93.52","34475.37","34475.37","0","0","organic","BaltimoreWashington"
"8","7669.31","564.77","2018-01-28 00:00:00","1.43","1557.33","0","5547.21","4090.06","1457.15","0","organic","Columbus"
"0","20507.49","687.46","2018-03-25 00:00:00","1.43","2729.79","0","16887","13920.18","2966.82","0","organic","Detroit"
"3","18968.96","659.11","2018-03-04 00:00:00","1.43","396.33","20.94","17892.58","17889.25","3.33","0","organic","HarrisburgScranton"
"5","26996.61","3948.19","2018-02-18 00:00:00","1.43","2895.75","15.24","20137.43","20134.1","3.33","0","organic","HarrisburgScranton"
"7","27155.44","10163.94","2018-02-04 00:00:00","1.43","216.52","0","16774.98","16644.99","129.99","0","organic","Houston"
"11","2989.39","43.23","2018-01-07 00:00:00","1.43","531.48","0","2414.68","2400.05","14.63","0","organic","Jacksonville"
"3","5076.9","13.39","2018-03-04 00:00:00","1.43","1011.72","0","4051.79","1959.38","2092.41","0","organic","Louisville"
"8","7883.77","162.09","2018-01-28 00:00:00","1.43","272.81","0","7448.87","7448.87","0","0","organic","MiamiFtLauderdale"
"8","8245.33","258.61","2018-01-28 00:00:00","1.43","212.78","0","7773.94","7341.1","432.84","0","organic","NewOrleansMobile"
"11","6860","122.51","2018-01-07 00:00:00","1.43","161.19","0","6576.3","6528.88","47.42","0","organic","NewOrleansMobile"
"6","19026.47","2657.19","2018-02-11 00:00:00","1.43","2889.56","0","13479.72","13442.8","36.92","0","organic","PhoenixTucson"
"3","14173.27","397.48","2018-03-04 00:00:00","1.43","3653.91","119.44","10002.44","9479.36","523.08","0","organic","RichmondNorfolk"
"5","15443.91","145.58","2018-02-18 00:00:00","1.43","4665.8","78.05","10554.48","9900.82","653.66","0","organic","SouthCarolina"
"1","119853.94","2557.74","2018-03-18 00:00:00","1.43","20398.98","133.09","96764.13","82917.28","13846.85","0","organic","Southeast"
"34","136771.79","946.38","2015-05-03 00:00:00","1.42","50266.22","81.86","85477.33","84332.05","1102.22","43.06","conventional","BuffaloRochester"
"36","139612.52","1021.72","2015-04-19 00:00:00","1.42","52954.82","59.18","85576.8","85056.94","519.86","0","conventional","BuffaloRochester"
"37","118172.53","884.02","2015-04-12 00:00:00","1.42","45443.61","92.75","71752.15","70938.4","813.75","0","conventional","BuffaloRochester"
"36","1332514.63","20252.47","2015-04-19 00:00:00","1.42","927145.61","2366.85","382749.7","278784.54","103965.16","0","conventional","NewYork"
"19","44245.45","619.41","2015-08-16 00:00:00","1.42","32282.72","82","11261.32","11261.32","0","0","conventional","Syracuse"
"25","115907.61","8373.77","2016-07-03 00:00:00","1.42","82122.04","146.83","25264.97","21872.64","492.33","2900","conventional","Albany"
"27","112817.51","6766.63","2016-06-19 00:00:00","1.42","85374.27","30.07","20646.54","18526.59","389.95","1730","conventional","Albany"
"15","180989.26","34440.65","2016-09-11 00:00:00","1.42","59554.19","17914.48","69079.94","61214.7","7860.24","5","conventional","Charlotte"
"8","107013.58","1991.45","2016-10-30 00:00:00","1.42","80587.89","2821.22","21613.02","17160.23","4411.44","41.35","conventional","GrandRapids"
"6","197920.72","39007.12","2016-11-13 00:00:00","1.42","92584.51","127.17","66201.92","65222.61","972.64","6.67","conventional","HarrisburgScranton"
"11","219089.52","43010.81","2016-10-09 00:00:00","1.42","111487.02","218.09","64373.6","63388.04","985.56","0","conventional","HarrisburgScranton"
"2","245721.9","3321.92","2016-12-11 00:00:00","1.42","186954.78","2350.45","53094.75","51964.82","839.65","290.28","conventional","HartfordSpringfield"
"18","89949.42","1802.19","2016-08-21 00:00:00","1.42","51710.69","1003.84","35432.7","26056.23","8896.47","480","conventional","Pittsburgh"
"19","93415.78","1543.89","2016-08-14 00:00:00","1.42","52111.73","1001.96","38758.2","29043.13","8460.07","1255","conventional","Pittsburgh"
"21","94553.4","1433.04","2016-07-31 00:00:00","1.42","52790.96","943.41","39385.99","27719.86","10802.41","863.72","conventional","Pittsburgh"
"27","104127.89","2063.55","2016-06-19 00:00:00","1.42","59252.92","1172.76","41638.66","27767.25","12371.41","1500","conventional","Pittsburgh"
"8","211956.24","84333.26","2016-10-30 00:00:00","1.42","42819.12","23850.94","60952.92","59019.43","1933.49","0","conventional","RaleighGreensboro"
"22","450895.76","123359.06","2016-07-24 00:00:00","1.42","253984.19","18157.79","55394.72","55394.72","0","0","conventional","Sacramento"
"8","368056.21","52130.99","2016-10-30 00:00:00","1.42","108922.37","1018.01","205984.84","205195.57","334.46","454.81","conventional","Seattle"
"1","42029.51","770.8","2016-12-18 00:00:00","1.42","28068.62","5","13185.09","12270.19","908.23","6.67","conventional","Syracuse"
"46","97215.94","3808.43","2017-02-12 00:00:00","1.42","81070.44","175.6","12161.47","11650.91","510.56","0","conventional","Albany"
"49","826941.93","81908.85","2017-01-22 00:00:00","1.42","528125.52","22836.9","194070.66","187903.12","5693.97","473.57","conventional","BaltimoreWashington"
"6","60602","31177","2017-11-19 00:00:00","1.42","2085","5660","21681","14002","7421","258","conventional","Boise"
"14","121501.78","11991.22","2017-09-24 00:00:00","1.42","52356.55","31.2","57122.81","50015.1","7107.71","0","conventional","BuffaloRochester"
"9","233003.46","4682.7","2017-10-29 00:00:00","1.42","80070.26","505.32","147745.18","28319.17","119249.87","176.14","conventional","CincinnatiDayton"
"40","630931.96","158588.8","2017-03-26 00:00:00","1.42","150934.84","20052.83","301355.49","144528.42","156827.07","0","conventional","Denver"
"24","169837.53","2520.38","2017-07-16 00:00:00","1.42","70377.13","52300.71","44639.31","25053.61","4106.88","15478.82","conventional","GrandRapids"
"45","141775.8","1224.48","2017-02-19 00:00:00","1.42","80219.4","17743.37","42588.55","28012.65","4266.37","10309.53","conventional","GrandRapids"
"21","3357719.29","574437.85","2017-08-06 00:00:00","1.42","1199617.75","327392.03","1256271.66","832554.71","340048.81","83668.14","conventional","GreatLakes"
"40","3002195.77","474956.6","2017-03-26 00:00:00","1.42","1228379.13","223458.77","1075401.27","694807.1","327861.78","52732.39","conventional","GreatLakes"
"42","245928.12","51306.88","2017-03-12 00:00:00","1.42","126552.09","107.88","67961.27","64446.7","3514.57","0","conventional","HarrisburgScranton"
"0","245203.25","4805.09","2017-12-31 00:00:00","1.42","183945.55","178.97","56273.64","48824.63","7447.45","1.56","conventional","HartfordSpringfield"
"5","120001","65331","2017-11-26 00:00:00","1.42","7096","195","47379","26125","21030","223","conventional","Jacksonville"
"25","161864.64","98757.83","2017-07-09 00:00:00","1.42","14132.78","46.02","48928.01","28914.04","16267.58","3746.39","conventional","Jacksonville"
"7","513109","336664","2017-11-12 00:00:00","1.42","51672","1669","123105","72870","50234","0","conventional","MiamiFtLauderdale"
"16","176082.45","72427.91","2017-09-10 00:00:00","1.42","37438.94","93.89","66121.71","56903.06","7881.98","1336.67","conventional","Nashville"
"5","1210256","39943","2017-11-26 00:00:00","1.42","696301","697","473316","373479","99837","0","conventional","NewYork"
"24","331752.25","202249.93","2017-07-16 00:00:00","1.42","34024.62","218.32","95259.38","51403.05","36936.33","6920","conventional","Orlando"
"33","322189.66","203335.76","2017-05-14 00:00:00","1.42","33864.16","77.22","84912.52","60404.27","24508.25","0","conventional","Orlando"
"19","297724.56","85619.74","2017-08-20 00:00:00","1.42","98672.41","5226.02","108206.39","100691.38","3695.01","3820","conventional","RaleighGreensboro"
"42","281539.78","78536.35","2017-03-12 00:00:00","1.42","110931.62","7528.92","84542.89","83251.21","1291.68","0","conventional","RaleighGreensboro"
"10","115432.53","26729.27","2017-10-22 00:00:00","1.42","35118.27","103.84","53481.15","50154.17","3297.64","29.34","conventional","Roanoke"
"34","956829.89","212488.46","2017-05-07 00:00:00","1.42","646869.71","6803.64","90668.08","86569.82","619.37","3478.89","conventional","SanFrancisco"
"16","286146.89","127817.15","2017-09-10 00:00:00","1.42","60589.64","1332.74","96407.36","73147.07","19863.14","3397.15","conventional","SouthCarolina"
"20","3654633.49","1989685.69","2017-08-13 00:00:00","1.42","556375.02","3729.01","1104843.77","607668.91","425033","72141.86","conventional","Southeast"
"18","86969.36","24242.56","2017-08-27 00:00:00","1.42","22050.47","71.96","40604.37","34697.5","5902.35","4.52","conventional","Spokane"
"19","60657.76","796.92","2017-08-20 00:00:00","1.42","36561","19.35","23280.49","21641.1","392.72","1246.67","conventional","Syracuse"
"26","71770.39","1523.49","2017-07-02 00:00:00","1.42","47455.14","253.64","22538.12","19118.32","2184.8","1235","conventional","Syracuse"
"43","72748.04","989.63","2017-03-05 00:00:00","1.42","50667.02","9.59","21081.8","20971.87","30.76","79.17","conventional","Syracuse"
"23","349228.39","238382.27","2017-07-23 00:00:00","1.42","42528.26","135.9","68181.96","18132.57","43928.28","6121.11","conventional","Tampa"
"29","410602.09","258974.89","2017-06-11 00:00:00","1.42","51596.53","84.47","99946.2","44926.8","49924.4","5095","conventional","Tampa"
"10","95246.38","2897.41","2018-01-14 00:00:00","1.42","76570.67","44","15734.3","10012.8","5721.5","0","conventional","Albany"
"5","796515.52","92816.97","2018-02-18 00:00:00","1.42","487724.44","4694.08","211280.03","206322.72","4030.64","926.67","conventional","BaltimoreWashington"
"1","841171.24","85185.29","2018-03-18 00:00:00","1.42","435552.05","174149.72","146284.18","110035.76","34764.91","1483.51","conventional","Chicago"
"9","951648.11","110759.53","2018-01-21 00:00:00","1.42","473797.46","154585.97","212505.15","79124.15","133370.44","10.56","conventional","Chicago"
"2","314847.26","17765.06","2018-03-11 00:00:00","1.42","215834.18","183.31","81064.71","66170.41","13298.75","1595.55","conventional","HartfordSpringfield"
"5","283265.66","11150.75","2018-02-18 00:00:00","1.42","209791.73","212.96","62110.22","60822.76","386.35","901.11","conventional","HartfordSpringfield"
"10","419376.62","11067.05","2018-01-14 00:00:00","1.42","322712.21","2011.52","83585.84","29827.25","53758.59","0","conventional","NorthernNewEngland"
"2","514742.18","96728.68","2018-03-11 00:00:00","1.42","134993.6","920.6","282099.3","165320.5","116481.78","297.02","conventional","Seattle"
"32","22470.42","6094.92","2015-05-17 00:00:00","1.42","7358.76","3915.19","5101.55","5101.55","0","0","organic","BaltimoreWashington"
"34","14145.51","248.06","2015-05-03 00:00:00","1.42","11260.77","0","2636.68","680","1956.68","0","organic","CincinnatiDayton"
"25","33660.46","9786.78","2015-07-05 00:00:00","1.42","3058.6","11.49","20803.59","86.67","20716.92","0","organic","Denver"
"37","23701.5","6189.81","2015-04-12 00:00:00","1.42","4728.75","20.72","12762.22","450","12312.22","0","organic","Denver"
"38","34432.77","8696.59","2015-04-05 00:00:00","1.42","6633.32","19.54","19083.32","560","18523.32","0","organic","Denver"
"51","22480.07","3199.35","2015-01-04 00:00:00","1.42","6916.72","7.56","12356.44","1076.67","11279.77","0","organic","Denver"
"37","149583.28","3254.92","2015-04-12 00:00:00","1.42","135705.27","0","10623.09","8421.24","2201.85","0","organic","GreatLakes"
"7","48697.16","11093.6","2015-11-08 00:00:00","1.42","19386.2","0","18217.36","17164.73","1052.63","0","organic","LosAngeles"
"29","44034.76","14739.99","2015-06-07 00:00:00","1.42","19066.01","6.3","10222.46","10222.46","0","0","organic","LosAngeles"
"31","49071.35","15437.2","2015-05-24 00:00:00","1.42","24124.62","0","9509.53","9509.53","0","0","organic","LosAngeles"
"38","44984.85","16980.32","2015-04-05 00:00:00","1.42","17529.71","0","10474.82","10474.82","0","0","organic","LosAngeles"
"39","35121.94","13962.42","2015-03-29 00:00:00","1.42","12697.51","0","8462.01","8462.01","0","0","organic","LosAngeles"
"41","32656.06","25316.97","2015-03-15 00:00:00","1.42","1120.63","0","6218.46","6218.46","0","0","organic","LosAngeles"
"37","1294.45","8.84","2015-04-12 00:00:00","1.42","799.87","0","485.74","263.35","222.39","0","organic","Louisville"
"38","6849.71","92.13","2015-04-05 00:00:00","1.42","5159.16","0","1598.42","953.33","645.09","0","organic","Roanoke"
"20","79568.82","43853.21","2015-08-09 00:00:00","1.42","8143.8","0","27571.81","27327.57","244.24","0","organic","SouthCentral"
"39","60007.19","28872.83","2015-03-29 00:00:00","1.42","5897.44","0","25236.92","25143.34","93.58","0","organic","SouthCentral"
"23","1108.9","18.76","2015-07-19 00:00:00","1.42","0","0","1090.14","1090.14","0","0","organic","Tampa"
"33","861671.11","251602.18","2015-05-10 00:00:00","1.42","349907.52","6213.47","253947.94","127774.24","126173.7","0","organic","TotalUS"
"49","713120","254319.58","2015-01-18 00:00:00","1.42","311811.01","4020.85","142968.56","101850.23","41118.33","0","organic","TotalUS"
"50","669528.88","270966.74","2015-01-11 00:00:00","1.42","260971.6","3830.42","133760.12","106844.49","26915.63","0","organic","TotalUS"
"31","16514.55","7604.41","2015-05-17 00:00:00","1.42","5425.94","0","3484.2","1936.67","1547.53","0","organic","WestTexNewMexico"
"22","1811.44","23.66","2016-07-24 00:00:00","1.42","175.08","0","1612.7","1612.7","0","0","organic","Albany"
"33","9663.49","2105.61","2016-05-08 00:00:00","1.42","3559.51","0","3998.37","1348.54","2649.83","0","organic","Atlanta"
"21","2232.59","12.65","2016-07-31 00:00:00","1.42","718.35","0","1501.59","975.17","526.42","0","organic","Boise"
"39","184634.36","14744.95","2016-03-27 00:00:00","1.42","92064.48","7.58","77817.35","62300.77","15516.58","0","organic","California"
"48","11874.46","411.54","2016-01-24 00:00:00","1.42","7551.79","0","3911.13","186.67","3724.46","0","organic","CincinnatiDayton"
"42","4854.17","387.7","2016-03-06 00:00:00","1.42","3606.38","0","860.09","51.03","809.06","0","organic","Columbus"
"12","20696.52","14245.66","2016-10-02 00:00:00","1.42","441.23","0","6009.63","5673.89","335.74","0","organic","DallasFtWorth"
"37","9110.23","757.16","2016-04-10 00:00:00","1.42","6902.28","0","1450.79","743.33","707.46","0","organic","Detroit"
"32","119264.62","2617.15","2016-05-15 00:00:00","1.42","73990.73","54.29","42602.45","18199.73","24402.72","0","organic","GreatLakes"
"42","98803.23","5683.54","2016-03-06 00:00:00","1.42","77089.66","0","16030.03","6346.81","9683.22","0","organic","GreatLakes"
"1","7232.71","913.95","2016-12-18 00:00:00","1.42","2218.81","0","4099.95","4088.72","11.23","0","organic","LasVegas"
"28","14204.88","7218.45","2016-06-12 00:00:00","1.42","5873.68","0","1112.75","470.15","642.6","0","organic","LasVegas"
"32","6346.82","757.35","2016-05-15 00:00:00","1.42","34.54","0","5554.93","5548.26","6.67","0","organic","MiamiFtLauderdale"
"48","3020.48","843.92","2016-01-24 00:00:00","1.42","9.03","0","2167.53","2167.53","0","0","organic","MiamiFtLauderdale"
"45","5590.9","593.08","2016-02-14 00:00:00","1.42","2791.92","0","2205.9","1606.67","599.23","0","organic","Nashville"
"51","5741.19","939.13","2016-01-03 00:00:00","1.42","2479.3","0","2322.76","1508.21","814.55","0","organic","Nashville"
"15","3703.61","169.04","2016-09-11 00:00:00","1.42","26.08","0","3508.49","3481.82","26.67","0","organic","NewOrleansMobile"
"27","10848.56","3.88","2016-06-19 00:00:00","1.42","144.87","0","10699.81","10699.81","0","0","organic","NorthernNewEngland"
"31","1978.61","378.44","2016-05-22 00:00:00","1.42","149.65","31.59","1418.93","1418.93","0","0","organic","Pittsburgh"
"34","2119.08","139.29","2016-05-01 00:00:00","1.42","268.86","16.2","1694.73","1694.73","0","0","organic","Pittsburgh"
"26","36278.04","5889.72","2016-06-26 00:00:00","1.42","17271.7","25.16","13091.46","109.42","12982.04","0","organic","Portland"
"40","5259.38","191.84","2016-03-20 00:00:00","1.42","2696.92","326.8","2043.82","1020","1023.82","0","organic","RaleighGreensboro"
"45","14114.3","667.06","2016-02-14 00:00:00","1.42","9489.39","7.99","3949.86","670.13","3279.73","0","organic","SanDiego"
"20","15987.24","1102.24","2016-08-07 00:00:00","1.42","4761.4","703.64","9419.96","6147.56","3272.4","0","organic","SouthCarolina"
"44","3066.64","17.18","2016-02-21 00:00:00","1.42","1515.29","0","1534.17","0","1534.17","0","organic","Spokane"
"47","2705.96","49.87","2016-01-31 00:00:00","1.42","1306.09","0","1350","0","1350","0","organic","Spokane"
"50","6987.04","2159.08","2016-01-10 00:00:00","1.42","669.21","0","4158.75","926.19","3232.56","0","organic","StLouis"
"29","3058.43","0","2016-06-05 00:00:00","1.42","106.83","0","2951.6","1899.83","1051.77","0","organic","Syracuse"
"28","5150.78","1653.86","2016-06-12 00:00:00","1.42","56.92","0","3440","3390","50","0","organic","Tampa"
"2","856795.63","93027.82","2016-12-11 00:00:00","1.42","248303.87","6116.44","509347.5","293760.79","215586.71","0","organic","TotalUS"
"43","183804.74","24290.16","2016-02-28 00:00:00","1.42","78457.11","141.15","80916.32","51887.57","29028.75","0","organic","West"
"14","3627.18","56.82","2017-09-24 00:00:00","1.42","95.31","0","3475.05","3475.05","0","0","organic","Albany"
"23","4233.61","93.39","2017-07-23 00:00:00","1.42","93.39","0","4046.83","4046.83","0","0","organic","Albany"
"6","7519.34","256.84","2017-11-19 00:00:00","1.42","68.85","0","7193.65","3938.44","3255.21","0","organic","BuffaloRochester"
"7","17851.73","718.59","2017-11-12 00:00:00","1.42","2938.26","0","14154.71","13814.96","339.75","0","organic","Detroit"
"2","161673.33","4205.91","2017-12-17 00:00:00","1.42","42009.63","1.63","114913.95","96928.45","17985.5","0","organic","GreatLakes"
"3","7090.03","119.59","2017-12-10 00:00:00","1.42","1112.3","0","5846.62","3869.19","1977.43","0","organic","Indianapolis"
"4","8244.23","186.51","2017-12-03 00:00:00","1.42","1155.5","0","6891.74","5247.5","1644.24","0","organic","Indianapolis"
"6","6294.98","96.95","2017-11-19 00:00:00","1.42","999.16","0","5158.34","3917.63","1240.71","0","organic","Indianapolis"
"25","120562.92","11868.34","2017-07-09 00:00:00","1.42","28851.85","0","79842.73","79833.93","8.8","0","organic","LosAngeles"
"32","114120.43","10947.18","2017-05-21 00:00:00","1.42","30522.45","0","72650.8","72518.58","132.22","0","organic","LosAngeles"
"33","5883.23","279.85","2017-05-14 00:00:00","1.42","84.9","0","5518.48","3846.67","1671.81","0","organic","MiamiFtLauderdale"
"43","16463.74","3983.63","2017-03-05 00:00:00","1.42","4431.24","0","8048.87","7854.53","194.34","0","organic","PhoenixTucson"
"14","11807.12","1175.34","2017-09-24 00:00:00","1.42","44.45","0","10587.33","10584","3.33","0","organic","Pittsburgh"
"24","8571.31","533.67","2017-07-16 00:00:00","1.42","8.53","0","8029.11","8029.11","0","0","organic","Pittsburgh"
"3","35195.1","2456.22","2017-12-10 00:00:00","1.42","5456.26","13.45","27269.17","1496.88","25762.95","9.34","organic","Portland"
"47","6511.84","527.83","2017-02-05 00:00:00","1.42","2515.41","159.11","3309.49","2198.27","1111.22","0","organic","RichmondNorfolk"
"4","6811.91","195.13","2017-12-03 00:00:00","1.42","1573.6","0","5043.18","4785.2","257.98","0","organic","Roanoke"
"27","8870.49","253.77","2017-06-25 00:00:00","1.42","2759.2","0","5857.52","1646.75","4210.77","0","organic","Roanoke"
"43","20616.04","1137.22","2017-03-05 00:00:00","1.42","8737.49","0","10741.33","736.02","10005.31","0","organic","SanDiego"
"44","20055.23","1099.33","2017-02-26 00:00:00","1.42","10427.06","0","8528.84","3657.65","4871.19","0","organic","SanDiego"
"3","13083.41","84.05","2017-12-10 00:00:00","1.42","2990.27","70.89","9938.2","9440.67","497.53","0","organic","SouthCarolina"
"38","10153.14","1802.26","2017-04-09 00:00:00","1.42","1023.4","3.43","7324.05","1400","5924.05","0","organic","StLouis"
"7","5045.97","52.55","2017-11-12 00:00:00","1.42","115.35","0","4878.07","2912.91","1965.16","0","organic","Syracuse"
"39","1492167.41","183101.86","2017-04-02 00:00:00","1.42","430841.87","3767.76","874455.92","557296.92","317159","0","organic","TotalUS"
"6","8970.66","445.67","2018-02-11 00:00:00","1.42","1117.03","0","7407.96","7086.27","321.69","0","organic","Columbus"
"8","200318.01","4791.32","2018-01-28 00:00:00","1.42","53866.78","0","141507.43","101734.66","39772.77","0","organic","GreatLakes"
"4","18414.33","330.05","2018-02-25 00:00:00","1.42","369.57","5.01","17709.7","17706.37","3.33","0","organic","HarrisburgScranton"
"9","5509.3","259.52","2018-01-21 00:00:00","1.42","123.76","0","5126.02","5035.55","90.47","0","organic","NewOrleansMobile"
"10","7130.97","158.28","2018-01-14 00:00:00","1.42","101.58","0","6871.11","6847.77","23.34","0","organic","NewOrleansMobile"
"0","17340.49","295.16","2018-03-25 00:00:00","1.42","3478.97","81.25","13485.11","12149.49","1335.62","0","organic","RichmondNorfolk"
"4","18023.03","485.27","2018-02-25 00:00:00","1.42","3316.06","59.58","14162.12","11982.32","2179.8","0","organic","RichmondNorfolk"
"7","16666.13","132.57","2018-02-04 00:00:00","1.42","4063.83","102.86","12366.87","11819.92","546.95","0","organic","SouthCarolina"
"0","163496.7","29253.3","2018-03-25 00:00:00","1.42","5080.04","0","129163.36","109052.26","20111.1","0","organic","SouthCentral"
"5","134888.08","23406.88","2018-02-18 00:00:00","1.42","5128.16","27.46","106325.58","94331.46","11994.12","0","organic","SouthCentral"
"8","137453.79","29301.71","2018-01-28 00:00:00","1.42","4418.91","0","103733.17","98629.14","5104.03","0","organic","SouthCentral"
"10","106345.74","1053.73","2018-01-14 00:00:00","1.42","16596.47","158.66","88536.88","78949.63","9587.25","0","organic","Southeast"
"3","3061.66","395.14","2018-03-04 00:00:00","1.42","89.31","0","2577.21","721.5","1855.71","0","organic","Syracuse"
"35","136964.3","1117.56","2015-04-26 00:00:00","1.41","49556.91","106.4","86183.43","85503.15","640","40.28","conventional","BuffaloRochester"
"44","109546.92","1709.23","2015-02-22 00:00:00","1.41","45393.96","131.72","62312.01","61765.34","546.67","0","conventional","BuffaloRochester"
"38","1244324.47","20081.53","2015-04-05 00:00:00","1.41","909664.31","2011.01","312567.62","252129.98","59757.08","680.56","conventional","NewYork"
"32","85405.61","1822.43","2015-05-17 00:00:00","1.41","50365.05","1406.54","31811.59","24984.5","6827.09","0","conventional","Pittsburgh"
"4","35852.68","719.36","2015-11-29 00:00:00","1.41","21285.35","8.89","13839.08","13839.08","0","0","conventional","Syracuse"
"3","566956.23","52095.95","2016-12-04 00:00:00","1.41","345132.36","10049.72","159678.2","157703.86","1738.23","236.11","conventional","BaltimoreWashington"
"16","541671.24","23481.94","2016-09-04 00:00:00","1.41","381830.77","10225.22","126133.31","125074.64","665.06","393.61","conventional","Boston"
"0","103035.45","1197.33","2016-12-25 00:00:00","1.41","64434.59","42.09","37361.44","35701.24","1660.2","0","conventional","BuffaloRochester"
"19","114328.4","2645.81","2016-08-14 00:00:00","1.41","72836.99","71.45","38774.15","37629.15","0","1145","conventional","BuffaloRochester"
"7","114207.94","55230.85","2016-11-06 00:00:00","1.41","23397.14","1603.54","33976.41","32556.59","1419.82","0","conventional","Columbus"
"6","2348814.17","378864.27","2016-11-13 00:00:00","1.41","1003256.02","103230.89","863462.99","598773.66","264201.22","488.11","conventional","GreatLakes"
"26","329620.35","3520.61","2016-06-26 00:00:00","1.41","245341.16","263.38","80495.2","77811.88","318.32","2365","conventional","HartfordSpringfield"
"7","127895.28","43990","2016-11-06 00:00:00","1.41","21710.64","289.79","61904.85","16137.03","45767.82","0","conventional","Jacksonville"
"8","115122.47","38168.39","2016-10-30 00:00:00","1.41","20158.77","206.84","56588.47","13461.45","43127.02","0","conventional","Jacksonville"
"25","4486744.99","210728.65","2016-07-03 00:00:00","1.41","2669362.44","123210.02","1483443.88","1330833.02","82816.01","69794.85","conventional","Northeast"
"4","262748.42","11304.04","2016-11-27 00:00:00","1.41","210220.02","2392.56","38831.8","38831.8","0","0","conventional","NorthernNewEngland"
"20","457429.1","113313.11","2016-08-07 00:00:00","1.41","241098.25","5883.79","97133.95","96888.95","0","245","conventional","NorthernNewEngland"
"14","403065.41","47548.6","2016-09-18 00:00:00","1.41","167573.19","747.71","187195.91","177935.1","9260.81","0","conventional","Philadelphia"
"28","102412.83","3377.4","2016-06-12 00:00:00","1.41","56238.3","1171.89","41625.24","28750.83","11099.41","1775","conventional","Pittsburgh"
"11","1360541.39","589475.12","2016-10-09 00:00:00","1.41","416484.14","4681.14","349900.99","312195.29","30408.41","7297.29","conventional","Plains"
"6","98075.02","36639.68","2016-11-13 00:00:00","1.41","25755.75","133.09","35546.5","35306.5","240","0","conventional","Roanoke"
"25","891917.15","202576.49","2016-07-03 00:00:00","1.41","546096.5","54358.08","88886.08","86921.08","945.56","1019.44","conventional","SanFrancisco"
"41","714002.3","192002.8","2016-03-13 00:00:00","1.41","383557.6","52459.24","85982.66","85202.82","726.43","53.41","conventional","SanFrancisco"
"5","447760.4","56982.28","2016-11-20 00:00:00","1.41","128919.02","270.62","261588.48","260780.1","648.16","160.22","conventional","Seattle"
"6","255288.43","127839.06","2016-11-13 00:00:00","1.41","40770.91","8259.59","78418.87","42376.82","35957.05","85","conventional","SouthCarolina"
"15","80109.29","3986.2","2017-09-17 00:00:00","1.41","66934.64","33.59","9154.86","5289.78","3851.75","13.33","conventional","Albany"
"1","624268.68","66338.96","2017-12-24 00:00:00","1.41","363593.22","2679.6","191656.9","184571.16","7085.74","0","conventional","BaltimoreWashington"
"8","736468.07","93808.96","2017-11-05 00:00:00","1.41","458177.74","4062.15","180419.22","173551.97","6867.25","0","conventional","BaltimoreWashington"
"33","224626.96","52616.28","2017-05-14 00:00:00","1.41","77142.23","6721.88","88146.57","83151.81","4994.76","0","conventional","Charlotte"
"43","202553.07","43409.71","2017-03-05 00:00:00","1.41","87666.41","11157.19","60319.76","56436.67","3883.09","0","conventional","Charlotte"
"38","3149013.04","583906.3","2017-04-09 00:00:00","1.41","1255688.28","235145.52","1074272.94","758452.66","276698","39122.28","conventional","GreatLakes"
"39","3081036.18","504640.46","2017-04-02 00:00:00","1.41","1212295.86","224247.43","1139852.43","723374.52","380655.17","35822.74","conventional","GreatLakes"
"22","159525.4","7452.61","2017-07-30 00:00:00","1.41","74597.93","807.32","76667.54","35579.02","39457.8","1630.72","conventional","Indianapolis"
"26","189413.48","113926.84","2017-07-02 00:00:00","1.41","18894.24","122.11","56470.29","31305.74","20128.72","5035.83","conventional","Jacksonville"
"9","2661899.8","639486.72","2017-10-29 00:00:00","1.41","1075382.15","19076.52","927954.41","774152.75","153145.22","656.44","conventional","Midsouth"
"19","2865414.36","613834.15","2017-08-20 00:00:00","1.41","1140930.95","23579.86","1087069.4","904139.21","145663","37267.19","conventional","Midsouth"
"10","167135.85","97915.36","2017-10-22 00:00:00","1.41","9503.17","252.39","59464.93","49860.59","9599.22","5.12","conventional","Nashville"
"2","1181560.33","35511.18","2017-12-17 00:00:00","1.41","661369.74","601.53","484077.88","465885.99","18174.07","17.82","conventional","NewYork"
"4","1191930","42352","2017-12-03 00:00:00","1.41","652690","580","496308","466132","30177","0","conventional","NewYork"
"8","1319642.14","61830.21","2017-11-05 00:00:00","1.41","632293.37","600.5","624918.06","563910.07","60984.25","23.74","conventional","NewYork"
"5","270865","7679","2017-11-26 00:00:00","1.41","210476","1350","51360","15877","35483","0","conventional","NorthernNewEngland"
"42","397861.17","8862.88","2017-03-12 00:00:00","1.41","272805.73","2790.68","113401.88","27188.75","86213.13","0","conventional","NorthernNewEngland"
"21","326355.84","209093.43","2017-08-06 00:00:00","1.41","34123.34","147.27","82991.8","44905.73","31827.18","6258.89","conventional","Orlando"
"29","401365.48","246114.25","2017-06-11 00:00:00","1.41","41215.61","61.99","113973.63","61632.8","46130.83","6210","conventional","Orlando"
"30","400425.73","250523.79","2017-06-04 00:00:00","1.41","40813.04","48","109040.9","59333.06","48034.23","1673.61","conventional","Orlando"
"32","357405.82","225241.39","2017-05-21 00:00:00","1.41","38535.12","103.21","93526.1","60657.69","32650.35","218.06","conventional","Orlando"
"31","318497.15","85122.51","2017-05-28 00:00:00","1.41","112526.54","7817.12","113030.98","109210.63","3820.35","0","conventional","RaleighGreensboro"
"40","296660.74","68136.71","2017-03-26 00:00:00","1.41","124783.85","7118.4","96621.78","95202.32","1419.46","0","conventional","RaleighGreensboro"
"19","123267.26","28139.26","2017-08-20 00:00:00","1.41","35074.05","64.13","59989.82","52792.92","5474.94","1721.96","conventional","Roanoke"
"22","503413.12","149729.73","2017-07-30 00:00:00","1.41","306327.51","2243.53","45112.35","42049.24","1129.77","1933.34","conventional","Sacramento"
"8","787625.8","261561.33","2017-11-05 00:00:00","1.41","435912.81","3140","87011.66","84961.32","94.01","1956.33","conventional","SanFrancisco"
"18","333689.71","155801.96","2017-08-27 00:00:00","1.41","65899.22","1788.77","110199.76","78518.11","24604","7077.65","conventional","SouthCarolina"
"31","393303.27","181618.56","2017-05-28 00:00:00","1.41","78082.98","2859.86","130741.87","102225.45","23365.63","5150.79","conventional","SouthCarolina"
"40","343469.43","146122.86","2017-03-26 00:00:00","1.41","75527.35","2188.58","119630.64","91327.88","26397.76","1905","conventional","SouthCarolina"
"21","3282864.06","1799095.92","2017-08-06 00:00:00","1.41","507685.74","3572.73","972509.67","569390.19","337374.62","65744.86","conventional","Southeast"
"38","3257901.93","1813137.91","2017-04-09 00:00:00","1.41","432542.65","4014.69","1008206.68","620397.57","359415.3","28393.81","conventional","Southeast"
"9","70870.34","20428.73","2017-10-29 00:00:00","1.41","21686.72","276.93","28477.96","23106.36","5310.69","60.91","conventional","Spokane"
"18","63048.42","1316.69","2017-08-27 00:00:00","1.41","37148.13","13.23","24570.37","23840.35","433.35","296.67","conventional","Syracuse"
"31","418872.37","261273.98","2017-05-28 00:00:00","1.41","50673.15","70.52","106854.72","64058.16","42796.56","0","conventional","Tampa"
"19","29913744.37","10507928.78","2017-08-20 00:00:00","1.41","8837219.28","581074.35","9987521.96","6837126.12","2911554.48","238841.36","conventional","TotalUS"
"6","900558.38","112222.95","2018-02-11 00:00:00","1.41","545365.67","4700.52","238269.24","233808.41","4287.5","173.33","conventional","BaltimoreWashington"
"4","527274.99","19622.47","2018-02-25 00:00:00","1.41","376506.86","1796.38","129349.28","112254.26","15890.58","1204.44","conventional","Boston"
"10","182389.99","105265.46","2018-01-14 00:00:00","1.41","11039.81","332.17","65752.55","30382.8","34981.97","387.78","conventional","Jacksonville"
"10","439652.12","160896.99","2018-01-14 00:00:00","1.41","136499.29","21680.72","120575.12","113513.51","4689.39","2372.22","conventional","SanDiego"
"10","446629.55","286535.45","2018-01-14 00:00:00","1.41","36727.96","1153","122213.14","76263.43","45949.71","0","conventional","Tampa"
"48","15387.74","8097.26","2015-01-25 00:00:00","1.41","5023.48","528.36","1738.64","1738.64","0","0","organic","BaltimoreWashington"
"49","14057.45","8148.89","2015-01-18 00:00:00","1.41","4725.43","659.56","523.57","461.75","61.82","0","organic","BaltimoreWashington"
"37","3807.38","5.11","2015-04-12 00:00:00","1.41","3290.24","0","512.03","43.33","468.7","0","organic","Boise"
"1","7939.48","26.64","2015-12-20 00:00:00","1.41","511.07","61.76","7340.01","7340.01","0","0","organic","Boston"
"44","136421.88","102232.31","2015-02-22 00:00:00","1.41","25715.73","0","8473.84","8470.51","3.33","0","organic","California"
"8","12250.82","6449.72","2015-11-01 00:00:00","1.41","268.05","0","5533.05","5533.05","0","0","organic","DallasFtWorth"
"45","10958.57","7081.47","2015-02-15 00:00:00","1.41","827.1","0","3050","3050","0","0","organic","DallasFtWorth"
"15","13561.23","7965.37","2015-09-13 00:00:00","1.41","33.07","0","5562.79","5546.76","16.03","0","organic","Houston"
"34","10168.54","4718.35","2015-05-03 00:00:00","1.41","4211.52","0","1238.67","451.49","787.18","0","organic","LasVegas"
"9","48799.38","13800.24","2015-10-25 00:00:00","1.41","21060.95","0","13938.19","12992.81","945.38","0","organic","LosAngeles"
"32","43907.34","14135.17","2015-05-17 00:00:00","1.41","20351.39","0","9420.78","9420.78","0","0","organic","LosAngeles"
"36","44688.56","14352.89","2015-04-19 00:00:00","1.41","21089.41","1.52","9244.74","9244.74","0","0","organic","LosAngeles"
"51","2604.25","220.61","2015-01-04 00:00:00","1.41","23.64","0","2360","2360","0","0","organic","NewOrleansMobile"
"39","2274.19","748.72","2015-03-29 00:00:00","1.41","181.45","0","1344.02","1344.02","0","0","organic","Pittsburgh"
"22","6734.91","138.93","2015-07-26 00:00:00","1.41","4129.59","342.54","2123.85","220","1903.85","0","organic","RichmondNorfolk"
"0","4367.47","33.27","2015-12-27 00:00:00","1.41","2525.8","0","1808.4","690","1118.4","0","organic","Roanoke"
"34","10506.78","2617.84","2015-05-03 00:00:00","1.41","6294.57","0","1594.37","1594.37","0","0","organic","SanDiego"
"1","52488.05","21127.59","2015-12-20 00:00:00","1.41","3331.02","0","28029.44","24355.9","3673.54","0","organic","SouthCentral"
"30","51748.65","33589.51","2015-05-31 00:00:00","1.41","4660.68","0","13498.46","13292.86","205.6","0","organic","SouthCentral"
"32","56568.67","38624.93","2015-05-17 00:00:00","1.41","5554.48","0","12389.26","11843.79","545.47","0","organic","SouthCentral"
"44","4655.86","2067.41","2015-02-22 00:00:00","1.41","2588.45","0","0","0","0","0","organic","Spokane"
"41","236130.36","100362.24","2015-03-15 00:00:00","1.41","106186.35","69.48","29512.29","7666.67","21845.62","0","organic","West"
"4","7754.46","705.54","2016-11-27 00:00:00","1.41","2515.5","0","4533.42","510","4023.42","0","organic","Atlanta"
"42","21611.1","658.79","2016-03-06 00:00:00","1.41","10332.37","340.33","10279.61","2023.14","8256.47","0","organic","BaltimoreWashington"
"39","2565.18","19.24","2016-03-27 00:00:00","1.41","1333.95","0","1211.99","353.33","858.66","0","organic","Boise"
"41","199915.92","18235.75","2016-03-13 00:00:00","1.41","101106.75","0","80573.42","67515.24","13058.18","0","organic","California"
"30","19412.28","634.9","2016-05-29 00:00:00","1.41","11896.25","0","6881.13","622.9","6258.23","0","organic","Detroit"
"46","94983.64","9750.65","2016-02-07 00:00:00","1.41","64417.17","9.18","20806.64","6395.71","14410.93","0","organic","GreatLakes"
"8","4355.53","450.59","2016-10-30 00:00:00","1.41","133.77","3.52","3767.65","250","3517.65","0","organic","Jacksonville"
"29","14224.73","5353.51","2016-06-05 00:00:00","1.41","6571.59","0","2299.63","765.05","1534.58","0","organic","LasVegas"
"39","10187.56","3062.51","2016-03-27 00:00:00","1.41","4885.53","0","2239.52","1906.43","333.09","0","organic","LasVegas"
"46","7720.32","1466.84","2016-02-07 00:00:00","1.41","2881.87","0","3371.61","2968.56","403.05","0","organic","LasVegas"
"50","8480.1","1630.03","2016-01-10 00:00:00","1.41","3858.64","0","2991.43","2984.97","6.46","0","organic","LasVegas"
"37","1886.22","4.9","2016-04-10 00:00:00","1.41","1398.03","0","483.29","123.33","359.96","0","organic","Louisville"
"0","3918.94","82.22","2016-12-25 00:00:00","1.41","23.47","0","3813.25","3050.41","762.84","0","organic","NewOrleansMobile"
"21","5187.23","553.48","2016-07-31 00:00:00","1.41","5.7","0","4628.05","4514.72","113.33","0","organic","NewOrleansMobile"
"22","4106.49","588.36","2016-07-24 00:00:00","1.41","0","0","3518.13","3458.13","60","0","organic","NewOrleansMobile"
"46","2672.99","305.99","2016-02-07 00:00:00","1.41","0","0","2367","2367","0","0","organic","NewOrleansMobile"
"33","14187.6","6946.84","2016-05-08 00:00:00","1.41","3839.13","0","3401.63","524.29","2877.34","0","organic","PhoenixTucson"
"32","2139.33","181.27","2016-05-15 00:00:00","1.41","240.6","14.83","1702.63","1702.63","0","0","organic","Pittsburgh"
"5","31252.69","2457.09","2016-11-20 00:00:00","1.41","4595.01","6.58","24194.01","775.81","23418.2","0","organic","Portland"
"24","8691.34","190.48","2016-07-10 00:00:00","1.41","4922.65","464.29","3113.92","1823.97","1289.95","0","organic","RichmondNorfolk"
"35","8668.48","299.63","2016-04-24 00:00:00","1.41","4036.64","174.99","4157.22","3520.3","636.92","0","organic","RichmondNorfolk"
"43","4791.05","173.5","2016-02-28 00:00:00","1.41","2677.83","174.69","1765.03","1441.25","323.78","0","organic","RichmondNorfolk"
"18","9794.48","77.71","2016-08-21 00:00:00","1.41","3840.44","0","5876.33","1489.85","4386.48","0","organic","Roanoke"
"34","13056.72","1777.72","2016-05-01 00:00:00","1.41","10850.42","0","428.58","428.58","0","0","organic","Sacramento"
"51","10975.51","1991.55","2016-01-03 00:00:00","1.41","5916.03","0","3067.93","614.85","2453.08","0","organic","SanDiego"
"44","29590.91","362.25","2016-02-21 00:00:00","1.41","14316.01","34.15","14878.5","1207.09","13671.41","0","organic","Seattle"
"30","9383.7","1076.48","2016-05-29 00:00:00","1.41","2749.91","274.37","5282.94","4732.74","550.2","0","organic","SouthCarolina"
"39","7001.06","778.61","2016-03-27 00:00:00","1.41","2339.58","242.07","3640.8","3388.69","252.11","0","organic","SouthCarolina"
"9","104747.96","67813.29","2016-10-23 00:00:00","1.41","3524.97","2.98","33406.72","29443.08","3963.64","0","organic","SouthCentral"
"47","69115.72","29502.87","2016-01-31 00:00:00","1.41","4582.19","2.77","35027.89","34397.13","630.76","0","organic","SouthCentral"
"0","46895.78","3551.01","2016-12-25 00:00:00","1.41","9031.23","279.29","34034.25","18333.61","15700.64","0","organic","Southeast"
"17","68341.93","8134.62","2016-08-28 00:00:00","1.41","14259.48","625.61","45322.22","27669.13","17653.09","0","organic","Southeast"
"30","64136.98","16063.33","2016-05-29 00:00:00","1.41","11346","407.65","36320","32373.57","3946.43","0","organic","Southeast"
"33","3542.46","72.84","2016-05-08 00:00:00","1.41","2025.86","0","1443.76","0","1443.76","0","organic","Spokane"
"21","1491.19","7.47","2016-07-31 00:00:00","1.41","99.66","0","1384.06","1283.71","100.35","0","organic","Syracuse"
"30","1085152.56","137449.41","2016-05-29 00:00:00","1.41","468311.32","13698.09","465693.74","349592.45","116101.29","0","organic","TotalUS"
"48","776964.55","99316.69","2016-01-24 00:00:00","1.41","270980.88","12933.97","393733.01","204859.71","188873.3","0","organic","TotalUS"
"51","171841.15","31369.85","2016-01-03 00:00:00","1.41","51648.96","110.53","88711.81","15175.56","73536.25","0","organic","West"
"39","17528.02","2983.3","2016-03-27 00:00:00","1.41","6722.24","53.08","7769.4","7268.06","501.34","0","organic","WestTexNewMexico"
"17","11172.15","367.3","2017-09-03 00:00:00","1.41","160.21","0","10644.64","7804.08","2840.56","0","organic","BuffaloRochester"
"33","22296.61","239.72","2017-05-14 00:00:00","1.41","5966.79","0","16090.1","802.37","15287.73","0","organic","CincinnatiDayton"
"2","20247.87","3363.72","2017-12-17 00:00:00","1.41","338.36","0","16545.79","16349.13","196.66","0","organic","DallasFtWorth"
"39","23747.19","12593.83","2017-04-02 00:00:00","1.41","1272.81","0","9880.55","9589.23","291.32","0","organic","DallasFtWorth"
"2","17065.4","403.25","2017-12-17 00:00:00","1.41","2548.98","0","13982.9","10946.08","3036.82","0","organic","Detroit"
"11","8400.56","15.56","2017-10-15 00:00:00","1.41","724.41","0","7660.59","7660.59","0","0","organic","GrandRapids"
"3","20516.2","237.25","2017-12-10 00:00:00","1.41","282.59","9.3","19987.06","19982.08","4.98","0","organic","HarrisburgScranton"
"22","34238.08","9681.29","2017-07-30 00:00:00","1.41","11.89","0","24544.9","24541.57","3.33","0","organic","Houston"
"23","40100.89","11852.73","2017-07-23 00:00:00","1.41","26.26","0","28221.9","28221.9","0","0","organic","Houston"
"24","33582.24","9407.53","2017-07-16 00:00:00","1.41","87.45","0","24087.26","24087.26","0","0","organic","Houston"
"20","8976.09","139.95","2017-08-13 00:00:00","1.41","1290.13","0","7523.68","5339.72","2183.96","0","organic","Indianapolis"
"23","4954.86","22.07","2017-07-23 00:00:00","1.41","27.4","0","4905.39","4902.06","3.33","0","organic","MiamiFtLauderdale"
"47","3626.55","398.22","2017-02-05 00:00:00","1.41","4.01","0","3224.32","1155.56","2068.76","0","organic","MiamiFtLauderdale"
"40","139274.81","4177.03","2017-03-26 00:00:00","1.41","50392.67","2224.98","82480.13","31877.73","50602.4","0","organic","Midsouth"
"48","3254.87","296.39","2017-01-29 00:00:00","1.41","1977.1","0","981.38","78.33","903.05","0","organic","Nashville"
"44","3584.79","844.97","2017-02-26 00:00:00","1.41","9.94","0","2729.88","2247.72","482.16","0","organic","Pittsburgh"
"46","8934.28","719.78","2017-02-12 00:00:00","1.41","1.64","0","8212.86","7777.5","435.36","0","organic","Pittsburgh"
"1","12966.31","527.99","2017-12-24 00:00:00","1.41","2640.21","65.74","9732.37","9557.06","175.31","0","organic","RichmondNorfolk"
"39","11559.75","783.17","2017-04-02 00:00:00","1.41","4621.86","247.98","5906.74","3507.74","2399","0","organic","RichmondNorfolk"
"0","115959.77","25221.46","2017-12-31 00:00:00","1.41","3103.46","0","87634.85","82290.07","5344.78","0","organic","SouthCentral"
"42","63661.35","10628.05","2017-03-12 00:00:00","1.41","13728.81","279.09","39025.4","9399.84","29625.56","0","organic","Southeast"
"51","61788.03","5147.21","2017-01-08 00:00:00","1.41","14914.5","341.38","41384.94","20688.4","20696.54","0","organic","Southeast"
"13","6358.44","127.81","2017-10-01 00:00:00","1.41","61.21","0","6169.42","6169.42","0","0","organic","Syracuse"
"46","1060775.98","136636.34","2017-02-12 00:00:00","1.41","297764.4","3486.2","622889.04","410668.26","212220.78","0","organic","TotalUS"
"1","45505","2132.2","2018-03-18 00:00:00","1.41","6130.5","76.41","37165.89","37157.4","8.49","0","organic","BaltimoreWashington"
"9","22121.43","826.25","2018-01-21 00:00:00","1.41","3379.62","0","17890.6","11215.49","6675.11","0","organic","Detroit"
"9","235021.5","5114.24","2018-01-21 00:00:00","1.41","53205.28","0","176491.02","89986.79","86504.23","0","organic","GreatLakes"
"4","25590.99","5721.05","2018-02-25 00:00:00","1.41","68.95","0","19800.99","19544.33","256.66","0","organic","Houston"
"5","31029.02","6697.58","2018-02-18 00:00:00","1.41","149.14","0","24182.3","24082.3","100","0","organic","Houston"
"9","32722.61","7335.69","2018-01-21 00:00:00","1.41","43.11","0","25343.81","25100.48","243.33","0","organic","Houston"
"4","10092.35","230.59","2018-02-25 00:00:00","1.41","806.41","0","9055.35","8597.78","457.57","0","organic","Orlando"
"2","14486.33","986.55","2018-03-11 00:00:00","1.41","19.71","0","13480.07","13476.74","3.33","0","organic","Pittsburgh"
"3","13219.33","1054.97","2018-03-04 00:00:00","1.41","10.45","0","12153.91","12153.91","0","0","organic","Pittsburgh"
"7","16592.21","352.86","2018-02-04 00:00:00","1.41","3254.9","50.98","12933.47","12581.65","351.82","0","organic","RichmondNorfolk"
"4","17191.34","212.48","2018-02-25 00:00:00","1.41","4438.03","95.27","12445.56","12088.07","357.49","0","organic","SouthCarolina"
"3","144664.26","25407.12","2018-03-04 00:00:00","1.41","5094.72","0","114162.42","96833.15","17329.27","0","organic","SouthCentral"
"4","126906.61","20045.22","2018-02-25 00:00:00","1.41","4781.58","0","102079.81","87202.79","14877.02","0","organic","SouthCentral"
"7","135996.73","29097.18","2018-02-04 00:00:00","1.41","3815.01","0","103084.54","96116.6","6967.94","0","organic","SouthCentral"
"11","126323.33","25296.77","2018-01-07 00:00:00","1.41","3848.62","3","97174.94","90151.57","7023.37","0","organic","SouthCentral"
"0","10028.49","138.15","2018-03-25 00:00:00","1.41","773.22","0","9117.12","8208.82","908.3","0","organic","Tampa"
"7","283378.47","22474.66","2018-02-04 00:00:00","1.41","55360.49","133.41","205409.91","70232.59","134666.91","510.41","organic","West"
"5","90242.31","1711.77","2015-11-22 00:00:00","1.4","38780.66","107.53","49642.35","49642.35","0","0","conventional","BuffaloRochester"
"30","130841.08","1039.49","2015-05-31 00:00:00","1.4","54249.06","79.38","75473.15","75473.15","0","0","conventional","BuffaloRochester"
"40","119902.96","3090.55","2015-03-22 00:00:00","1.4","45420.06","48.2","71344.15","71288.59","55.56","0","conventional","BuffaloRochester"
"51","116253.44","3267.97","2015-01-04 00:00:00","1.4","55693.04","109.55","57182.88","57182.88","0","0","conventional","BuffaloRochester"
"41","225761.68","6740.23","2015-03-15 00:00:00","1.4","150490.66","160.54","68370.25","65306.48","3063.77","0","conventional","HartfordSpringfield"
"31","440574.33","15940.65","2015-05-24 00:00:00","1.4","277233.41","1055.58","146344.69","129470.64","16871.38","2.67","conventional","Philadelphia"
"42","349609.78","19780.09","2015-03-08 00:00:00","1.4","207010.01","1051.07","121768.61","106813.89","14953.22","1.5","conventional","Philadelphia"
"49","331495.41","15116.27","2015-01-18 00:00:00","1.4","209523.15","1469.44","105386.55","93250.96","12135.59","0","conventional","Philadelphia"
"7","599884.32","165981.13","2015-11-08 00:00:00","1.4","319176.32","36598.97","78127.9","77364.54","693.33","70.03","conventional","SanFrancisco"
"27","60370.27","624.44","2015-06-21 00:00:00","1.4","32511.25","3173.19","24061.39","24061.39","0","0","conventional","Syracuse"
"34","50591.38","634.61","2015-05-03 00:00:00","1.4","24201.46","18.81","25736.5","25405.7","330.8","0","conventional","Syracuse"
"35","48811.05","768.09","2015-04-26 00:00:00","1.4","23424.19","19.39","24599.38","24363.82","235.56","0","conventional","Syracuse"
"36","52800.83","721.11","2015-04-19 00:00:00","1.4","24884.63","49.37","27145.72","27009.47","136.25","0","conventional","Syracuse"
"49","40391.55","789.84","2015-01-18 00:00:00","1.4","24755.46","27.89","14818.36","14818.36","0","0","conventional","Syracuse"
"10","69060.9","4027.42","2016-10-16 00:00:00","1.4","54186.55","53.77","10793.16","10434.39","358.77","0","conventional","Albany"
"13","134327.1","4198.36","2016-09-25 00:00:00","1.4","62355.89","35.97","67736.88","67732.44","4.44","0","conventional","BuffaloRochester"
"17","114645.7","2682.18","2016-08-28 00:00:00","1.4","64245.65","67.48","47650.39","46025.39","0","1625","conventional","BuffaloRochester"
"10","4878037.64","1635631.14","2016-10-16 00:00:00","1.4","1600568.32","108458.09","1533380.09","1423671.38","73117.52","36591.19","conventional","California"
"17","187984.8","54874.64","2016-08-28 00:00:00","1.4","57122.52","15013.36","60974.28","58688.03","1906.25","380","conventional","Charlotte"
"19","195250.96","39823.56","2016-08-14 00:00:00","1.4","66724.29","23025.36","65677.75","60859.82","4817.93","0","conventional","Charlotte"
"7","231422.37","80604.72","2016-11-06 00:00:00","1.4","46242.75","5688.67","98886.23","97805.5","1073.59","7.14","conventional","Detroit"
"8","193940.78","75576.83","2016-10-30 00:00:00","1.4","41553.71","4805.57","72004.67","70936.81","1058.93","8.93","conventional","Detroit"
"10","2517672.23","399216.44","2016-10-16 00:00:00","1.4","1126801.36","111904.83","879749.6","593425.23","274655.06","11669.31","conventional","GreatLakes"
"3","172416.11","27161.44","2016-12-04 00:00:00","1.4","93528.53","71.39","51654.75","50780.22","800.92","73.61","conventional","HarrisburgScranton"
"4","155286.15","26022.48","2016-11-27 00:00:00","1.4","81008.09","83.97","48171.61","47430.94","740.67","0","conventional","HarrisburgScranton"
"12","214726.86","42262.02","2016-10-02 00:00:00","1.4","106682.04","191.99","65590.81","64688.8","902.01","0","conventional","HarrisburgScranton"
"4","1858065.15","421295.51","2016-11-27 00:00:00","1.4","729252.94","33160.82","674355.88","589240.41","82533.8","2581.67","conventional","Midsouth"
"10","2442981.97","642844.77","2016-10-16 00:00:00","1.4","921533.78","76681.49","801921.93","673260.91","128075.74","585.28","conventional","Midsouth"
"3","3222663.98","130456.71","2016-12-04 00:00:00","1.4","2427295.83","12275.54","652635.9","606208.58","45127.69","1299.63","conventional","Northeast"
"16","4019648.55","358039.67","2016-09-04 00:00:00","1.4","2446669.38","38848.69","1176090.81","1109685.27","62681.63","3723.91","conventional","Northeast"
"17","4309301.79","490786.03","2016-08-28 00:00:00","1.4","2495011.21","68592.79","1254911.76","1164225.11","71526.98","19159.67","conventional","Northeast"
"18","4127080.33","247658.58","2016-08-21 00:00:00","1.4","2351280.09","25740.08","1502401.58","1384984.59","97632.72","19784.27","conventional","Northeast"
"27","4506892.62","184730.86","2016-06-19 00:00:00","1.4","2920243.12","132512.61","1269406.03","1164066.13","74863.78","30476.12","conventional","Northeast"
"11","305506.51","14886.34","2016-10-09 00:00:00","1.4","239615.02","2844.21","48160.94","48160.94","0","0","conventional","NorthernNewEngland"
"6","250639.48","97337.14","2016-11-13 00:00:00","1.4","50337.98","167.15","102797.21","48419.58","54377.63","0","conventional","Orlando"
"13","302808.91","122725.59","2016-09-25 00:00:00","1.4","54807.36","134.09","125141.87","61486.67","62514.92","1140.28","conventional","Orlando"
"17","89247.85","10388.44","2016-08-28 00:00:00","1.4","43896.41","1021.81","33941.19","30513.25","2362.94","1065","conventional","Pittsburgh"
"30","117486.96","1336.42","2016-05-29 00:00:00","1.4","68421.33","1567.32","46161.89","29242.9","16522.32","396.67","conventional","Pittsburgh"
"8","407047.88","70232.8","2016-10-30 00:00:00","1.4","109965.98","15009.27","211839.83","207419.82","4075.8","344.21","conventional","Portland"
"9","239744.28","88588.35","2016-10-23 00:00:00","1.4","53189.14","21782.42","76184.37","74210.78","1668.03","305.56","conventional","RaleighGreensboro"
"21","466095.04","140605.4","2016-07-31 00:00:00","1.4","255278.9","16262.28","53948.46","53547.82","10.36","390.28","conventional","Sacramento"
"24","842731.76","249271.4","2016-07-10 00:00:00","1.4","458731.12","43916.46","90812.78","88916.37","689.47","1206.94","conventional","SanFrancisco"
"40","739577.85","193704.13","2016-03-20 00:00:00","1.4","416863.96","46189.84","82819.92","81984.18","820","15.74","conventional","SanFrancisco"
"9","260446.46","128648.8","2016-10-23 00:00:00","1.4","52740.63","6749.46","72307.57","42484.87","29822.7","0","conventional","SouthCarolina"
"3","59510.92","10871.7","2016-12-04 00:00:00","1.4","19424.17","312.82","28902.23","28878.1","8.89","15.24","conventional","Spokane"
"44","88371.09","3190.28","2017-02-26 00:00:00","1.4","73959.76","71.2","11149.85","10910.4","239.45","0","conventional","Albany"
"0","419696.59","9622.52","2017-12-31 00:00:00","1.4","325398.02","2061.91","82614.14","65868.23","16745.91","0","conventional","Boston"
"4","488588","12171","2017-12-03 00:00:00","1.4","386056","1901","88460","66539","21921","0","conventional","Boston"
"47","188582.23","1561.11","2017-02-05 00:00:00","1.4","97167.09","116.1","89737.93","89664.64","73.29","0","conventional","BuffaloRochester"
"5","170412","45363","2017-11-26 00:00:00","1.4","56764","3742","64544","61925","2619","0","conventional","Charlotte"
"6","179011","47542","2017-11-19 00:00:00","1.4","59312","3820","68336","65221","3115","0","conventional","Charlotte"
"22","212607.67","54840.38","2017-07-30 00:00:00","1.4","81789.28","6237.96","69740.05","63813.12","4829.15","1097.78","conventional","Charlotte"
"6","139279","2688","2017-11-19 00:00:00","1.4","68242","15683","52667","42924","7407","2335","conventional","GrandRapids"
"41","243265.5","59161.21","2017-03-19 00:00:00","1.4","118545.42","245.2","65313.67","58499.02","6729.93","84.72","conventional","HarrisburgScranton"
"49","266851.77","49774.5","2017-01-22 00:00:00","1.4","135845.63","3688.76","77542.88","74174.07","3242.21","126.6","conventional","HarrisburgScranton"
"5","115688","7132","2017-11-26 00:00:00","1.4","51923","608","56024","25102","30900","23","conventional","Indianapolis"
"51","522278.22","209904.22","2017-01-08 00:00:00","1.4","121128.25","293.18","190952.57","85738.78","105206.85","6.94","conventional","MiamiFtLauderdale"
"36","3060395.83","617149.84","2017-04-23 00:00:00","1.4","1225887.12","31534.53","1185824.34","1044588.96","136072.44","5162.94","conventional","Midsouth"
"22","246036.68","142551.37","2017-07-30 00:00:00","1.4","30114.36","41","73329.95","55778.64","9484.64","8066.67","conventional","NewOrleansMobile"
"5","272367","171834","2017-11-26 00:00:00","1.4","19833","645","80056","56566","23490","0","conventional","Orlando"
"22","321422.84","208380.73","2017-07-30 00:00:00","1.4","32846.09","204.32","79991.7","46344.02","29287.68","4360","conventional","Orlando"
"25","343076.46","207541.44","2017-07-09 00:00:00","1.4","33999.04","126.06","101409.92","58274.75","31959.89","11175.28","conventional","Orlando"
"26","414176.6","247137.41","2017-07-02 00:00:00","1.4","50254.8","190.22","116594.17","61248.28","45105.89","10240","conventional","Orlando"
"28","339228.04","215668.41","2017-06-18 00:00:00","1.4","32674.49","115.97","90769.17","49398.47","34065.7","7305","conventional","Orlando"
"31","381490.67","238131.34","2017-05-28 00:00:00","1.4","39531.06","74.61","103753.66","71721.05","31992.33","40.28","conventional","Orlando"
"8","384628.71","38006.98","2017-11-05 00:00:00","1.4","174069.17","181.44","172371.12","141562.78","30808.34","0","conventional","Philadelphia"
"52","321941.32","12767.25","2017-01-01 00:00:00","1.4","217447.76","3090.37","88635.94","83428.92","5163.19","43.83","conventional","Philadelphia"
"7","254131","77868","2017-11-12 00:00:00","1.4","80926","4326","91011","88458","2553","0","conventional","RaleighGreensboro"
"36","305014.56","80081.24","2017-04-23 00:00:00","1.4","100517.02","6401.68","118014.62","116286.32","1590.8","137.5","conventional","RaleighGreensboro"
"34","560446.85","157076.63","2017-05-07 00:00:00","1.4","348134.91","1707.32","53527.99","49645.28","567.71","3315","conventional","Sacramento"
"2","674625.07","189827.12","2017-12-17 00:00:00","1.4","374644.39","2099.61","108053.95","105441.28","50.58","2562.09","conventional","SanFrancisco"
"19","348843.91","158452.34","2017-08-20 00:00:00","1.4","70864.82","2138","117388.75","84288.4","28388.92","4711.43","conventional","SouthCarolina"
"42","325834.91","135698.2","2017-03-12 00:00:00","1.4","76260.31","2778.64","111097.76","79135.68","31292.08","670","conventional","SouthCarolina"
"21","69322.32","1279.22","2017-08-06 00:00:00","1.4","41361.06","55.46","26626.58","24827.73","988.85","810","conventional","Syracuse"
"50","68598.22","1109.08","2017-01-15 00:00:00","1.4","37401.39","21","30066.75","29465.36","601.39","0","conventional","Syracuse"
"1","335782.87","210851.28","2017-12-24 00:00:00","1.4","27970.4","717.07","96244.12","62931.27","33312.85","0","conventional","Tampa"
"5","295940","188536","2017-11-26 00:00:00","1.4","25479","476","81450","57222","24228","0","conventional","Tampa"
"1","175969.31","3261.54","2018-03-18 00:00:00","1.4","64300.91","35087.55","73319.31","55491.01","6112.96","11715.34","conventional","GrandRapids"
"6","167604.6","3619.4","2018-02-11 00:00:00","1.4","80530.3","42489.31","40965.59","25201.76","2735.5","13028.33","conventional","GrandRapids"
"8","661212.22","440406.44","2018-01-28 00:00:00","1.4","54463.83","2465.91","163876.04","95377.39","68491.98","6.67","conventional","MiamiFtLauderdale"
"1","428028.9","45178.07","2018-03-18 00:00:00","1.4","315349.91","1354.16","66146.76","30679.34","34470.75","996.67","conventional","NorthernNewEngland"
"10","387588.47","258150.99","2018-01-14 00:00:00","1.4","26672.33","1199.66","101565.49","68412.96","33152.53","0","conventional","Orlando"
"0","524265.69","103573.88","2018-03-25 00:00:00","1.4","149867.07","998.53","269826.21","155866.8","113666.7","292.71","conventional","Seattle"
"6","468936.03","98161.81","2018-02-11 00:00:00","1.4","129399.46","631.78","240742.98","136973.79","103420.83","348.36","conventional","Seattle"
"33","160570.28","77103.7","2015-05-10 00:00:00","1.4","70434.57","0","13032.01","13032.01","0","0","organic","California"
"7","4144.82","443.1","2015-11-08 00:00:00","1.4","2827.56","0","874.16","413.97","460.19","0","organic","Columbus"
"20","16702.43","8961.35","2015-08-09 00:00:00","1.4","999.37","0","6741.71","6741.71","0","0","organic","DallasFtWorth"
"44","24794.39","4987.23","2015-02-22 00:00:00","1.4","6082.18","28.78","13696.2","1180","12516.2","0","organic","Denver"
"46","22798.51","3017.93","2015-02-08 00:00:00","1.4","7175.41","9.63","12595.54","2293.33","10302.21","0","organic","Denver"
"24","88179.72","2857.11","2015-07-12 00:00:00","1.4","56288.88","0","29033.73","5550.17","23483.56","0","organic","GreatLakes"
"4","3109.42","78.81","2015-11-29 00:00:00","1.4","199.95","11.9","2818.76","314.95","2503.81","0","organic","HarrisburgScranton"
"11","2030.12","215.86","2015-10-11 00:00:00","1.4","1146.18","0","668.08","176.67","491.41","0","organic","Indianapolis"
"30","44605.56","14419.12","2015-05-31 00:00:00","1.4","19119.68","0","11066.76","11066.76","0","0","organic","LosAngeles"
"35","44090.53","15815.81","2015-04-26 00:00:00","1.4","17652.02","0","10622.7","10622.7","0","0","organic","LosAngeles"
"44","75957.01","15459.67","2015-02-22 00:00:00","1.4","35943.26","4053.24","20500.84","18497.02","2003.82","0","organic","Midsouth"
"19","7201.85","324.12","2015-08-16 00:00:00","1.4","4650.56","0","2227.17","1246.78","980.39","0","organic","Nashville"
"34","17519.51","12879.51","2015-05-03 00:00:00","1.4","2627.53","0","2012.47","1073.33","939.14","0","organic","PhoenixTucson"
"4","1161.01","345.27","2015-11-29 00:00:00","1.4","136.42","0","679.32","522.12","157.2","0","organic","Pittsburgh"
"8","4659.79","105.26","2015-11-01 00:00:00","1.4","2108.83","385.95","2059.75","806.66","1253.09","0","organic","RichmondNorfolk"
"26","6163.88","136.01","2015-06-28 00:00:00","1.4","3651.1","493.2","1883.57","776.67","1106.9","0","organic","RichmondNorfolk"
"46","54484.31","8561.32","2015-02-08 00:00:00","1.4","34897.03","32.96","10993","586.67","10406.33","0","organic","Seattle"
"27","54782.92","36431.79","2015-06-21 00:00:00","1.4","6686.54","0","11664.59","11426.87","237.72","0","organic","SouthCentral"
"33","56625.63","35986.16","2015-05-10 00:00:00","1.4","4598.59","0","16040.88","14958.78","1082.1","0","organic","SouthCentral"
"37","71697.82","42155.69","2015-04-12 00:00:00","1.4","5686.47","36.67","23818.99","23576.67","242.32","0","organic","SouthCentral"
"38","76942.46","39792.84","2015-04-05 00:00:00","1.4","8032.39","768.15","28349.08","28046.67","302.41","0","organic","SouthCentral"
"43","814484.79","361996.84","2015-03-01 00:00:00","1.4","275458.57","5556.02","171473.36","148488.14","22985.22","0","organic","TotalUS"
"43","218957.86","110458.55","2015-03-01 00:00:00","1.4","81474.98","311.88","26712.45","12552.61","14159.84","0","organic","West"
"46","246616.27","64858.54","2015-02-08 00:00:00","1.4","116792.77","65.38","64899.58","17633.33","47266.25","0","organic","West"
"51","187548.3","70313.71","2015-01-04 00:00:00","1.4","72942.11","24.3","44268.18","10023.72","34244.46","0","organic","West"
"37","193519.09","16938.01","2016-04-10 00:00:00","1.4","93768.59","0","82812.49","78412.84","4399.65","0","organic","California"
"32","15206.47","359.02","2016-05-15 00:00:00","1.4","8892.58","0","5954.87","1681.91","4272.96","0","organic","CincinnatiDayton"
"36","15920.25","417.29","2016-04-17 00:00:00","1.4","9447.47","0","6055.49","1598.28","4457.21","0","organic","CincinnatiDayton"
"49","9955.8","573.01","2016-01-17 00:00:00","1.4","7597.31","0","1785.48","400","1385.48","0","organic","CincinnatiDayton"
"21","9346.26","558.77","2016-07-31 00:00:00","1.4","3796.68","0","4990.81","1087.86","3902.95","0","organic","Columbus"
"15","20741.79","10019.08","2016-09-11 00:00:00","1.4","2407.87","13.89","8300.95","8044.58","256.37","0","organic","Denver"
"18","13662.27","751.81","2016-08-21 00:00:00","1.4","7547.5","0","5362.96","802.78","4560.18","0","organic","Detroit"
"50","4134.61","2821.21","2016-01-10 00:00:00","1.4","939.02","0","374.38","366.67","7.71","0","organic","GrandRapids"
"34","121983.64","2819.59","2016-05-01 00:00:00","1.4","74390.65","22.17","44751.23","17013.33","27737.9","0","organic","GreatLakes"
"39","3215.76","101","2016-03-27 00:00:00","1.4","1477.5","0","1637.26","663.33","973.93","0","organic","Indianapolis"
"9","2998.64","352.97","2016-10-23 00:00:00","1.4","95.3","1.18","2549.19","0","2549.19","0","organic","Jacksonville"
"36","2863.95","0","2016-04-17 00:00:00","1.4","2212.64","0","651.31","280","371.31","0","organic","Louisville"
"31","5366.43","843.16","2016-05-22 00:00:00","1.4","33.27","0","4490","4486.67","3.33","0","organic","MiamiFtLauderdale"
"44","2774.54","726.48","2016-02-21 00:00:00","1.4","2.58","0","2045.48","2042.15","3.33","0","organic","MiamiFtLauderdale"
"39","86908.34","3794.33","2016-03-27 00:00:00","1.4","38012.06","2132.07","42969.88","24397.42","18572.46","0","organic","Midsouth"
"41","91287.93","3388.4","2016-03-13 00:00:00","1.4","46780.43","2001.92","39117.18","21173.39","17943.79","0","organic","Midsouth"
"46","5805.78","579.26","2016-02-07 00:00:00","1.4","2809.35","0","2417.17","1650","767.17","0","organic","Nashville"
"14","3088.88","191.13","2016-09-18 00:00:00","1.4","0","0","2897.75","1481.31","1416.44","0","organic","NewOrleansMobile"
"19","8519.17","1.28","2016-08-14 00:00:00","1.4","310.54","0","8207.35","8207.35","0","0","organic","NorthernNewEngland"
"2","5860.1","519.9","2016-12-11 00:00:00","1.4","32.88","0","5307.32","2820","2487.32","0","organic","Orlando"
"14","7833.25","1163.62","2016-09-18 00:00:00","1.4","72.32","0","6597.31","2156.67","4440.64","0","organic","Orlando"
"50","1314.78","373.66","2016-01-10 00:00:00","1.4","21.03","0","920.09","815.85","104.24","0","organic","Pittsburgh"
"10","26243.63","3780.79","2016-10-16 00:00:00","1.4","4114.77","4.99","18343.08","2640.17","15702.91","0","organic","Portland"
"49","4173.42","69.79","2016-01-17 00:00:00","1.4","2273.91","253.58","1576.14","1033.7","542.44","0","organic","RichmondNorfolk"
"35","6973.42","132.24","2016-04-24 00:00:00","1.4","3781.88","0","3059.3","1995.38","1063.92","0","organic","Roanoke"
"33","12962.2","1851.63","2016-05-08 00:00:00","1.4","10971.67","0","138.9","138.9","0","0","organic","Sacramento"
"40","14926.04","1809.37","2016-03-20 00:00:00","1.4","8607.36","3.21","4506.1","2285.38","2220.72","0","organic","SanDiego"
"47","11694.11","1123.3","2016-01-31 00:00:00","1.4","7131.28","12.78","3426.75","444.06","2982.69","0","organic","SanDiego"
"9","11386.72","428.52","2016-10-23 00:00:00","1.4","3328.29","276.86","7353.05","3788.85","3564.2","0","organic","SouthCarolina"
"24","80274.62","16115.35","2016-07-10 00:00:00","1.4","16079.41","930.51","47149.35","35176.48","11972.87","0","organic","Southeast"
"10","3226.62","362.82","2016-10-16 00:00:00","1.4","40.67","0","2823.13","913.33","1909.8","0","organic","Tampa"
"12","5229.43","23.15","2017-10-08 00:00:00","1.4","341.52","0","4864.76","4864.76","0","0","organic","Albany"
"14","10081.25","277.5","2017-09-24 00:00:00","1.4","133.65","0","9670.1","9642.01","28.09","0","organic","BuffaloRochester"
"15","8378.17","44.49","2017-09-17 00:00:00","1.4","818.97","0","7514.71","7514.71","0","0","organic","GrandRapids"
"16","8021.16","156.05","2017-09-10 00:00:00","1.4","1074.4","0","6790.71","6756.95","33.76","0","organic","GrandRapids"
"21","37755.61","10486.19","2017-08-06 00:00:00","1.4","21.84","0","27247.58","27247.58","0","0","organic","Houston"
"52","10109.46","7550.89","2017-01-01 00:00:00","1.4","58.71","0","2499.86","2499.86","0","0","organic","Houston"
"1","8639.49","184.79","2017-12-24 00:00:00","1.4","1688.99","0","6753.22","5043.12","1710.1","0","organic","Indianapolis"
"33","105965.36","11688.57","2017-05-14 00:00:00","1.4","28601.28","0","65675.51","64377.29","1298.22","0","organic","LosAngeles"
"35","5166.23","0","2017-04-30 00:00:00","1.4","1639.61","0","3526.62","234.45","3292.17","0","organic","Louisville"
"3","5488.94","141.27","2017-12-10 00:00:00","1.4","47.66","0","5300.01","5293.34","6.67","0","organic","NewOrleansMobile"
"33","26964.27","10.3","2017-05-14 00:00:00","1.4","614.37","0","26339.6","26339.6","0","0","organic","NorthernNewEngland"
"51","13244.8","3667.93","2017-01-08 00:00:00","1.4","4389.06","0","5187.81","5140.05","47.76","0","organic","PhoenixTucson"
"0","10651.96","941.87","2017-12-31 00:00:00","1.4","13.2","0","9696.89","9696.89","0","0","organic","Pittsburgh"
"13","11819.12","969.51","2017-10-01 00:00:00","1.4","35.45","0","10814.16","10814.16","0","0","organic","Pittsburgh"
"47","7367.61","683.24","2017-02-05 00:00:00","1.4","15.93","0","6668.44","6350.32","318.12","0","organic","Pittsburgh"
"49","8828.82","768.82","2017-01-22 00:00:00","1.4","5.01","0","8054.99","7606.17","448.82","0","organic","Pittsburgh"
"3","12385.8","365.36","2017-12-10 00:00:00","1.4","2618.38","68.67","9333.39","9023.05","310.34","0","organic","RichmondNorfolk"
"45","19782.44","1266.28","2017-02-19 00:00:00","1.4","10960.8","0","7555.36","7393.64","161.72","0","organic","SanDiego"
"38","12281.48","669.35","2017-04-09 00:00:00","1.4","5400.57","283.3","5928.26","1361.79","4566.47","0","organic","SouthCarolina"
"45","11183.49","627.48","2017-02-19 00:00:00","1.4","3342.81","139.12","7074.08","4986.66","2087.42","0","organic","SouthCarolina"
"0","92000.75","1052.21","2017-12-31 00:00:00","1.4","15703.49","169.38","75075.67","69576.29","5499.38","0","organic","Southeast"
"49","6534.61","1189.05","2017-01-22 00:00:00","1.4","791.05","0","4554.51","1287.78","3266.73","0","organic","StLouis"
"14","6416.81","95.09","2017-09-24 00:00:00","1.4","88.8","0","6232.92","6229.59","3.33","0","organic","Syracuse"
"18","5300.56","76.5","2017-08-27 00:00:00","1.4","61.01","0","5163.05","4669.53","493.52","0","organic","Syracuse"
"35","259279.19","61897.14","2017-04-30 00:00:00","1.4","51045.63","294.91","146041.51","37095.98","108945.53","0","organic","West"
"44","28191.45","2248.71","2017-02-12 00:00:00","1.4","9177.71","37.92","16727.11","16570.14","156.97","0","organic","WestTexNewMexico"
"11","224698.1","8227.83","2018-01-07 00:00:00","1.4","55921.31","0","160398.29","126158.83","34239.46","0","organic","GreatLakes"
"6","24385.65","5208.72","2018-02-11 00:00:00","1.4","60.53","0","19116.4","19029.73","86.67","0","organic","Houston"
"8","8935.85","205.04","2018-01-28 00:00:00","1.4","1254.73","0","7455.25","4711.37","2743.88","0","organic","Indianapolis"
"3","145608.11","14856.48","2018-03-04 00:00:00","1.4","27596.01","0","103155.62","103108.51","47.11","0","organic","LosAngeles"
"6","9320.83","139.48","2018-02-11 00:00:00","1.4","429.95","0","8751.4","8423.13","328.27","0","organic","MiamiFtLauderdale"
"7","11077.99","1053.22","2018-02-04 00:00:00","1.4","25.24","0","9999.53","9999.53","0","0","organic","Pittsburgh"
"9","17566.45","105.95","2018-01-21 00:00:00","1.4","4280.36","73.29","13106.85","11152.35","1954.5","0","organic","SouthCarolina"
"6","128955.64","20164.54","2018-02-11 00:00:00","1.4","3290.73","0","105500.37","93391.83","12108.54","0","organic","SouthCentral"
"11","103034.09","1359.47","2018-01-07 00:00:00","1.4","16209.36","194.07","85271.19","78886.47","6384.72","0","organic","Southeast"
"4","79973.14","1514.69","2015-11-29 00:00:00","1.39","35682.71","113.49","42662.25","42662.25","0","0","conventional","BuffaloRochester"
"22","91825.07","1679.28","2015-07-26 00:00:00","1.39","45615.48","741.77","43788.54","43788.54","0","0","conventional","BuffaloRochester"
"39","119890.65","1352.63","2015-03-29 00:00:00","1.39","48430.03","80.52","70027.47","69919","108.47","0","conventional","BuffaloRochester"
"45","223170.31","3681.09","2015-02-15 00:00:00","1.39","138690.77","216.75","80581.7","79026.53","1555.17","0","conventional","HartfordSpringfield"
"49","229216.05","3347.41","2015-01-18 00:00:00","1.39","160683.8","286.52","64898.32","62671.58","2226.74","0","conventional","HartfordSpringfield"
"23","369973.99","15791.25","2015-07-19 00:00:00","1.39","237182.53","1472.69","115527.52","103254.89","12272.63","0","conventional","Philadelphia"
"39","339877.09","15819.32","2015-03-29 00:00:00","1.39","222182.25","1168.94","100706.58","88306.35","12400.23","0","conventional","Philadelphia"
"24","680351.84","149802.29","2015-07-12 00:00:00","1.39","430540.93","10213.51","89795.11","88477.64","893.86","423.61","conventional","SanFrancisco"
"35","680839.21","107461.85","2015-04-26 00:00:00","1.39","458055.89","35558.24","79763.23","78503.98","1052.31","206.94","conventional","SanFrancisco"
"26","63938.81","755.7","2015-06-28 00:00:00","1.39","30246.27","2965.17","29971.67","29940.56","31.11","0","conventional","Syracuse"
"14","79513.63","6624.37","2016-09-18 00:00:00","1.39","63384.56","37.48","9467.22","8958.14","509.08","0","conventional","Albany"
"5","475677.35","7917.9","2016-11-20 00:00:00","1.39","356867.57","4915.71","105976.17","105940.61","35.56","0","conventional","Boston"
"51","130620.57","1486.6","2016-01-03 00:00:00","1.39","57210.68","98.93","71824.36","71824.36","0","0","conventional","BuffaloRochester"
"9","3899040.66","1397559.4","2016-10-23 00:00:00","1.39","1129206.16","82276.22","1289998.88","1201528.54","55799.76","32670.58","conventional","California"
"10","190846.01","57529.11","2016-10-16 00:00:00","1.39","56366.66","17531.78","59418.46","48823.53","10354.65","240.28","conventional","Charlotte"
"6","236523.09","78974.4","2016-11-13 00:00:00","1.39","43868.31","5687.17","107993.21","107105.62","873.33","14.26","conventional","Detroit"
"13","150804.6","16855.29","2016-09-25 00:00:00","1.39","68404.44","2557.07","62987.8","37497.61","25490.19","0","conventional","Indianapolis"
"2","446139.65","177620.99","2016-12-11 00:00:00","1.39","97259.69","159.53","171099.44","67684.21","103274.95","140.28","conventional","MiamiFtLauderdale"
"11","2469381.94","651705.04","2016-10-09 00:00:00","1.39","951060.09","81958.03","784658.78","651749.08","131811.09","1098.61","conventional","Midsouth"
"6","141387.19","59293.41","2016-11-13 00:00:00","1.39","13161.11","181.78","68750.89","56865.21","10715.68","1170","conventional","Nashville"
"5","315783.24","15322.42","2016-11-20 00:00:00","1.39","247461.31","3473.03","49526.48","49526.48","0","0","conventional","NorthernNewEngland"
"26","110772.26","1415.16","2016-06-26 00:00:00","1.39","59568.48","1294.29","48494.33","32965.11","13454.22","2075","conventional","Pittsburgh"
"11","254093.87","85813.34","2016-10-09 00:00:00","1.39","67026.7","20238.33","81015.5","77169.19","3278.25","568.06","conventional","RaleighGreensboro"
"7","169723.23","73480.37","2016-11-06 00:00:00","1.39","43301.88","6292.12","46648.86","46648.86","0","0","conventional","RichmondNorfolk"
"7","104169.98","39065.25","2016-11-06 00:00:00","1.39","23895.38","156.15","41053.2","40762.52","290.68","0","conventional","Roanoke"
"14","407813.86","124962.88","2016-09-18 00:00:00","1.39","234689.88","3771.58","44389.52","40849.27","1176.91","2363.34","conventional","Sacramento"
"36","786422.89","209130.77","2016-04-17 00:00:00","1.39","415099.08","76966.69","85226.35","83707.21","901.08","618.06","conventional","SanFrancisco"
"4","2408199.34","943433.21","2016-11-27 00:00:00","1.39","459434.44","4791.45","1000540.24","509394.25","490242.94","903.05","conventional","Southeast"
"8","51300.44","8156.83","2016-10-30 00:00:00","1.39","15739.62","118.13","27285.86","27169.67","0","116.19","conventional","Spokane"
"4","139970","3772","2017-12-03 00:00:00","1.39","126551","136","9511","7061","2450","0","conventional","Albany"
"24","102461.61","2468.78","2017-07-16 00:00:00","1.39","86707.66","2546.08","10739.09","4950.13","4788.96","1000","conventional","Albany"
"5","423778","10677","2017-11-26 00:00:00","1.39","304833","2073","106195","65656","40538","0","conventional","Boston"
"23","215463.51","50924.04","2017-07-23 00:00:00","1.39","75358.77","5993.87","83186.83","75923.52","4233.31","3030","conventional","Charlotte"
"23","137783.13","62106.54","2017-07-23 00:00:00","1.39","20698.51","1069.5","53908.58","48159.5","5227.97","521.11","conventional","Columbus"
"41","2975356.86","463863.64","2017-03-19 00:00:00","1.39","1224340.81","212871.38","1074281.03","650674.32","377140.01","46466.7","conventional","GreatLakes"
"19","174633.06","7182.87","2017-08-20 00:00:00","1.39","83860.57","1162.61","82427.01","35015.7","46406.54","1004.77","conventional","Indianapolis"
"22","2426027.85","1263812.03","2017-07-30 00:00:00","1.39","399835.58","100595.71","661784.53","603467.35","18679.7","39637.48","conventional","LosAngeles"
"38","2990138.08","650949.77","2017-04-09 00:00:00","1.39","1221294.08","29641.61","1088252.62","990216.19","93875.58","4160.85","conventional","Midsouth"
"20","236698.78","130628.39","2017-08-13 00:00:00","1.39","30558.86","82.91","75428.62","60970.59","10286.92","4171.11","conventional","NewOrleansMobile"
"23","262774.91","155838.78","2017-07-23 00:00:00","1.39","38067.91","78","68790.22","49217","12526.55","7046.67","conventional","NewOrleansMobile"
"31","293608.21","182795.19","2017-05-28 00:00:00","1.39","30514.83","267","80031.19","55454.81","10461.38","14115","conventional","NewOrleansMobile"
"43","1465568.77","31240.27","2017-03-05 00:00:00","1.39","1065008.71","34775.18","334544.61","297818.33","33380.45","3345.83","conventional","NewYork"
"48","4155042.11","201045.06","2017-01-29 00:00:00","1.39","2754050.67","131086.5","1068859.88","988168.37","73048.91","7642.6","conventional","Northeast"
"49","5007356.22","206778.67","2017-01-22 00:00:00","1.39","3425747.61","319052.61","1055777.33","978886.09","68710.32","8180.92","conventional","Northeast"
"24","490940.46","12060.32","2017-07-16 00:00:00","1.39","404809.72","11916.24","62154.18","12580.97","46560.98","3012.23","conventional","NorthernNewEngland"
"35","407790.12","9127.08","2017-04-30 00:00:00","1.39","296827.97","1939.54","99895.53","41352.44","58543.09","0","conventional","NorthernNewEngland"
"1","292291.1","178469.57","2017-12-24 00:00:00","1.39","21232.36","779.89","91809.28","60988.48","30820.8","0","conventional","Orlando"
"51","435745.77","16209.65","2017-01-08 00:00:00","1.39","298757.98","1201.07","119577.07","111625.82","7753.16","198.09","conventional","Philadelphia"
"23","1854451.3","719912.1","2017-07-23 00:00:00","1.39","594292.4","11924.17","528322.63","466178.48","46069.1","16075.05","conventional","Plains"
"8","271264.81","87732.98","2017-11-05 00:00:00","1.39","82461.12","4552.75","96517.96","94086.43","2431.53","0","conventional","RaleighGreensboro"
"20","275406.02","63759.04","2017-08-13 00:00:00","1.39","102293.95","5709.16","103643.87","95749.54","5384.33","2510","conventional","RaleighGreensboro"
"32","312273.14","87350.21","2017-05-21 00:00:00","1.39","110400.31","6949.54","107573.08","104411.01","3162.07","0","conventional","RaleighGreensboro"
"39","309926.42","75587.22","2017-04-02 00:00:00","1.39","115160.54","6188.55","112990.11","111590.71","1399.4","0","conventional","RaleighGreensboro"
"41","280949.58","67152.77","2017-03-19 00:00:00","1.39","117247.84","6082.76","90466.21","89175.8","1290.41","0","conventional","RaleighGreensboro"
"10","206044.77","44086.63","2017-10-22 00:00:00","1.39","86692.04","1441.14","73824.96","70959.97","2854.93","10.06","conventional","RichmondNorfolk"
"3","389912.46","85240.97","2017-12-10 00:00:00","1.39","116349.02","706.43","187616.04","134944.06","51994.82","677.16","conventional","Seattle"
"36","3503236.08","1956787.44","2017-04-23 00:00:00","1.39","445304.19","3585.35","1097559.1","726576.46","359238.87","11743.77","conventional","Southeast"
"43","3078856.36","1616582.26","2017-03-05 00:00:00","1.39","446313.48","6013.44","1009947.18","636964.49","368181.02","4801.67","conventional","Southeast"
"0","59077.02","2596.63","2017-12-31 00:00:00","1.39","41694.13","23.2","14763.06","11544.79","3218.27","0","conventional","Syracuse"
"27","357813.41","236685","2017-06-25 00:00:00","1.39","45798.6","58.71","75271.1","31292.67","38658.43","5320","conventional","Tampa"
"0","641462.43","26019.52","2018-03-25 00:00:00","1.39","479186.12","1883.17","134373.62","109938.39","22955.23","1480","conventional","Boston"
"7","725934.21","21309.4","2018-02-04 00:00:00","1.39","566751.03","3293.87","134579.91","98025.22","36068.02","486.67","conventional","Boston"
"6","897178.36","131360.75","2018-02-11 00:00:00","1.39","488374.4","154223.75","123219.46","85210.17","37063.73","945.56","conventional","Chicago"
"26","6313.67","1896.92","2015-06-28 00:00:00","1.39","2306.95","0","2109.8","0","2109.8","0","organic","Atlanta"
"5","9576.59","587.25","2015-11-22 00:00:00","1.39","6336.98","460.05","2192.31","602.03","1590.28","0","organic","BaltimoreWashington"
"2","98605.4","13609.24","2015-12-13 00:00:00","1.39","46518.56","3.05","38474.55","24359.79","14114.76","0","organic","California"
"27","13791.64","318.95","2015-06-21 00:00:00","1.39","11779.34","0","1693.35","548.86","1144.49","0","organic","CincinnatiDayton"
"10","11010.45","7657.06","2015-10-18 00:00:00","1.39","253.39","0","3100","3070","30","0","organic","DallasFtWorth"
"33","10242.6","7874.84","2015-05-10 00:00:00","1.39","351.09","0","2016.67","2013.34","3.33","0","organic","DallasFtWorth"
"37","11119.47","8189.75","2015-04-12 00:00:00","1.39","526.38","0","2403.34","2403.34","0","0","organic","DallasFtWorth"
"42","8557.95","5946.47","2015-03-08 00:00:00","1.39","498.15","0","2113.33","2113.33","0","0","organic","DallasFtWorth"
"5","23094.34","6643.41","2015-11-22 00:00:00","1.39","5729.32","30.25","10691.36","523.98","10167.38","0","organic","Denver"
"40","29621.9","9365.64","2015-03-22 00:00:00","1.39","8034.98","16.15","12205.13","543.33","11661.8","0","organic","Denver"
"33","42131.8","12338.35","2015-05-10 00:00:00","1.39","19929.68","0","9863.77","9863.77","0","0","organic","LosAngeles"
"37","43407.79","17119.09","2015-04-12 00:00:00","1.39","17886.3","0","8402.4","8402.4","0","0","organic","LosAngeles"
"7","22300.6","1110.47","2015-11-08 00:00:00","1.39","13364.66","1.66","7823.81","1115.81","6708","0","organic","Portland"
"51","4414.29","56.21","2015-01-04 00:00:00","1.39","2760.82","0","1597.26","1139.42","457.84","0","organic","Roanoke"
"44","37223.45","25492.53","2015-02-22 00:00:00","1.39","11724.78","0","6.14","6.14","0","0","organic","SanFrancisco"
"0","56297.88","21950.8","2015-12-27 00:00:00","1.39","3750.99","0","30596.09","26668.65","3927.44","0","organic","SouthCentral"
"18","70321.03","40616.1","2015-08-23 00:00:00","1.39","6512.06","0","23192.87","21264.28","1928.59","0","organic","SouthCentral"
"31","62670.56","43917.94","2015-05-24 00:00:00","1.39","5442.25","0","13310.37","12139.04","1171.33","0","organic","SouthCentral"
"36","66454.5","44632.62","2015-04-19 00:00:00","1.39","5565.23","31.07","16225.58","15914.33","311.25","0","organic","SouthCentral"
"45","77922.66","32655.36","2015-02-15 00:00:00","1.39","7467.65","0","37799.65","37376.67","422.98","0","organic","SouthCentral"
"46","65372.85","28170.54","2015-02-08 00:00:00","1.39","6886.82","0","30315.49","29646.67","668.82","0","organic","SouthCentral"
"50","53328.53","27767.97","2015-01-11 00:00:00","1.39","8596.61","0","16963.95","16873.34","90.61","0","organic","SouthCentral"
"3","139927.17","22320.01","2015-12-06 00:00:00","1.39","49596.02","61.25","67949.89","3623.32","64326.57","0","organic","West"
"50","223156.55","80139.16","2015-01-11 00:00:00","1.39","111395.01","63.88","31558.5","9296.76","22261.74","0","organic","West"
"29","13968.18","5389.41","2015-05-31 00:00:00","1.39","5289.93","0","3288.84","1948.63","1340.21","0","organic","WestTexNewMexico"
"13","2156.51","3","2016-09-25 00:00:00","1.39","414.32","0","1739.19","545.5","1193.69","0","organic","Boise"
"35","208434.9","18891.23","2016-04-24 00:00:00","1.39","100137.58","3.04","89403.05","89320.2","82.85","0","organic","California"
"36","187358.5","17320","2016-04-17 00:00:00","1.39","84073.76","6.08","85958.66","85340.06","618.6","0","organic","California"
"38","206688.54","17840.63","2016-04-03 00:00:00","1.39","115062.35","0","73785.56","63388.93","10396.63","0","organic","California"
"31","14720.61","408.42","2016-05-22 00:00:00","1.39","9071.13","0","5241.06","1062.17","4178.89","0","organic","CincinnatiDayton"
"30","7507.51","371.44","2016-05-29 00:00:00","1.39","4348.79","54.16","2733.12","590.47","2142.65","0","organic","Columbus"
"44","4382","590.44","2016-02-21 00:00:00","1.39","2960.78","0","830.78","249.56","581.22","0","organic","Columbus"
"33","123789.24","2728.52","2016-05-08 00:00:00","1.39","79832.73","39.76","41188.23","17603.76","23584.47","0","organic","GreatLakes"
"23","20729.16","16079.93","2016-07-17 00:00:00","1.39","30.3","0","4618.93","4578.93","40","0","organic","Houston"
"25","4245.31","432.92","2016-07-03 00:00:00","1.39","1678.17","0","2134.22","1171.51","962.71","0","organic","Indianapolis"
"26","4164.06","414.49","2016-06-26 00:00:00","1.39","1463.24","0","2286.33","1288.33","998","0","organic","Indianapolis"
"41","2555.93","134.82","2016-03-13 00:00:00","1.39","1110.28","0","1310.83","813.33","497.5","0","organic","Indianapolis"
"26","4836.08","1526.49","2016-06-26 00:00:00","1.39","62.92","0","3246.67","3226.67","20","0","organic","MiamiFtLauderdale"
"35","6498.57","1393.96","2016-04-24 00:00:00","1.39","52.58","0","5052.03","5048.7","3.33","0","organic","MiamiFtLauderdale"
"33","103093.15","4623.07","2016-05-08 00:00:00","1.39","50399.91","2604.83","45465.34","25178.32","20287.02","0","organic","Midsouth"
"47","5767.66","750.04","2016-01-31 00:00:00","1.39","2879.87","0","2137.75","973.33","1164.42","0","organic","Nashville"
"35","33498.69","19534.98","2016-04-24 00:00:00","1.39","9311.09","0","4652.62","1072.85","3579.77","0","organic","PhoenixTucson"
"43","51756.47","5743.88","2016-02-28 00:00:00","1.39","20482.8","6482.18","19047.61","8049.71","10997.9","0","organic","Plains"
"4","26868.47","2771.15","2016-11-27 00:00:00","1.39","3371.02","8.24","20718.06","129.82","20588.24","0","organic","Portland"
"11","18266.3","2824.29","2016-10-09 00:00:00","1.39","2772.33","3.32","12666.36","527.54","12138.82","0","organic","Portland"
"35","38186.89","1874.95","2016-04-24 00:00:00","1.39","29434.07","3.32","6874.55","199.01","6675.54","0","organic","Portland"
"10","8473.82","202.21","2016-10-16 00:00:00","1.39","3729.03","293.8","4248.78","2083.75","2165.03","0","organic","RichmondNorfolk"
"21","8573.51","181.07","2016-07-31 00:00:00","1.39","3715.62","360.94","4315.88","2698.99","1616.89","0","organic","RichmondNorfolk"
"2","6116.62","87.29","2016-12-11 00:00:00","1.39","2532.32","0","3497.01","1788.59","1708.42","0","organic","Roanoke"
"15","41227.8","5095.82","2016-09-11 00:00:00","1.39","7772.47","34.94","28324.57","6270","22054.57","0","organic","Seattle"
"20","84966.16","13026.73","2016-08-07 00:00:00","1.39","17547.61","1150.44","53241.38","27465.39","25775.99","0","organic","Southeast"
"17","3938.37","114.1","2016-08-28 00:00:00","1.39","60.94","0","3763.33","3723.33","40","0","organic","Tampa"
"32","252652.39","55508.03","2016-05-15 00:00:00","1.39","137201.71","269.8","59672.85","20447.22","39225.63","0","organic","West"
"39","208015.17","34897.61","2016-03-27 00:00:00","1.39","73832.59","73.54","99211.43","24069.73","75141.7","0","organic","West"
"45","15805.58","1483.39","2016-02-14 00:00:00","1.39","4975.83","38.02","9308.34","6330.13","2978.21","0","organic","WestTexNewMexico"
"7","12395.75","250.66","2017-11-12 00:00:00","1.39","105.43","0","12039.66","6031.35","6008.31","0","organic","BuffaloRochester"
"13","11486.81","277.8","2017-10-01 00:00:00","1.39","111.48","0","11097.53","11092.17","5.36","0","organic","BuffaloRochester"
"2","44435.16","946.46","2017-12-17 00:00:00","1.39","21147.93","0","22340.77","22340.77","0","0","organic","Chicago"
"39","9701.51","801.09","2017-04-02 00:00:00","1.39","3979.66","0","4920.76","2329.41","2591.35","0","organic","Columbus"
"3","13710.63","435.76","2017-12-10 00:00:00","1.39","2561.62","0","10540.47","9555.71","984.76","0","organic","Detroit"
"4","12104.37","403.08","2017-12-03 00:00:00","1.39","2628.08","0","9035.92","8940.1","95.82","0","organic","Detroit"
"27","13598.83","478.09","2017-06-25 00:00:00","1.39","2992.04","0","10128.7","544.59","9584.11","0","organic","Detroit"
"20","26155.98","7796.25","2017-08-13 00:00:00","1.39","22.34","0","18337.39","18327.39","10","0","organic","Houston"
"32","37108.49","10501.86","2017-05-21 00:00:00","1.39","12.01","0","26594.62","26523.44","71.18","0","organic","Houston"
"33","33955.6","10106.86","2017-05-14 00:00:00","1.39","14.14","0","23834.6","23749.3","85.3","0","organic","Houston"
"48","3608.79","238.27","2017-01-29 00:00:00","1.39","58.03","16.05","3296.44","432.22","2864.22","0","organic","Jacksonville"
"50","9442.83","941.79","2017-01-15 00:00:00","1.39","2918.63","0","5582.41","5582.41","0","0","organic","LasVegas"
"38","16825.54","3717.74","2017-04-09 00:00:00","1.39","4797.4","0","8310.4","8212.43","97.97","0","organic","PhoenixTucson"
"3","9389.3","923.14","2017-12-10 00:00:00","1.39","34.45","0","8431.71","8431.71","0","0","organic","Pittsburgh"
"11","13004.97","1168.25","2017-10-15 00:00:00","1.39","81.55","0","11755.17","11748.5","6.67","0","organic","Pittsburgh"
"43","79590.74","6729.74","2017-03-05 00:00:00","1.39","25452.37","464.44","46944.19","19928.87","27015.32","0","organic","Plains"
"44","76034.02","6058.09","2017-02-26 00:00:00","1.39","24558.45","1293.32","44124.16","20679.02","23445.14","0","organic","Plains"
"0","13838.29","496.98","2017-12-31 00:00:00","1.39","2962.71","94.76","10283.84","9802.71","481.13","0","organic","RichmondNorfolk"
"35","55920.43","1574.25","2017-04-30 00:00:00","1.39","12759.95","4.01","41582.22","698.72","40883.5","0","organic","Seattle"
"36","56242.52","1787.17","2017-04-23 00:00:00","1.39","12544.82","4.07","41906.46","495.17","41411.29","0","organic","Seattle"
"45","65605.97","9588.84","2017-02-19 00:00:00","1.39","11456.39","228.44","44332.3","20468.32","23863.98","0","organic","Southeast"
"20","4017.01","0","2017-08-13 00:00:00","1.39","169.15","0","3847.86","2080.86","1767","0","organic","Syracuse"
"10","66149.27","1264.25","2018-01-14 00:00:00","1.39","10025.87","105.72","54753.43","54746.77","6.66","0","organic","BaltimoreWashington"
"4","36823.42","8387.3","2018-02-25 00:00:00","1.39","751.32","24.81","27659.99","26783.45","876.54","0","organic","Denver"
"2","141932.83","12839.05","2018-03-11 00:00:00","1.39","36894.48","0","92199.3","92190.53","8.77","0","organic","LosAngeles"
"3","7466.34","521.04","2018-03-04 00:00:00","1.39","142.08","0","6803.22","6275.55","527.67","0","organic","NewOrleansMobile"
"5","9239.49","290.98","2018-02-18 00:00:00","1.39","188.28","0","8760.23","8156.67","603.56","0","organic","NewOrleansMobile"
"5","793464.77","150620","2018-02-18 00:00:00","1.39","425616.86","874.9","216353.01","197949.51","18403.5","0","organic","Northeast"
"6","22495.69","0","2018-02-11 00:00:00","1.39","176.23","0","22319.46","22319.46","0","0","organic","NorthernNewEngland"
"10","13344.06","1422.34","2018-01-14 00:00:00","1.39","38.22","0","11883.5","11880.17","3.33","0","organic","Pittsburgh"
"17","83731.42","1406.11","2015-08-30 00:00:00","1.38","61600.62","241.67","20483.02","20483.02","0","0","conventional","BuffaloRochester"
"29","130908.11","779.02","2015-06-07 00:00:00","1.38","57999.61","138.81","71990.67","71990.67","0","0","conventional","BuffaloRochester"
"11","264227.78","4555.33","2015-10-11 00:00:00","1.38","206738.06","491.68","52442.71","49064.3","3378.41","0","conventional","HartfordSpringfield"
"44","220210.32","3632.57","2015-02-22 00:00:00","1.38","142741.2","285.7","73550.85","71330.51","2220.34","0","conventional","HartfordSpringfield"
"50","232640.15","4365.27","2015-01-11 00:00:00","1.38","143001.84","223.15","85049.89","83319.8","1730.09","0","conventional","HartfordSpringfield"
"24","372062.3","15106.58","2015-07-12 00:00:00","1.38","233808.22","1885.79","121261.71","109196.16","11757.42","308.13","conventional","Philadelphia"
"26","378931.1","15520.17","2015-06-28 00:00:00","1.38","234777.69","806.52","127826.72","111168.32","16658.4","0","conventional","Philadelphia"
"50","315984.22","14323.61","2015-01-11 00:00:00","1.38","198387.14","1715.41","101558.06","88980","12578.06","0","conventional","Philadelphia"
"46","66360.74","1904.73","2015-02-08 00:00:00","1.38","37355.04","990.22","26110.75","20249.85","5860.9","0","conventional","Pittsburgh"
"13","651697.34","208309.03","2015-09-27 00:00:00","1.38","349648.86","28301.64","65437.81","64581.92","785.56","70.33","conventional","SanFrancisco"
"5","39100.45","846.69","2015-11-22 00:00:00","1.38","22314.4","34.38","15904.98","15904.98","0","0","conventional","Syracuse"
"23","59427.83","593.22","2015-07-19 00:00:00","1.38","34449.87","1027.97","23356.77","23356.77","0","0","conventional","Syracuse"
"38","50015.81","716.97","2015-04-05 00:00:00","1.38","24675.99","20.46","24602.39","24340.17","262.22","0","conventional","Syracuse"
"28","111394.5","7531.24","2016-06-12 00:00:00","1.38","83771.34","81.25","20010.67","18368.49","282.18","1360","conventional","Albany"
"25","844337.61","63050.59","2016-07-03 00:00:00","1.38","501970.38","50114.65","229201.99","214851.77","2969.08","11381.14","conventional","BaltimoreWashington"
"25","585484.69","11397.63","2016-07-03 00:00:00","1.38","408601.95","17326.08","148159.03","143276.3","137.73","4745","conventional","Boston"
"15","124095.82","1657.87","2016-09-11 00:00:00","1.38","81283.86","65.32","41088.77","39986.67","1102.1","0","conventional","BuffaloRochester"
"49","132286.31","1778.63","2016-01-17 00:00:00","1.38","49448.64","120.55","80938.49","80938.49","0","0","conventional","BuffaloRochester"
"18","193592.65","44006.63","2016-08-21 00:00:00","1.38","62975.71","20731.35","65878.96","64095.85","1628.11","155","conventional","Charlotte"
"6","116814.65","52996.11","2016-11-13 00:00:00","1.38","26129.41","1460.24","36228.89","34146.46","2082.43","0","conventional","Columbus"
"12","2618805.67","389791.16","2016-10-02 00:00:00","1.38","1183844.04","129395.86","915774.61","591584.72","307678.2","16511.69","conventional","GreatLakes"
"12","2540672.44","662661.76","2016-10-02 00:00:00","1.38","965796.82","77380.74","834833.12","709302.35","123116.88","2413.89","conventional","Midsouth"
"4","148538.06","76603.69","2016-11-27 00:00:00","1.38","17900.83","50","53983.54","40901.98","12685.45","396.11","conventional","NewOrleansMobile"
"16","374902.91","83711.04","2016-09-04 00:00:00","1.38","209147.77","6202.12","75841.98","75401.98","0","440","conventional","NorthernNewEngland"
"1","336267.19","11534.6","2016-12-18 00:00:00","1.38","231497.95","2123.6","91111.04","84390.74","6638.08","82.22","conventional","Philadelphia"
"29","111137.97","2020.28","2016-06-05 00:00:00","1.38","61595.07","1293.72","46228.9","30730.27","15178.63","320","conventional","Pittsburgh"
"17","812410.86","258578.88","2016-08-28 00:00:00","1.38","469333.14","13522.19","70976.65","68675.23","990.31","1311.11","conventional","SanFrancisco"
"37","765652.36","216993.87","2016-04-10 00:00:00","1.38","399403.75","61241.91","88012.83","85683.08","894.49","1435.26","conventional","SanFrancisco"
"5","2670425.59","1054588.13","2016-11-20 00:00:00","1.38","480430.32","8082.2","1127324.94","592607.45","532645.82","2071.67","conventional","Southeast"
"12","3106952.74","1267964.11","2016-10-02 00:00:00","1.38","621971.41","10940.09","1206077.13","602427.54","602149.59","1500","conventional","Southeast"
"9","56428.14","1110.87","2016-10-23 00:00:00","1.38","37054.07","41.02","18222.18","18222.18","0","0","conventional","Syracuse"
"17","71711.83","5939.38","2016-08-28 00:00:00","1.38","45349.71","16.1","20406.64","19306.64","0","1100","conventional","Syracuse"
"6","323761.18","124544.12","2016-11-13 00:00:00","1.38","69065.25","148.09","130003.72","63858.93","66144.79","0","conventional","Tampa"
"32","100256.85","2307.02","2017-05-21 00:00:00","1.38","86817.51","334.01","10798.31","5338.56","5203.08","256.67","conventional","Albany"
"45","721257.38","96158.54","2017-02-19 00:00:00","1.38","434568.32","9538.66","180991.86","169659.38","10733.87","598.61","conventional","BaltimoreWashington"
"22","5571000.96","2179199.68","2017-07-30 00:00:00","1.38","2206571.02","152942.18","1032288.08","948516.41","28336.99","55434.68","conventional","California"
"24","209534.16","44530.25","2017-07-16 00:00:00","1.38","73163.04","6036.41","85804.46","77573.02","4561.45","3669.99","conventional","Charlotte"
"29","224288.57","50865.51","2017-06-11 00:00:00","1.38","86113.51","6816.9","80492.65","69740.45","5812.2","4940","conventional","Charlotte"
"5","2254700","483896","2017-11-26 00:00:00","1.38","837408","128863","804532","475224","328481","827","conventional","GreatLakes"
"24","3372297.92","613737.91","2017-07-16 00:00:00","1.38","1337473.31","342667.93","1078418.77","686341.95","302794.91","89281.91","conventional","GreatLakes"
"35","3584134.9","633332.25","2017-04-30 00:00:00","1.38","1431880.81","277355.63","1241566.21","797304.37","407221.12","37040.72","conventional","GreatLakes"
"36","3193269.98","536784.83","2017-04-23 00:00:00","1.38","1228762.83","224335.83","1203386.49","762724.52","400843.02","39818.95","conventional","GreatLakes"
"42","2883466.63","460240.32","2017-03-12 00:00:00","1.38","1259335.82","211090.34","952800.15","549146.17","358275","45378.98","conventional","GreatLakes"
"7","201442","31166","2017-11-12 00:00:00","1.38","99684","74","70518","54249","16269","0","conventional","HarrisburgScranton"
"23","224207.07","44426.16","2017-07-23 00:00:00","1.38","116786.25","100.44","62894.22","58580.71","1086.84","3226.67","conventional","HarrisburgScranton"
"24","224434.92","42951.31","2017-07-16 00:00:00","1.38","120360.02","131.85","60991.74","53141.81","3621.04","4228.89","conventional","HarrisburgScranton"
"40","254599.21","52944.04","2017-03-26 00:00:00","1.38","131659.03","340.26","69655.88","68119.1","1536.78","0","conventional","HarrisburgScranton"
"5","229399","5695","2017-11-26 00:00:00","1.38","153323","88","70294","42139","28155","0","conventional","HartfordSpringfield"
"6","264765","4591","2017-11-19 00:00:00","1.38","169972","131","90071","61128","28942","0","conventional","HartfordSpringfield"
"1","127181.54","67108.8","2017-12-24 00:00:00","1.38","8048.69","314","51710.05","25721.96","25598.09","390","conventional","Jacksonville"
"23","2484918.32","1266618.54","2017-07-23 00:00:00","1.38","407573.08","99404.46","711322.24","652958.02","12421.66","45942.56","conventional","LosAngeles"
"20","93447.51","2736.38","2017-08-13 00:00:00","1.38","37308.97","121.05","53281.11","27903.99","24543.79","833.33","conventional","Louisville"
"31","3380161.63","750399.45","2017-05-28 00:00:00","1.38","1352784.05","35153.44","1241824.69","1002083.8","230580.56","9160.33","conventional","Midsouth"
"35","3291328.16","771445.46","2017-04-30 00:00:00","1.38","1301500.7","32879.9","1185502.1","1038439.12","142458.63","4604.35","conventional","Midsouth"
"30","256543.43","158511.61","2017-06-04 00:00:00","1.38","25352.42","298","72381.4","53362.71","5313.69","13705","conventional","NewOrleansMobile"
"40","236515.28","133157.9","2017-03-26 00:00:00","1.38","29086.58","355.97","73914.83","53280.49","10526.56","10107.78","conventional","NewOrleansMobile"
"50","1384264.04","14301.61","2017-01-15 00:00:00","1.38","995747.96","58355.49","315858.98","275101.56","38860.92","1896.5","conventional","NewYork"
"23","464876.48","7288.33","2017-07-23 00:00:00","1.38","387463.06","6472.03","63653.06","10484.64","49641.75","3526.67","conventional","NorthernNewEngland"
"36","404739.65","12604.22","2017-04-23 00:00:00","1.38","255970.54","2244.84","133920.05","41763.06","92156.99","0","conventional","NorthernNewEngland"
"40","416769.78","10551.64","2017-03-26 00:00:00","1.38","299053.26","2432.2","104732.68","43814.83","60380.35","537.5","conventional","NorthernNewEngland"
"43","384828.85","9417.54","2017-03-05 00:00:00","1.38","318710.7","4245.38","52455.23","52455.23","0","0","conventional","NorthernNewEngland"
"7","330006","203135","2017-11-12 00:00:00","1.38","24511","902","101458","80933","20525","0","conventional","Orlando"
"23","361733.69","237300.29","2017-07-23 00:00:00","1.38","33319.21","196.65","90917.54","48111.11","36664.21","6142.22","conventional","Orlando"
"5","337065","17523","2017-11-26 00:00:00","1.38","172416","269","146857","118548","28309","0","conventional","Philadelphia"
"9","1536445.96","679340.39","2017-10-29 00:00:00","1.38","436908.61","3387.14","416809.82","339758.82","77029.46","21.54","conventional","Plains"
"24","1843260.04","662783.83","2017-07-16 00:00:00","1.38","595296.48","28026.13","557153.6","485370.12","50390.43","21393.05","conventional","Plains"
"31","1975524.7","833904.89","2017-05-28 00:00:00","1.38","499191.31","10560.99","631867.51","584294.01","29543.77","18029.73","conventional","Plains"
"24","530468.65","141903.05","2017-07-16 00:00:00","1.38","173049.68","14908.1","200607.82","108090.39","91624.34","893.09","conventional","Portland"
"18","215394.7","47758.49","2017-08-27 00:00:00","1.38","75623.15","1559.71","90453.35","86399.49","3209.24","844.62","conventional","RichmondNorfolk"
"30","261051.5","68705.59","2017-06-04 00:00:00","1.38","108536.25","2472.06","81337.6","77842.84","1729.76","1765","conventional","RichmondNorfolk"
"20","109713","26240.62","2017-08-13 00:00:00","1.38","40274.6","137.22","43060.56","36751.94","4721.95","1586.67","conventional","Roanoke"
"32","363333.32","163512.19","2017-05-21 00:00:00","1.38","72321.42","2900.6","124599.11","91713.47","27830.64","5055","conventional","SouthCarolina"
"38","345869.64","153802.62","2017-04-09 00:00:00","1.38","72253.48","2212.93","117600.61","82167.37","31317.19","4116.05","conventional","SouthCarolina"
"39","366510.61","141146.65","2017-04-02 00:00:00","1.38","73888.66","2180.22","149295.08","122294.03","24716.05","2285","conventional","SouthCarolina"
"22","3266646.69","1874296.82","2017-07-30 00:00:00","1.38","498800.91","3558.7","889990.26","525044.69","321214.36","43731.21","conventional","Southeast"
"31","3916908.69","2252109.64","2017-05-28 00:00:00","1.38","450910.1","5062.46","1208826.49","789659.56","371172.96","47993.97","conventional","Southeast"
"32","3609377.95","2047913.44","2017-05-21 00:00:00","1.38","423449.51","7101.98","1130913.02","714273.47","375844.67","40794.88","conventional","Southeast"
"1","149940.62","71923.53","2017-12-24 00:00:00","1.38","12725.42","321.56","64970.11","52479.82","12490.29","0","conventional","StLouis"
"43","112515.7","48508.49","2017-03-05 00:00:00","1.38","8252.62","60.86","55693.73","48821.55","6872.18","0","conventional","StLouis"
"15","62352.95","3606.84","2017-09-17 00:00:00","1.38","36375.29","17.24","22353.58","17869.41","4337.5","146.67","conventional","Syracuse"
"23","68030.78","1193.19","2017-07-23 00:00:00","1.38","40041.52","249.55","26546.52","24946.32","760.2","840","conventional","Syracuse"
"24","69590.82","1077.61","2017-07-16 00:00:00","1.38","42756.31","906.91","24849.99","22863.54","766.45","1220","conventional","Syracuse"
"25","77529.57","1001.92","2017-07-09 00:00:00","1.38","45176.42","381.6","30969.63","26802.91","1161.72","3005","conventional","Syracuse"
"1","602177.43","24831.59","2018-03-18 00:00:00","1.38","443903.93","1853.86","131588.05","101891.24","28125.7","1571.11","conventional","Boston"
"10","251260.54","60751.23","2018-01-14 00:00:00","1.38","97094.95","5512.27","87902.09","82964.19","4937.9","0","conventional","Charlotte"
"7","427950.71","11605.62","2018-02-04 00:00:00","1.38","345582.17","1100.67","69662.25","67967.4","1438.65","256.2","conventional","HartfordSpringfield"
"4","399308.69","22334.63","2018-02-25 00:00:00","1.38","293596.94","1398.78","81978.34","37405.1","43809.91","763.33","conventional","NorthernNewEngland"
"1","777300.99","215279.75","2018-03-18 00:00:00","1.38","435108.21","2698.44","124214.59","119694.95","92.29","4427.35","conventional","SanFrancisco"
"8","821352.05","246496.88","2018-01-28 00:00:00","1.38","418612.3","2588.33","153654.54","150232.81","402.62","3019.11","conventional","SanFrancisco"
"0","93961.48","10004.38","2018-03-25 00:00:00","1.38","57087.01","102.7","26767.39","11836.12","14931.27","0","conventional","Syracuse"
"44","10969.92","1780.63","2015-02-22 00:00:00","1.38","7973.37","0","1215.92","83.33","1132.59","0","organic","Atlanta"
"38","5289.64","403.53","2015-04-05 00:00:00","1.38","2859.4","0","2026.71","645.46","1381.25","0","organic","Columbus"
"1","11128.3","5742.81","2015-12-20 00:00:00","1.38","384.49","0","5001","4594.21","406.79","0","organic","DallasFtWorth"
"30","9882.68","7376.1","2015-05-31 00:00:00","1.38","398.95","0","2107.63","2107.63","0","0","organic","DallasFtWorth"
"44","15485.45","9117.48","2015-02-22 00:00:00","1.38","851.3","0","5516.67","5516.67","0","0","organic","DallasFtWorth"
"16","2450.75","52.43","2015-09-06 00:00:00","1.38","1262.12","0","1136.2","440","696.2","0","organic","Louisville"
"34","2038.99","1.22","2015-05-03 00:00:00","1.38","829.5","0","1208.27","463.33","744.94","0","organic","Louisville"
"35","2284.48","720.64","2015-04-26 00:00:00","1.38","50.31","0","1513.53","1402.62","110.91","0","organic","Pittsburgh"
"4","20992.27","964.58","2015-11-29 00:00:00","1.38","9321.52","8.34","10697.83","55.39","10642.44","0","organic","Portland"
"44","28687.98","17377.6","2015-02-22 00:00:00","1.38","9920.09","34.1","1356.19","3.33","1352.86","0","organic","Portland"
"28","51786.11","35863","2015-06-14 00:00:00","1.38","5766.06","0","10157.05","10083.7","73.35","0","organic","SouthCentral"
"41","66049.13","38409.71","2015-03-15 00:00:00","1.38","6529.22","0","21110.2","20733.33","376.87","0","organic","SouthCentral"
"47","6444.84","2284.35","2015-02-01 00:00:00","1.38","3738.62","0","421.87","220","201.87","0","organic","Spokane"
"50","4780.87","1159.37","2015-01-11 00:00:00","1.38","3192.62","1.83","427.05","140","287.05","0","organic","Spokane"
"30","14314.2","6545.88","2015-05-24 00:00:00","1.38","4514.13","0","3254.19","1826.67","1427.52","0","organic","WestTexNewMexico"
"16","15106.95","1585.58","2016-09-04 00:00:00","1.38","5389.1","0","8132.27","2064.77","6067.5","0","organic","Atlanta"
"35","9858.95","2236.6","2016-04-24 00:00:00","1.38","4002.17","0","3620.18","1418.66","2201.52","0","organic","Atlanta"
"4","2458.62","0","2016-11-27 00:00:00","1.38","296.35","0","2162.27","598.45","1563.82","0","organic","Boise"
"30","2206.16","5.29","2016-05-29 00:00:00","1.38","1132.48","0","1068.39","473.33","595.06","0","organic","Boise"
"46","156586.25","13085.23","2016-02-07 00:00:00","1.38","84118.36","78.91","59303.75","42734.34","16569.41","0","organic","California"
"26","2515.91","27.16","2016-06-26 00:00:00","1.38","2001.1","0","487.65","440","47.65","0","organic","GrandRapids"
"44","100551.65","11109.56","2016-02-21 00:00:00","1.38","62267.01","0","27175.08","10529.77","16645.31","0","organic","GreatLakes"
"48","10504.4","5289.88","2016-01-24 00:00:00","1.38","111.58","0","5102.94","5096.27","6.67","0","organic","Houston"
"34","4413.98","144.42","2016-05-01 00:00:00","1.38","1825.03","0","2444.53","1424.01","1020.52","0","organic","Indianapolis"
"47","2450.94","281.67","2016-01-31 00:00:00","1.38","1119.38","0","1049.89","516.67","533.22","0","organic","Indianapolis"
"31","17710.51","4850.71","2016-05-22 00:00:00","1.38","8099.11","0","4760.69","496.56","4264.13","0","organic","LasVegas"
"37","13919.54","6553.28","2016-04-10 00:00:00","1.38","2194.66","0","5171.6","4130.9","1040.7","0","organic","PhoenixTucson"
"45","1238.86","195.98","2016-02-14 00:00:00","1.38","164.87","0","878.01","687.9","190.11","0","organic","Pittsburgh"
"44","4281.11","111.37","2016-02-21 00:00:00","1.38","3060.73","0","1109.01","637.88","471.13","0","organic","Roanoke"
"41","20836.85","1821.51","2016-03-13 00:00:00","1.38","12902.73","0","6112.61","1609.13","4503.48","0","organic","SanDiego"
"50","63163.21","20245.33","2016-01-10 00:00:00","1.38","5601.24","0","37316.64","36780.47","536.17","0","organic","SouthCentral"
"51","56538.34","18543.16","2016-01-03 00:00:00","1.38","4853.37","0","33141.81","32138.91","1002.9","0","organic","SouthCentral"
"2","2137.62","10.17","2016-12-11 00:00:00","1.38","598.15","0","1529.3","31.65","1497.65","0","organic","Spokane"
"36","1022217.32","115155.65","2016-04-17 00:00:00","1.38","388081.34","7878.94","511101.39","352484.76","158616.63","0","organic","TotalUS"
"26","21667.76","5547.63","2016-06-26 00:00:00","1.38","6169.07","14.21","9936.85","4803.33","5133.52","0","organic","WestTexNewMexico"
"9","5583.79","12.99","2017-10-29 00:00:00","1.38","180.62","0","5390.18","5390.18","0","0","organic","Albany"
"32","21857.76","1307.02","2017-05-21 00:00:00","1.38","7474.67","0","13076.07","1010.73","12065.34","0","organic","Atlanta"
"25","9167.98","584.28","2017-07-09 00:00:00","1.38","2285.45","0","6298.25","1024.34","5273.91","0","organic","Columbus"
"32","35664.49","25044.47","2017-05-21 00:00:00","1.38","4244.27","82.46","6293.29","5217.41","1075.88","0","organic","Denver"
"47","17713.66","9065.62","2017-02-05 00:00:00","1.38","1335.07","20.82","7292.15","105.6","7186.55","0","organic","Denver"
"2","8332.81","203.03","2017-12-17 00:00:00","1.38","1370.79","0","6714.99","4720.6","1994.39","0","organic","Indianapolis"
"25","6897.96","74.91","2017-07-09 00:00:00","1.38","1186.42","0","5636.63","374.39","5262.24","0","organic","Indianapolis"
"39","3166.23","0","2017-04-02 00:00:00","1.38","1676.19","0","1490.04","390","1100.04","0","organic","Louisville"
"22","4635.79","10.67","2017-07-30 00:00:00","1.38","17.35","0","4607.77","4607.77","0","0","organic","MiamiFtLauderdale"
"45","64262.13","16636.2","2017-02-19 00:00:00","1.38","41845.91","6.29","5773.73","5710.82","62.91","0","organic","Philadelphia"
"39","16511.26","3853.09","2017-04-02 00:00:00","1.38","4420.79","0","8237.38","8098.05","139.33","0","organic","PhoenixTucson"
"42","17655.67","4464.31","2017-03-12 00:00:00","1.38","4728.74","2.29","8460.33","8211.04","249.29","0","organic","PhoenixTucson"
"42","11551.46","758.63","2017-03-12 00:00:00","1.38","3866.61","203.16","6723.06","3672.71","3050.35","0","organic","SouthCarolina"
"46","9862.15","430.33","2017-02-12 00:00:00","1.38","3098.64","152.5","6180.68","4690.21","1490.47","0","organic","SouthCarolina"
"43","3789.26","116.07","2017-03-05 00:00:00","1.38","1156.47","13.72","2503","23.33","2479.67","0","organic","Spokane"
"8","5329.36","76.51","2017-11-05 00:00:00","1.38","38.25","0","5214.6","5041.26","173.34","0","organic","Syracuse"
"42","1337596.89","152896.45","2017-03-12 00:00:00","1.38","330081.75","3188.52","851430.17","491035.95","360394.22","0","organic","TotalUS"
"3","8580.63","1197.38","2018-03-04 00:00:00","1.38","159.65","0","7223.6","894.23","6329.37","0","organic","BuffaloRochester"
"3","28406.76","5610.19","2018-03-04 00:00:00","1.38","618.5","0","22178.07","20545.89","1632.18","0","organic","DallasFtWorth"
"11","39706.28","8896.86","2018-01-07 00:00:00","1.38","939.38","22.09","29847.95","28597.18","1250.77","0","organic","Denver"
"11","30428.43","9238.55","2018-01-07 00:00:00","1.38","61.24","0","21128.64","20778.64","350","0","organic","Houston"
"1","4573.23","0","2018-03-18 00:00:00","1.38","1367.86","0","3205.37","1470.9","1734.47","0","organic","Louisville"
"11","4622.45","4","2018-01-07 00:00:00","1.38","1207.46","0","3410.99","2226.12","1184.87","0","organic","Louisville"
"5","5810.43","23.53","2018-02-18 00:00:00","1.38","2027.68","0","3759.22","3424.33","334.89","0","organic","Nashville"
"2","8686.28","202.25","2018-03-11 00:00:00","1.38","688.21","0","7795.82","7614.44","181.38","0","organic","Orlando"
"0","16411.89","956.73","2018-03-25 00:00:00","1.38","10.91","0","15444.25","15430.91","13.34","0","organic","Pittsburgh"
"4","12853.38","880.24","2018-02-25 00:00:00","1.38","33.16","0","11939.98","11933.31","6.67","0","organic","Pittsburgh"
"8","13137.18","1259.41","2018-01-28 00:00:00","1.38","10.08","0","11867.69","11867.69","0","0","organic","Pittsburgh"
"11","13878.44","1016.81","2018-01-07 00:00:00","1.38","6.6","0","12855.03","12855.03","0","0","organic","Pittsburgh"
"0","16025.2","163.55","2018-03-25 00:00:00","1.38","4234.24","81.45","11545.96","9882.44","1663.52","0","organic","SouthCarolina"
"26","89534.81","664.23","2015-06-28 00:00:00","1.37","57545.79","4662.71","26662.08","26311.76","350.32","0","conventional","Albany"
"1","90867.51","1164.92","2015-12-20 00:00:00","1.37","38430.71","106.67","51165.21","51165.21","0","0","conventional","BuffaloRochester"
"30","142817.83","13199.86","2015-05-31 00:00:00","1.37","80053.62","6630.76","42933.59","26714.31","15126.47","1092.81","conventional","Indianapolis"
"23","1251919.24","20811.41","2015-07-19 00:00:00","1.37","923816.05","2324.14","304967.64","256581.76","48382.38","3.5","conventional","NewYork"
"31","1515022.63","21741.7","2015-05-24 00:00:00","1.37","1103694.97","1724.03","387861.93","322563.16","65288.42","10.35","conventional","NewYork"
"49","1044280.56","18945.56","2015-01-18 00:00:00","1.37","749309.2","3039.37","272986.43","211934.06","61052.37","0","conventional","NewYork"
"17","74510.02","1493.6","2015-08-30 00:00:00","1.37","40727.85","3632.29","28656.28","20079.07","8573.41","3.8","conventional","Pittsburgh"
"31","700411.03","131638.62","2015-05-24 00:00:00","1.37","467572.13","23810.65","77389.63","76306.09","1083.54","0","conventional","SanFrancisco"
"35","178200.42","86967.98","2015-04-26 00:00:00","1.37","42320.51","15.07","48896.86","48894.75","0","2.11","conventional","StLouis"
"48","44517.84","810.15","2015-01-25 00:00:00","1.37","22526.2","36.39","21145.1","20725.1","420","0","conventional","Syracuse"
"15","81473.15","6258.88","2016-09-11 00:00:00","1.37","63511.85","42.26","11660.16","10839.17","815.99","5","conventional","Albany"
"24","831187.91","64925.62","2016-07-10 00:00:00","1.37","489314.56","44218.72","232729.01","217648.42","2447.94","12632.65","conventional","BaltimoreWashington"
"27","850692.3","61789.19","2016-06-19 00:00:00","1.37","523095.26","54129.89","211677.96","203569.59","3085.45","5022.92","conventional","BaltimoreWashington"
"7","59587.14","24935.25","2016-11-06 00:00:00","1.37","2893.68","7688.17","24070.04","23558.62","408.16","103.26","conventional","Boise"
"17","582023.28","37757.36","2016-08-28 00:00:00","1.37","388173.87","7653.7","148438.35","146015.83","1187.52","1235","conventional","Boston"
"11","135059.42","1117.12","2016-10-09 00:00:00","1.37","68716.59","112.39","65113.32","65113.32","0","0","conventional","BuffaloRochester"
"13","2834326.48","484580.09","2016-09-25 00:00:00","1.37","1282328.66","144883.2","922534.53","642865.75","263775.26","15893.52","conventional","GreatLakes"
"5","191755.51","29191.47","2016-11-20 00:00:00","1.37","91102.95","117.32","71343.77","70656.64","687.13","0","conventional","HarrisburgScranton"
"13","222019.37","68045.46","2016-09-25 00:00:00","1.37","89410.32","183.69","64379.9","63530.59","771.53","77.78","conventional","HarrisburgScranton"
"21","253671.67","48175.7","2016-07-31 00:00:00","1.37","110154.96","346.77","94994.24","90147.67","591.57","4255","conventional","HarrisburgScranton"
"7","126205.09","9100.1","2016-11-06 00:00:00","1.37","55557.73","1578.23","59969.03","30459.11","29180.53","329.39","conventional","Indianapolis"
"13","75513.07","1967.21","2016-09-25 00:00:00","1.37","41728.53","413.43","31403.9","13833.11","17570.79","0","conventional","Louisville"
"13","2568161.45","748452.52","2016-09-25 00:00:00","1.37","947415.59","73332.83","798960.51","698140.82","100819.69","0","conventional","Midsouth"
"19","4195423.29","316873.28","2016-08-14 00:00:00","1.37","2323362.26","40749.92","1514437.83","1435534.01","63918.41","14985.41","conventional","Northeast"
"23","412386.17","75192.37","2016-07-17 00:00:00","1.37","228099.87","7593.24","101500.69","94129.58","0","7371.11","conventional","NorthernNewEngland"
"2","356716.07","12147.43","2016-12-11 00:00:00","1.37","231524.76","735.39","112308.49","92567.31","19741.18","0","conventional","Philadelphia"
"20","97959.55","1678.67","2016-08-07 00:00:00","1.37","53440.42","1000.97","41839.49","27914.15","10405.34","3520","conventional","Pittsburgh"
"12","1352081.51","598896.04","2016-10-02 00:00:00","1.37","378848.86","5181.48","369155.13","314559.24","49039.38","5556.51","conventional","Plains"
"10","247656.68","91951.02","2016-10-16 00:00:00","1.37","64317.25","17584.71","73803.7","70168.55","3635.15","0","conventional","RaleighGreensboro"
"20","453622.9","149607.29","2016-08-07 00:00:00","1.37","239914.38","13055.76","51045.47","51032.16","13.31","0","conventional","Sacramento"
"6","353828.79","120524.26","2016-11-13 00:00:00","1.37","126173.1","18445.16","88686.27","74992.87","13258.4","435","conventional","SanDiego"
"32","772064.79","201205.64","2016-05-15 00:00:00","1.37","438490.13","61090.32","71278.7","69780.99","1042.15","455.56","conventional","SanFrancisco"
"6","2819888.75","1219549.43","2016-11-13 00:00:00","1.37","506554.74","13358.39","1080426.19","543743.7","535602.77","1079.72","conventional","Southeast"
"11","2885138.33","1122505.43","2016-10-09 00:00:00","1.37","657057.65","7239.64","1098335.61","516483.34","580235.88","1616.39","conventional","Southeast"
"25","85205.46","1970.63","2016-07-03 00:00:00","1.37","47537.91","1.25","35695.67","32830.67","0","2865","conventional","Syracuse"
"49","70134.99","1078.47","2016-01-17 00:00:00","1.37","41232.35","9.75","27814.42","27814.42","0","0","conventional","Syracuse"
"13","349975.92","140782.83","2016-09-25 00:00:00","1.37","66909.61","109.75","142173.73","78485.78","63687.95","0","conventional","Tampa"
"20","534058.7","251178.4","2017-08-13 00:00:00","1.37","62180.62","64.99","220634.69","148972.21","66092.48","5570","conventional","Atlanta"
"34","1097981.24","75658.43","2017-05-07 00:00:00","1.37","722001.76","10048.95","290272.1","282860.48","6800.51","611.11","conventional","BaltimoreWashington"
"19","88030.54","42285.45","2017-08-20 00:00:00","1.37","2840.46","7323.21","35581.42","29076.01","6495.06","10.35","conventional","Boise"
"23","686734.63","7993.86","2017-07-23 00:00:00","1.37","556263.37","6107.14","116370.26","77917.97","35935.62","2516.67","conventional","Boston"
"7","118434","10402","2017-11-12 00:00:00","1.37","55305","48","52678","45324","7354","0","conventional","BuffaloRochester"
"8","115630.87","9707.4","2017-11-05 00:00:00","1.37","54119.19","58.11","51746.17","19894.72","31804.78","46.67","conventional","BuffaloRochester"
"15","140652.67","7007.92","2017-09-17 00:00:00","1.37","59413.46","47.77","74183.52","60985.17","12841.68","356.67","conventional","BuffaloRochester"
"48","163136.7","1541.69","2017-01-29 00:00:00","1.37","72000.86","111.33","89482.82","87723.55","1253.71","505.56","conventional","BuffaloRochester"
"51","158267.23","1506.69","2017-01-08 00:00:00","1.37","83906.44","65.83","72788.27","72703.02","85.25","0","conventional","BuffaloRochester"
"50","196897.85","39546.13","2017-01-15 00:00:00","1.37","84479.17","9918.56","62953.99","52626.61","10327.38","0","conventional","Charlotte"
"31","3562841.46","580440.94","2017-05-28 00:00:00","1.37","1365403.08","269625.44","1347372","776304.5","523114.36","47953.14","conventional","GreatLakes"
"0","195897.4","35962.67","2017-12-31 00:00:00","1.37","106173.46","56.99","53704.28","41330.39","12373.89","0","conventional","HarrisburgScranton"
"1","217968.19","37343.09","2017-12-24 00:00:00","1.37","115065.17","82","65477.93","61171.2","4306.73","0","conventional","HarrisburgScranton"
"2","196746","35590.92","2017-12-17 00:00:00","1.37","101937.4","71.96","59145.72","54104.35","5041.37","0","conventional","HarrisburgScranton"
"21","235902.96","42012.76","2017-08-06 00:00:00","1.37","129112.23","58.47","64719.5","59348.16","2124.67","3246.67","conventional","HarrisburgScranton"
"10","204094.51","61741.1","2017-10-22 00:00:00","1.37","74165.15","682.14","67506.12","46482.24","21023.88","0","conventional","LasVegas"
"24","2558156.26","1327685.51","2017-07-16 00:00:00","1.37","409058.25","105463.36","715949.14","658086.39","14421.29","43441.46","conventional","LosAngeles"
"23","92486.04","2203.65","2017-07-23 00:00:00","1.37","37670.64","134.13","52477.62","24730.17","26604.12","1143.33","conventional","Louisville"
"20","2902604.84","595916.46","2017-08-13 00:00:00","1.37","1267014.94","25765.18","1013908.26","836575.7","148877.99","28454.57","conventional","Midsouth"
"39","243155.13","137881.46","2017-04-02 00:00:00","1.37","33317.61","192.06","71764","53763.94","9845.06","8155","conventional","NewOrleansMobile"
"6","1335298","47063","2017-11-19 00:00:00","1.37","654065","710","633460","448431","185014","16","conventional","NewYork"
"1","3489057.04","186562.39","2017-12-24 00:00:00","1.37","2247768.56","6300.51","1048425.58","887121.16","161276.62","27.8","conventional","Northeast"
"5","3269460","208161","2017-11-26 00:00:00","1.37","1937090","6919","1117290","820402","296888","0","conventional","Northeast"
"6","3680754","192312","2017-11-19 00:00:00","1.37","2061116","7247","1420079","967838","452228","14","conventional","Northeast"
"45","375322.2","8811.46","2017-02-19 00:00:00","1.37","295892.82","3364.17","67253.75","67249.95","3.8","0","conventional","NorthernNewEngland"
"45","369284.51","29184","2017-02-19 00:00:00","1.37","205018.24","1022.62","134059.65","125901.76","7863.07","294.82","conventional","Philadelphia"
"39","122944.98","50365.37","2017-04-02 00:00:00","1.37","27047.63","1687.36","43844.62","35344.15","8500.47","0","conventional","Pittsburgh"
"18","1822828.12","940974.89","2017-08-27 00:00:00","1.37","417322.15","6076.68","458454.4","403908.27","36075.49","18470.64","conventional","Plains"
"8","503544.6","119514.34","2017-11-05 00:00:00","1.37","114867.45","6037.11","263125.7","222651.89","40236.49","237.32","conventional","Seattle"
"21","336237.92","128394.5","2017-08-06 00:00:00","1.37","85339.68","1997.32","120506.42","89592.68","25937.07","4976.67","conventional","SouthCarolina"
"37","368844.67","161105.36","2017-04-16 00:00:00","1.37","75615.93","2256.9","129866.48","92236.52","34384.96","3245","conventional","SouthCarolina"
"41","332804.42","128918.82","2017-03-19 00:00:00","1.37","76830.72","2452.6","124602.28","89623.26","33294.02","1685","conventional","SouthCarolina"
"37","3418235.57","1841481.88","2017-04-16 00:00:00","1.37","429995.14","3755.98","1143002.57","740336.5","378277.12","24388.95","conventional","Southeast"
"4","132165","61716","2017-12-03 00:00:00","1.37","6514","320","63616","41245","22371","0","conventional","StLouis"
"34","214795.58","85199.26","2017-05-07 00:00:00","1.37","18033.84","265.76","111296.72","78386.36","32515.65","394.71","conventional","StLouis"
"35","200743.79","118005.58","2017-04-30 00:00:00","1.37","22429.27","203.47","60105.47","59450.76","191.94","462.77","conventional","StLouis"
"40","88278.7","1578.03","2017-03-26 00:00:00","1.37","56606.36","10.97","30083.34","26771.35","3311.99","0","conventional","Syracuse"
"4","836294.71","104218.01","2018-02-25 00:00:00","1.37","479773.13","4765.7","247537.87","243370.62","3930.59","236.66","conventional","BaltimoreWashington"
"8","247893.13","68666.93","2018-01-28 00:00:00","1.37","79639.9","4802.79","94783.51","89456.12","5327.39","0","conventional","Charlotte"
"0","698961.15","474642.82","2018-03-25 00:00:00","1.37","53923.97","2049.21","168345.15","106478.51","61776.64","90","conventional","MiamiFtLauderdale"
"4","5205.88","1340.82","2015-11-29 00:00:00","1.37","2104.37","0","1760.69","103.33","1657.36","0","organic","Atlanta"
"49","10051.4","282.08","2015-01-18 00:00:00","1.37","9374.23","0","395.09","351.87","43.22","0","organic","CincinnatiDayton"
"27","9936.12","7968.59","2015-06-21 00:00:00","1.37","486.7","0","1480.83","1480.83","0","0","organic","DallasFtWorth"
"34","6568.67","5350.74","2015-05-03 00:00:00","1.37","207.93","0","1010","1010","0","0","organic","DallasFtWorth"
"28","10756.77","623.62","2015-06-14 00:00:00","1.37","7968.37","0","2164.78","1271.84","892.94","0","organic","Detroit"
"34","10694.75","518.26","2015-05-03 00:00:00","1.37","7336.27","0","2840.22","580","2260.22","0","organic","Detroit"
"20","3003.82","2.54","2015-08-09 00:00:00","1.37","2116.56","0","884.72","400","484.72","0","organic","Louisville"
"21","2477.04","4","2015-08-02 00:00:00","1.37","1786.74","0","686.3","36.67","649.63","0","organic","Louisville"
"36","1687.21","0","2015-04-19 00:00:00","1.37","914.76","0","772.45","246.67","525.78","0","organic","Louisville"
"31","107181.78","9466.95","2015-05-24 00:00:00","1.37","54218.49","5347.87","38148.47","22674.58","15473.89","0","organic","Midsouth"
"40","13824.58","11611.97","2015-03-22 00:00:00","1.37","1541.11","0","671.5","659.15","12.35","0","organic","PhoenixTucson"
"43","14618.92","11419.13","2015-03-01 00:00:00","1.37","1565.66","0","1634.13","1626.67","7.46","0","organic","PhoenixTucson"
"36","3182.2","1061.01","2015-04-19 00:00:00","1.37","232.2","0","1888.99","1606.8","282.19","0","organic","Pittsburgh"
"17","50198.43","3242.25","2015-08-30 00:00:00","1.37","35409.64","0","11546.54","0","11546.54","0","organic","Portland"
"23","55813.66","8464.13","2015-07-19 00:00:00","1.37","38289.79","9.93","9049.81","0","9049.81","0","organic","Portland"
"25","7883.53","169.14","2015-07-05 00:00:00","1.37","5367.15","0","2347.24","693.33","1653.91","0","organic","Roanoke"
"21","59918.41","40814.07","2015-08-02 00:00:00","1.37","6636.2","71.02","12397.12","12075.3","321.82","0","organic","SouthCentral"
"29","49534.9","34890.42","2015-06-07 00:00:00","1.37","5388.51","0","9255.97","8464.03","791.94","0","organic","SouthCentral"
"40","71375.61","39985.64","2015-03-22 00:00:00","1.37","7287.16","0","24102.81","23953.34","149.47","0","organic","SouthCentral"
"44","81291.05","43057.55","2015-02-22 00:00:00","1.37","6627.71","0","31605.79","31043.33","562.46","0","organic","SouthCentral"
"48","58961.59","34211.11","2015-01-25 00:00:00","1.37","8792.21","0","15958.27","15613.33","344.94","0","organic","SouthCentral"
"34","912681.57","323883.65","2015-05-03 00:00:00","1.37","380650.64","8951.77","199195.51","119498.18","79697.33","0","organic","TotalUS"
"42","330353.76","119664.32","2015-03-08 00:00:00","1.37","178258.33","176.53","32254.58","14940.27","17314.31","0","organic","West"
"50","20518.45","495.49","2016-01-10 00:00:00","1.37","6973.51","401.96","12647.49","915.73","11731.76","0","organic","BaltimoreWashington"
"49","1728.46","16.47","2016-01-17 00:00:00","1.37","602.97","0","1109.02","153.33","955.69","0","organic","Boise"
"28","10051.16","2","2016-06-12 00:00:00","1.37","571.26","0","9477.9","8165.95","1311.95","0","organic","Boston"
"31","211081.29","22352.56","2016-05-22 00:00:00","1.37","102703.17","4.59","86020.97","86006.72","14.25","0","organic","California"
"41","7157.22","376.52","2016-03-13 00:00:00","1.37","3722.09","4.3","3054.31","619.05","2435.26","0","organic","Columbus"
"50","5663.07","969.19","2016-01-10 00:00:00","1.37","3558.82","0","1135.06","456.52","678.54","0","organic","Columbus"
"5","19634.24","5461.76","2016-11-20 00:00:00","1.37","130.12","0","14042.36","13745.95","296.41","0","organic","DallasFtWorth"
"9","20091.09","10832.47","2016-10-23 00:00:00","1.37","128.56","0","9130.06","8549.22","580.84","0","organic","DallasFtWorth"
"14","22036.49","10442.96","2016-09-18 00:00:00","1.37","2216.61","5.8","9371.12","9071.01","300.11","0","organic","Denver"
"14","12995.36","858.96","2016-09-18 00:00:00","1.37","6615.01","0","5521.39","1142.74","4378.65","0","organic","Detroit"
"46","12049.42","7098.05","2016-02-07 00:00:00","1.37","77.31","0","4874.06","4146.94","727.12","0","organic","Houston"
"27","4509.52","248.19","2016-06-19 00:00:00","1.37","1839.21","0","2422.12","1186.19","1235.93","0","organic","Indianapolis"
"46","3025.26","363.35","2016-02-07 00:00:00","1.37","1459.7","3.32","1198.89","533.33","665.56","0","organic","Indianapolis"
"2","3471.8","13.41","2016-12-11 00:00:00","1.37","28.39","0","3430","3430","0","0","organic","MiamiFtLauderdale"
"9","125288.5","1801.17","2016-10-23 00:00:00","1.37","52241.33","3232.49","68013.51","29612.36","38401.15","0","organic","Midsouth"
"29","121790.25","2930.32","2016-06-05 00:00:00","1.37","48335.37","2415.53","68109.03","38824.18","29284.85","0","organic","Midsouth"
"31","109558.94","3602.18","2016-05-22 00:00:00","1.37","44760.46","1981.25","59215.05","35153.47","24061.58","0","organic","Midsouth"
"40","81394.4","4674.16","2016-03-20 00:00:00","1.37","36286.99","1909.17","38524.08","21286.24","17237.84","0","organic","Midsouth"
"48","6554.54","572.06","2016-01-24 00:00:00","1.37","3389.83","0","2592.65","1536.67","1055.98","0","organic","Nashville"
"42","2612.54","493.68","2016-03-06 00:00:00","1.37","6.06","0","2112.8","2112.8","0","0","organic","NewOrleansMobile"
"50","13336.18","457.95","2016-01-10 00:00:00","1.37","2759.72","8.54","10109.97","114","9995.97","0","organic","Philadelphia"
"32","23075.45","6930.33","2016-05-15 00:00:00","1.37","11799.94","0","4345.18","418.79","3926.39","0","organic","PhoenixTucson"
"42","867.18","136.29","2016-03-06 00:00:00","1.37","127.11","4.59","599.19","588.98","10.21","0","organic","Pittsburgh"
"32","8522.69","193.62","2016-05-15 00:00:00","1.37","5552.32","298.24","2478.51","2022.44","456.07","0","organic","RichmondNorfolk"
"34","8833.79","250.93","2016-05-01 00:00:00","1.37","4755.75","276.15","3550.96","2973.38","577.58","0","organic","RichmondNorfolk"
"49","4509.76","130.27","2016-01-17 00:00:00","1.37","2593.49","0","1786","622.12","1163.88","0","organic","Roanoke"
"33","22751.54","1313.14","2016-05-08 00:00:00","1.37","11595.98","0","9842.42","9788.41","54.01","0","organic","SanDiego"
"34","17211.18","1184.83","2016-05-01 00:00:00","1.37","9050.03","0","6976.32","6870.3","106.02","0","organic","SanDiego"
"38","7335.37","738.12","2016-04-03 00:00:00","1.37","2285.2","298.23","4013.82","3948.93","64.89","0","organic","SouthCarolina"
"2","5795.54","317.18","2016-12-11 00:00:00","1.37","16.63","0","5461.73","3273.33","2188.4","0","organic","Tampa"
"16","4643.21","77.63","2016-09-04 00:00:00","1.37","45.58","0","4520","4450","70","0","organic","Tampa"
"38","5314.1","1777.75","2016-04-03 00:00:00","1.37","65.22","0","3471.13","3471.13","0","0","organic","Tampa"
"45","852463.31","102897.63","2016-02-14 00:00:00","1.37","306235.69","6955.69","436374.3","201936.87","234437.43","0","organic","TotalUS"
"30","249655.68","37317.27","2016-05-29 00:00:00","1.37","123135.77","3020.45","86182.19","52709.61","33472.58","0","organic","West"
"44","163120.64","22049.09","2016-02-21 00:00:00","1.37","50654.13","60.78","90356.64","45278.4","45078.24","0","organic","West"
"27","18402.19","6836.26","2016-06-19 00:00:00","1.37","6446.18","14.24","5105.51","2193.34","2912.17","0","organic","WestTexNewMexico"
"50","12647.9","1591.6","2016-01-10 00:00:00","1.37","4070.29","23.41","6962.6","6780.56","182.04","0","organic","WestTexNewMexico"
"34","18229.58","338.98","2017-05-07 00:00:00","1.37","7980.14","0","9910.46","238.99","9671.47","0","organic","Atlanta"
"18","11184.42","193.45","2017-08-27 00:00:00","1.37","181.75","0","10809.22","9102.12","1707.1","0","organic","BuffaloRochester"
"1","18289.06","389.59","2017-12-24 00:00:00","1.37","2494.02","0","15321.76","12812.55","2509.21","0","organic","Detroit"
"6","16074.67","597.62","2017-11-19 00:00:00","1.37","3005.22","0","12415.57","11976.59","438.98","0","organic","Detroit"
"39","5834.51","98.64","2017-04-02 00:00:00","1.37","1459.63","0","4276.24","1778.32","2497.92","0","organic","Indianapolis"
"27","109872.63","10376.87","2017-06-25 00:00:00","1.37","24717.88","0","74777.88","72884.61","1893.27","0","organic","LosAngeles"
"28","108808.01","11413.1","2017-06-18 00:00:00","1.37","24268.07","0","73126.84","66783.78","6343.06","0","organic","LosAngeles"
"31","122886.52","11731.8","2017-05-28 00:00:00","1.37","29593.14","0","81561.58","81486.37","75.21","0","organic","LosAngeles"
"2","5789.43","69.75","2017-12-17 00:00:00","1.37","79.68","0","5640","5633.33","6.67","0","organic","NewOrleansMobile"
"40","20102.19","4708.54","2017-03-26 00:00:00","1.37","5221.26","0","10172.39","9863.66","308.73","0","organic","PhoenixTucson"
"1","10465.03","851.72","2017-12-24 00:00:00","1.37","4.96","0","9608.35","9608.35","0","0","organic","Pittsburgh"
"2","9321.92","935.25","2017-12-17 00:00:00","1.37","5.12","0","8381.55","8378.22","3.33","0","organic","Pittsburgh"
"5","9578.39","965.14","2017-11-26 00:00:00","1.37","10.53","0","8602.72","8596.05","6.67","0","organic","Pittsburgh"
"31","11900.47","297.27","2017-05-28 00:00:00","1.37","2385.12","0","9218.08","2087.45","7130.63","0","organic","Roanoke"
"21","5742.08","0","2017-08-06 00:00:00","1.37","114.91","0","5627.17","2087.51","3539.66","0","organic","Syracuse"
"49","994282.98","115700.02","2017-01-22 00:00:00","1.37","281786.33","6707.82","590088.81","401805.9","188282.91","0","organic","TotalUS"
"7","28070.22","4977.37","2018-02-04 00:00:00","1.37","561.14","0","22531.71","22281.2","250.51","0","organic","DallasFtWorth"
"3","28699.66","6442.57","2018-03-04 00:00:00","1.37","67.11","0","22189.98","21933.32","256.66","0","organic","Houston"
"1","10458.41","351.4","2018-03-18 00:00:00","1.37","439.42","0","9667.59","9656.48","11.11","0","organic","MiamiFtLauderdale"
"5","75418.33","13696.39","2018-02-18 00:00:00","1.37","42602.91","16.97","19102.06","19085.96","16.1","0","organic","Philadelphia"
"2","113559.93","2019.57","2018-03-11 00:00:00","1.37","19238.35","130.1","92171.91","89311.39","2860.52","0","organic","Southeast"
"4","9144.2","206.39","2018-02-25 00:00:00","1.37","542.89","0","8394.92","7895.92","499","0","organic","Tampa"
"6","99703.72","1803.78","2015-11-15 00:00:00","1.36","41457.12","107.48","56335.34","55593.12","742.22","0","conventional","BuffaloRochester"
"9","99554.55","1545.57","2015-10-25 00:00:00","1.36","36645.91","79.64","61283.43","59381.21","1902.22","0","conventional","BuffaloRochester"
"23","128846.15","1165.75","2015-07-19 00:00:00","1.36","54492.85","2205.14","70982.41","70982.41","0","0","conventional","BuffaloRochester"
"26","137246.7","1235.69","2015-06-28 00:00:00","1.36","51801.73","5397.32","78811.96","78749.74","62.22","0","conventional","BuffaloRochester"
"46","132760.1","1822.41","2015-02-08 00:00:00","1.36","66261.92","161.96","64513.81","63918.25","595.56","0","conventional","BuffaloRochester"
"33","159642.82","7383.85","2015-05-10 00:00:00","1.36","84947.73","3817.57","63493.67","59129.49","4335.74","28.44","conventional","GrandRapids"
"35","277178.42","4159.5","2015-04-26 00:00:00","1.36","206008.87","229.9","66780.15","64008.53","2693.84","77.78","conventional","HartfordSpringfield"
"26","1284789.44","17714.92","2015-06-28 00:00:00","1.36","917010.98","3347.48","346716.06","266450.36","80224.13","41.57","conventional","NewYork"
"39","1183815.23","21780.45","2015-03-29 00:00:00","1.36","882071.76","1812.92","278150.1","216859.46","61290.64","0","conventional","NewYork"
"42","1129333.95","31886.43","2015-03-08 00:00:00","1.36","755537.72","2109.98","339799.82","271636.2","68163.62","0","conventional","NewYork"
"45","997562.44","17342.31","2015-02-15 00:00:00","1.36","688201.27","2659.51","289359.35","240950.54","48408.81","0","conventional","NewYork"
"47","1433763.11","22622.87","2015-02-01 00:00:00","1.36","1084529.78","3251.93","323358.53","243186.43","80172.1","0","conventional","NewYork"
"48","1102868.27","18101.89","2015-01-25 00:00:00","1.36","768131.81","3184.12","313450.45","249848.32","63602.13","0","conventional","NewYork"
"35","3646363.66","110930.88","2015-04-26 00:00:00","1.36","2492744.36","7040.21","1035648.21","902141.63","132855.85","650.73","conventional","Northeast"
"22","373032.23","16844.86","2015-07-26 00:00:00","1.36","251976.91","856.78","103353.68","92024.65","11329.03","0","conventional","Philadelphia"
"44","348215.37","14876.71","2015-02-22 00:00:00","1.36","214953.17","1353.67","117031.82","105513.5","11518.32","0","conventional","Philadelphia"
"48","355645.73","16112.5","2015-01-25 00:00:00","1.36","211453.65","1409.19","126670.39","110991.22","15679.17","0","conventional","Philadelphia"
"38","159461.64","77970.98","2015-04-05 00:00:00","1.36","34544.71","67.97","46877.98","46762.42","115.56","0","conventional","StLouis"
"42","147525.59","73956.89","2015-03-08 00:00:00","1.36","31856.71","48.39","41663.6","41663.6","0","0","conventional","StLouis"
"0","42344.22","828.65","2015-12-27 00:00:00","1.36","23560.51","14.41","17940.65","17940.65","0","0","conventional","Syracuse"
"1","39365.15","646.68","2015-12-20 00:00:00","1.36","22231.33","12.89","16474.25","16474.25","0","0","conventional","Syracuse"
"16","48358.73","675.27","2015-09-06 00:00:00","1.36","37504.92","97.12","10081.42","10081.42","0","0","conventional","Syracuse"
"30","64839.58","744.02","2015-05-31 00:00:00","1.36","34985.62","44.53","29065.41","29065.41","0","0","conventional","Syracuse"
"37","46828.88","670.17","2015-04-12 00:00:00","1.36","21961.57","26.37","24170.77","23944.66","226.11","0","conventional","Syracuse"
"41","42078.58","2534.42","2015-03-15 00:00:00","1.36","20482.33","18.86","19042.97","19020.75","22.22","0","conventional","Syracuse"
"32","96924.19","901.65","2016-05-15 00:00:00","1.36","75847.91","82.97","20091.66","19802.87","288.79","0","conventional","Albany"
"26","830072.5","62585.19","2016-06-26 00:00:00","1.36","509113.95","48949.85","209423.51","202616.05","3059.39","3748.07","conventional","BaltimoreWashington"
"1","85340.08","1276.16","2016-12-18 00:00:00","1.36","52115.34","60.37","31888.21","29696.94","2191.27","0","conventional","BuffaloRochester"
"10","131180.81","1282.7","2016-10-16 00:00:00","1.36","61796.23","50.56","68051.32","68051.32","0","0","conventional","BuffaloRochester"
"42","141228.53","1473.3","2016-03-06 00:00:00","1.36","60516.83","32.49","79205.91","79197.02","8.89","0","conventional","BuffaloRochester"
"28","167703.13","3254.28","2016-06-12 00:00:00","1.36","93760.09","2234","68454.76","62658.2","4765.73","1030.83","conventional","GrandRapids"
"8","2275351.91","456451.3","2016-10-30 00:00:00","1.36","955805.27","88514.18","774581.16","433158.18","335025.88","6397.1","conventional","GreatLakes"
"22","247275.14","42713.11","2016-07-24 00:00:00","1.36","103033.69","272.62","101255.72","92482.57","553.15","8220","conventional","HarrisburgScranton"
"38","254201.52","4183.85","2016-04-03 00:00:00","1.36","204807.91","449.34","44760.42","44065.2","566.68","128.54","conventional","HartfordSpringfield"
"4","111672","32944.9","2016-11-27 00:00:00","1.36","18661.82","94.55","59970.73","19808.01","40162.72","0","conventional","Jacksonville"
"5","117495.72","35506.8","2016-11-20 00:00:00","1.36","19385.22","192.2","62411.5","22359.45","40052.05","0","conventional","Jacksonville"
"10","222712.89","112346.71","2016-10-16 00:00:00","1.36","27293.53","501.91","82570.74","54473.06","16752.68","11345","conventional","NewOrleansMobile"
"0","1087984.9","11329.85","2016-12-25 00:00:00","1.36","713042.43","84414.47","279198.15","241335.64","36654.59","1207.92","conventional","NewYork"
"0","3216470.61","109608.75","2016-12-25 00:00:00","1.36","2191723.95","117488.47","797649.44","742542.5","53297.99","1808.95","conventional","Northeast"
"22","463062.51","83734.79","2016-07-24 00:00:00","1.36","244441.34","7567.92","127318.46","122744.69","3.77","4570","conventional","NorthernNewEngland"
"25","128114.61","1481.6","2016-07-03 00:00:00","1.36","68197.33","1266.4","57169.28","40468.87","11865.41","4835","conventional","Pittsburgh"
"12","261886.32","81422.14","2016-10-02 00:00:00","1.36","79271.53","17415.97","83776.68","79781.02","3059.55","936.11","conventional","RaleighGreensboro"
"10","55053.59","1344.18","2016-10-16 00:00:00","1.36","31561.93","21.67","22125.81","22125.81","0","0","conventional","Syracuse"
"30","82173.8","1259.66","2016-05-29 00:00:00","1.36","52293.06","435.86","28185.22","27875.22","0","310","conventional","Syracuse"
"42","64866.67","1023.58","2016-03-06 00:00:00","1.36","38547.17","38.46","25257.46","25157.67","99.79","0","conventional","Syracuse"
"50","57676.73","757.85","2016-01-10 00:00:00","1.36","31787.68","2","25129.2","25129.2","0","0","conventional","Syracuse"
"6","24075126.49","8235135.43","2016-11-13 00:00:00","1.36","7759608.21","477520.95","7602861.9","5602593.66","1957163.93","43104.31","conventional","TotalUS"
"21","518140.33","252436.49","2017-08-06 00:00:00","1.36","60584.7","69.99","205049.15","137139.1","60271.16","7638.89","conventional","Atlanta"
"6","476236","11494","2017-11-19 00:00:00","1.36","341486","2365","120892","77117","43775","0","conventional","Boston"
"9","121815.11","11383.36","2017-10-29 00:00:00","1.36","53894.54","38.11","56499.1","15584.79","40914.31","0","conventional","BuffaloRochester"
"21","5655955.05","2313742.61","2017-08-06 00:00:00","1.36","1892140.35","159763.39","1290308.7","1201486.97","30452.62","58369.11","conventional","California"
"26","224816.41","60811.83","2017-07-02 00:00:00","1.36","76448.74","6627.47","80928.37","71119.63","5358.74","4450","conventional","Charlotte"
"34","303551.54","76880.62","2017-05-07 00:00:00","1.36","106192.08","11654.08","108824.76","98860.28","9964.48","0","conventional","Charlotte"
"1","707646.11","83138.48","2017-12-24 00:00:00","1.36","417905.67","116405.91","90196.05","78806.93","11311.18","77.94","conventional","Chicago"
"1","159238.4","34443.54","2017-12-24 00:00:00","1.36","41602.51","20559.93","62632.42","48089.04","14510.77","32.61","conventional","CincinnatiDayton"
"24","150749.34","61744.88","2017-07-16 00:00:00","1.36","28471.78","2046.27","58486.41","49408.65","7883.21","1194.55","conventional","Columbus"
"5","543243","125916","2017-11-26 00:00:00","1.36","171383","12038","233907","93132","140775","0","conventional","Denver"
"37","3543152.49","561509.96","2017-04-16 00:00:00","1.36","1337527.18","255439.7","1388675.65","937394.9","394791.96","56488.79","conventional","GreatLakes"
"22","222758.77","41369.26","2017-07-30 00:00:00","1.36","115565.26","55.81","65768.44","64199.34","285.77","1283.33","conventional","HarrisburgScranton"
"23","155196.74","7482.96","2017-07-23 00:00:00","1.36","70451.99","843.55","76418.24","37123.85","37812.55","1481.84","conventional","Indianapolis"
"27","180199.86","99600.41","2017-06-25 00:00:00","1.36","16687.42","75.35","63836.68","33088.12","28278.56","2470","conventional","Jacksonville"
"32","252110.25","155348.21","2017-05-21 00:00:00","1.36","27177.19","345.91","69238.94","46750.78","10833.16","11655","conventional","NewOrleansMobile"
"45","3526205.21","321067.02","2017-02-19 00:00:00","1.36","2259557.92","21331.82","924248.45","848018.16","75165.19","1065.1","conventional","Northeast"
"50","4250958.55","203358.77","2017-01-15 00:00:00","1.36","2913734.21","96705.28","1037160.29","969744.48","64997.68","2418.13","conventional","Northeast"
"1","347811.65","8585.08","2017-12-24 00:00:00","1.36","251130.76","1335.19","86760.62","24294.77","62465.85","0","conventional","NorthernNewEngland"
"6","311603","8451","2017-11-19 00:00:00","1.36","230533","1285","71335","16744","54591","0","conventional","NorthernNewEngland"
"38","119196.56","48580.74","2017-04-09 00:00:00","1.36","25212.69","1465.76","43937.37","36384.09","7553.28","0","conventional","Pittsburgh"
"10","511400.66","138574.37","2017-10-22 00:00:00","1.36","127745.69","14424.63","230655.97","189637.21","40584.24","434.52","conventional","Portland"
"5","225495","64578","2017-11-26 00:00:00","1.36","73321","3144","84452","82420","2032","0","conventional","RaleighGreensboro"
"6","247612","72444","2017-11-19 00:00:00","1.36","79451","3778","91940","89013","2925","2","conventional","RaleighGreensboro"
"8","407622.18","129130.3","2017-11-05 00:00:00","1.36","234394.74","1020.06","43077.08","38736.42","429.99","3910.67","conventional","Sacramento"
"38","431593.41","131487.05","2017-04-09 00:00:00","1.36","248393.09","1003.61","50709.66","46825.36","5.97","3878.33","conventional","Sacramento"
"20","370979.09","154159.71","2017-08-13 00:00:00","1.36","86025.66","2120","128673.72","93633.15","28100.57","6940","conventional","SouthCarolina"
"36","374054.54","161218.94","2017-04-23 00:00:00","1.36","72371.77","2161.37","138302.46","109288.68","27426.79","1586.99","conventional","SouthCarolina"
"23","3580363.85","2109070.98","2017-07-23 00:00:00","1.36","533696.3","3991.94","933604.63","523093.86","346162.09","64348.68","conventional","Southeast"
"24","3516276.38","2006796.85","2017-07-16 00:00:00","1.36","518858.64","4070.44","986550.45","596733.72","324532.55","65284.18","conventional","Southeast"
"33","3560841.76","1996527.25","2017-05-14 00:00:00","1.36","387915.89","8542.18","1167856.44","781111.52","343498.72","43246.2","conventional","Southeast"
"42","102939.99","48343.63","2017-03-12 00:00:00","1.36","10325.95","49.81","44220.6","43898.79","321.81","0","conventional","StLouis"
"35","96486.66","1552.03","2017-04-30 00:00:00","1.36","59920.21","20","34994.42","30442.04","4552.38","0","conventional","Syracuse"
"48","71809.68","1270.55","2017-01-29 00:00:00","1.36","44228.54","101","26209.59","25395.9","813.69","0","conventional","Syracuse"
"2","874780.27","104341.22","2018-03-11 00:00:00","1.36","484252.62","4933.91","281252.52","278834","2348.52","70","conventional","BaltimoreWashington"
"5","224395.77","53547.46","2018-02-18 00:00:00","1.36","75445.39","5423.5","89979.42","85685.59","4293.83","0","conventional","Charlotte"
"11","243301.08","69157.01","2018-01-07 00:00:00","1.36","80320.79","4915.1","88908.18","84280.34","4627.84","0","conventional","Charlotte"
"0","908202.13","142681.06","2018-03-25 00:00:00","1.36","463136.28","174975.75","127409.04","103579.41","22467.04","1362.59","conventional","Chicago"
"8","947968.47","108233.69","2018-01-28 00:00:00","1.36","515116.55","124271.04","200347.19","79871.28","120462.37","13.54","conventional","Chicago"
"4","647233.53","420401.52","2018-02-25 00:00:00","1.36","51048.05","1505.14","174278.82","120093.14","54105.68","80","conventional","MiamiFtLauderdale"
"3","443651.36","37703.03","2018-03-04 00:00:00","1.36","231605.34","335.17","174007.82","151599.08","20573.19","1835.55","conventional","Philadelphia"
"10","171192.49","76981.79","2018-01-14 00:00:00","1.36","12192.94","419.29","81598.47","65370.95","16227.52","0","conventional","StLouis"
"8","461179.38","294233.52","2018-01-28 00:00:00","1.36","36783.53","958.61","129203.72","77554.08","51622.97","26.67","conventional","Tampa"
"3","1286.83","11.75","2015-12-06 00:00:00","1.36","533.55","0","741.53","73.33","668.2","0","organic","Boise"
"35","2154.49","9.05","2015-04-26 00:00:00","1.36","1579.24","0","566.2","203.33","362.87","0","organic","Boise"
"5","8662.14","336.76","2015-11-22 00:00:00","1.36","7558.29","0","767.09","193.33","573.76","0","organic","CincinnatiDayton"
"35","16289.6","256.76","2015-04-26 00:00:00","1.36","13336.25","0","2696.59","563.33","2133.26","0","organic","CincinnatiDayton"
"10","4135.76","502.82","2015-10-18 00:00:00","1.36","2726.7","0","906.24","227.49","678.75","0","organic","Columbus"
"6","11640.14","7099.89","2015-11-15 00:00:00","1.36","416.6","0","4123.65","4123.65","0","0","organic","DallasFtWorth"
"17","14317.26","9720.71","2015-08-30 00:00:00","1.36","348.71","0","4247.84","4081.53","166.31","0","organic","DallasFtWorth"
"18","17429.71","11090.91","2015-08-23 00:00:00","1.36","565.77","0","5773.03","5238.79","534.24","0","organic","DallasFtWorth"
"31","12809.78","10061.35","2015-05-24 00:00:00","1.36","430.17","0","2318.26","2318.26","0","0","organic","DallasFtWorth"
"38","11720.06","8239.86","2015-04-05 00:00:00","1.36","486.87","0","2993.33","2993.33","0","0","organic","DallasFtWorth"
"39","9162.06","6160.98","2015-03-29 00:00:00","1.36","467.75","0","2533.33","2533.33","0","0","organic","DallasFtWorth"
"2","24285.79","7419.99","2015-12-13 00:00:00","1.36","3155.41","3.32","13707.07","444.05","13263.02","0","organic","Denver"
"14","25808.98","6109.72","2015-09-20 00:00:00","1.36","3509.31","13.7","16176.25","356.67","15819.58","0","organic","Denver"
"15","26282.03","5076.16","2015-09-13 00:00:00","1.36","3584.05","28.59","17593.23","203.33","17389.9","0","organic","Denver"
"16","9622.66","7609.04","2015-09-06 00:00:00","1.36","67.49","0","1946.13","1790","156.13","0","organic","Houston"
"8","52815.97","13987.25","2015-11-01 00:00:00","1.36","20741.07","0","18087.65","17485.6","602.05","0","organic","LosAngeles"
"34","43115.31","14801.85","2015-05-03 00:00:00","1.36","17706.23","0","10607.23","10607.23","0","0","organic","LosAngeles"
"44","44972.88","36585.77","2015-02-22 00:00:00","1.36","905.94","0","7481.17","7481.17","0","0","organic","LosAngeles"
"18","7768.64","388.92","2015-08-23 00:00:00","1.36","4852.16","0","2527.56","1287.54","1240.02","0","organic","Nashville"
"49","12251.87","10248.57","2015-01-18 00:00:00","1.36","1529.97","0","473.33","473.33","0","0","organic","PhoenixTucson"
"50","14035.18","11523.29","2015-01-11 00:00:00","1.36","1632.63","0","879.26","876.68","2.58","0","organic","PhoenixTucson"
"31","10570.74","97.29","2015-05-24 00:00:00","1.36","6165.76","1001.62","3306.07","1933.68","1372.39","0","organic","RaleighGreensboro"
"40","5490.76","68.95","2015-03-22 00:00:00","1.36","4201.88","0","1219.93","233.33","986.6","0","organic","Roanoke"
"44","4664.67","126.76","2015-02-22 00:00:00","1.36","3417.19","0","1120.72","860","260.72","0","organic","Roanoke"
"47","740896.97","302561.47","2015-02-01 00:00:00","1.36","259286.44","5852.28","173196.78","129953.15","43243.63","0","organic","TotalUS"
"7","201480.84","89839.79","2015-11-08 00:00:00","1.36","65551.05","149.12","45940.88","5014.8","40926.08","0","organic","West"
"36","8352.12","2435.07","2016-04-17 00:00:00","1.36","3185.3","0","2731.75","891.93","1839.82","0","organic","Atlanta"
"17","8395.34","9.48","2016-08-28 00:00:00","1.36","678.64","0","7707.22","7653.88","53.34","0","organic","Boston"
"48","154438.32","13658.82","2016-01-24 00:00:00","1.36","86743.65","0","54035.85","17413.71","36622.14","0","organic","California"
"3","5338.71","485.75","2016-12-04 00:00:00","1.36","1639.28","0","3213.68","3074.56","139.12","0","organic","Columbus"
"7","25468.3","7183.02","2016-11-06 00:00:00","1.36","95.81","0","18189.47","17866.27","323.2","0","organic","DallasFtWorth"
"47","15116.17","7396.68","2016-01-31 00:00:00","1.36","626.91","1.42","7091.16","7084.49","6.67","0","organic","DallasFtWorth"
"3","12252.47","529.77","2016-12-04 00:00:00","1.36","4890.87","0","6831.83","6310.2","521.63","0","organic","Detroit"
"34","2405.79","72.15","2016-05-01 00:00:00","1.36","1721.41","0","612.23","604.21","8.02","0","organic","GrandRapids"
"45","2168.35","919.81","2016-02-14 00:00:00","1.36","981.87","0","266.67","266.67","0","0","organic","GrandRapids"
"11","146094.87","4016.81","2016-10-09 00:00:00","1.36","65448.07","1.6","76628.39","24772.44","51855.95","0","organic","GreatLakes"
"37","119113.13","3179.07","2016-04-10 00:00:00","1.36","78515.93","4.67","37413.46","18514.62","18898.84","0","organic","GreatLakes"
"20","21560.06","11937.18","2016-08-07 00:00:00","1.36","20.93","0","9601.95","9475.28","126.67","0","organic","Houston"
"51","9643.77","4233.76","2016-01-03 00:00:00","1.36","53.79","0","5356.22","5288.48","67.74","0","organic","Houston"
"31","3722.4","106.92","2016-05-22 00:00:00","1.36","1841.73","0","1773.75","864.81","908.94","0","organic","Indianapolis"
"36","4133.9","105.66","2016-04-17 00:00:00","1.36","1517.28","2.39","2508.57","1540.29","968.28","0","organic","Indianapolis"
"10","3022.99","435.32","2016-10-16 00:00:00","1.36","83.76","5.9","2498.01","166.67","2331.34","0","organic","Jacksonville"
"14","5115.54","690.53","2016-09-18 00:00:00","1.36","77.79","3.54","4343.68","713.33","3630.35","0","organic","Jacksonville"
"35","19698.45","2546.13","2016-04-24 00:00:00","1.36","13800.58","0","3351.74","744.93","2606.81","0","organic","LasVegas"
"14","3632.29","40.75","2016-09-18 00:00:00","1.36","14.88","0","3576.66","3533.33","43.33","0","organic","MiamiFtLauderdale"
"15","3994.86","52.56","2016-09-11 00:00:00","1.36","25.63","0","3916.67","3893.34","23.33","0","organic","MiamiFtLauderdale"
"16","6149.19","59.27","2016-09-04 00:00:00","1.36","49.92","0","6040","5986.67","53.33","0","organic","MiamiFtLauderdale"
"17","3603.58","37.94","2016-08-28 00:00:00","1.36","38.97","0","3526.67","3496.67","30","0","organic","MiamiFtLauderdale"
"27","112443.19","3446.9","2016-06-19 00:00:00","1.36","49675.69","2822.9","56497.7","26422.55","30075.15","0","organic","Midsouth"
"37","57602.01","4047.05","2016-04-10 00:00:00","1.36","22065.88","7333.68","24155.4","7182.87","16972.53","0","organic","Plains"
"33","9008.52","209.07","2016-05-08 00:00:00","1.36","5266.48","341.25","3191.72","2301.65","890.07","0","organic","RichmondNorfolk"
"33","7229.48","68.12","2016-05-08 00:00:00","1.36","4191","0","2970.36","1395.08","1575.28","0","organic","Roanoke"
"47","33959.31","434.84","2016-01-31 00:00:00","1.36","14514.53","6.65","19003.29","4026.28","14977.01","0","organic","Seattle"
"40","7098.91","714.51","2016-03-20 00:00:00","1.36","1976.73","323.65","4084.02","3922.98","161.04","0","organic","SouthCarolina"
"9","59238.63","4865.35","2016-10-23 00:00:00","1.36","14703.84","419.27","39250.17","5363.63","33886.54","0","organic","Southeast"
"0","4173.63","1490.35","2016-12-25 00:00:00","1.36","349.44","0","2333.84","1183.98","1149.86","0","organic","StLouis"
"18","4345.97","50.16","2016-08-21 00:00:00","1.36","65.81","0","4230","4170","60","0","organic","Tampa"
"27","6441.8","1760","2016-06-19 00:00:00","1.36","128.46","0","4553.34","4526.67","26.67","0","organic","Tampa"
"29","5554.46","1429.71","2016-06-05 00:00:00","1.36","24.75","0","4100","4050","50","0","organic","Tampa"
"31","1165715.01","166883.21","2016-05-22 00:00:00","1.36","455336.56","15807.85","527687.39","370815.25","156872.14","0","organic","TotalUS"
"28","19518.92","8202.09","2016-06-12 00:00:00","1.36","5855.07","1465.64","3996.12","2191.79","1804.33","0","organic","WestTexNewMexico"
"31","30983.48","6703.59","2016-05-22 00:00:00","1.36","12464.46","999.34","10816.09","4708.3","6107.79","0","organic","WestTexNewMexico"
"35","38767.82","2907.01","2016-04-24 00:00:00","1.36","25699","262.86","9898.95","5774.63","4124.32","0","organic","WestTexNewMexico"
"36","37885.9","2655.44","2016-04-17 00:00:00","1.36","25121.02","177.35","9932.09","5036.29","4895.8","0","organic","WestTexNewMexico"
"43","16034.56","2064.7","2016-02-28 00:00:00","1.36","5044.66","7.17","8918.03","8879.53","38.5","0","organic","WestTexNewMexico"
"8","12253.81","175.18","2017-11-05 00:00:00","1.36","92.84","0","11985.79","10351.66","1634.13","0","organic","BuffaloRochester"
"47","169739.8","37220.31","2017-02-05 00:00:00","1.36","82017.4","9.46","50492.63","49406.12","1086.51","0","organic","California"
"0","14495.2","483.32","2017-12-31 00:00:00","1.36","4217.86","0","9794.02","7802.06","1991.96","0","organic","CincinnatiDayton"
"37","221705.72","4259.78","2017-04-16 00:00:00","1.36","103729.98","3.32","113712.64","35865.04","77847.6","0","organic","GreatLakes"
"38","201552.43","4791.02","2017-04-09 00:00:00","1.36","90048.62","0","106712.79","28412.98","78299.81","0","organic","GreatLakes"
"0","25590.34","9524.47","2017-12-31 00:00:00","1.36","114.02","0","15951.85","15635.18","316.67","0","organic","Houston"
"52","9563.83","997.48","2017-01-01 00:00:00","1.36","2950.94","0","5615.41","5478.55","136.86","0","organic","LasVegas"
"47","2108.66","0","2017-02-05 00:00:00","1.36","991.67","0","1116.99","441.11","675.88","0","organic","Louisville"
"45","420410.54","100285.03","2017-02-19 00:00:00","1.36","288953.97","366.3","30805.24","29223.4","1581.84","0","organic","NewYork"
"4","12342.47","1017.69","2017-12-03 00:00:00","1.36","52.82","0","11271.96","11265.3","6.66","0","organic","Pittsburgh"
"0","16505.2","72.42","2017-12-31 00:00:00","1.36","4072.89","116.33","12243.56","11889.19","354.37","0","organic","SouthCarolina"
"27","130227.23","48461.43","2017-06-25 00:00:00","1.36","6365.33","0","75400.47","69874.51","5525.96","0","organic","SouthCentral"
"49","58686.47","4163.56","2017-01-22 00:00:00","1.36","12655.77","353.2","41513.94","21717.79","19796.15","0","organic","Southeast"
"50","63939.14","4716.66","2017-01-15 00:00:00","1.36","12386.68","392.83","46442.97","24971.94","21471.03","0","organic","Southeast"
"48","6269.88","1315.28","2017-01-29 00:00:00","1.36","514.22","0","4440.38","811.11","3629.27","0","organic","StLouis"
"47","1015621.03","136100.39","2017-02-05 00:00:00","1.36","314011.26","2238.78","563270.6","342705.32","220565.28","0","organic","TotalUS"
"3","313686.31","19393.44","2017-12-10 00:00:00","1.36","62916.63","117.57","231258.67","81413.7","149600.21","244.76","organic","West"
"5","25380.68","4546.52","2018-02-18 00:00:00","1.36","787.2","0","20046.96","19653.07","393.89","0","organic","DallasFtWorth"
"6","16655.03","606.28","2018-02-11 00:00:00","1.36","2464.24","0","13547.38","12740.25","807.13","0","organic","Detroit"
"0","23169.17","371.93","2018-03-25 00:00:00","1.36","239.04","9.87","22548.33","22545","3.33","0","organic","HarrisburgScranton"
"7","9773.21","275.47","2018-02-04 00:00:00","1.36","1302.43","0","8144.5","5633.86","2510.64","0","organic","Indianapolis"
"6","5194.01","43.62","2018-02-11 00:00:00","1.36","1629.27","0","3521.12","3117.67","403.45","0","organic","Nashville"
"0","8024.7","275.67","2018-03-25 00:00:00","1.36","94.25","0","7654.78","7288.89","365.89","0","organic","NewOrleansMobile"
"2","7149.27","605.53","2018-03-11 00:00:00","1.36","123.61","0","6420.13","6237.77","182.36","0","organic","NewOrleansMobile"
"6","7801.52","183.18","2018-02-11 00:00:00","1.36","130.5","0","7487.84","7163.33","324.51","0","organic","NewOrleansMobile"
"5","495083.69","107369.04","2018-02-18 00:00:00","1.36","329956.5","956.38","56801.77","55583.56","1218.21","0","organic","NewYork"
"7","7764.86","126.5","2018-02-04 00:00:00","1.36","542.34","0","7096.02","7081.87","14.15","0","organic","Orlando"
"1","13856.99","991.86","2018-03-18 00:00:00","1.36","30.88","0","12834.25","12827.59","6.66","0","organic","Pittsburgh"
"5","15123.96","963.42","2018-02-18 00:00:00","1.36","32.46","0","14128.08","14124.75","3.33","0","organic","Pittsburgh"
"6","18050.24","365.59","2018-02-11 00:00:00","1.36","2906.21","44.28","14734.16","13970.51","763.65","0","organic","RichmondNorfolk"
"9","27919.45","13037.67","2018-01-21 00:00:00","1.36","11998.44","0","2883.34","2883.34","0","0","organic","SanFrancisco"
"4","105545.72","1285.8","2018-02-25 00:00:00","1.36","23264.24","41.54","80954.14","2511.78","78344.09","98.27","organic","Seattle"
"2","17561.89","181.68","2018-03-11 00:00:00","1.36","4942.56","99.85","12337.8","11957.7","380.1","0","organic","SouthCarolina"
"1","54876.98","674.28","2015-12-20 00:00:00","1.35","44638.81","58.33","9505.56","9408.07","97.49","0","conventional","Albany"
"25","109252.12","869.45","2015-07-05 00:00:00","1.35","72600.55","5883.16","29898.96","29663.19","235.77","0","conventional","Albany"
"0","96233.08","1367.81","2015-12-27 00:00:00","1.35","39542.83","85.76","55236.68","55236.68","0","0","conventional","BuffaloRochester"
"2","98473.23","1421.12","2015-12-13 00:00:00","1.35","40783.22","66.45","56202.44","56202.44","0","0","conventional","BuffaloRochester"
"32","137050.23","932.52","2015-05-17 00:00:00","1.35","61668.49","56.53","74392.69","73414.91","977.78","0","conventional","BuffaloRochester"
"42","125724.96","1072.46","2015-03-08 00:00:00","1.35","61973.56","102.31","62576.63","62216.63","360","0","conventional","BuffaloRochester"
"41","123895.07","1621.03","2015-03-15 00:00:00","1.35","69452.53","4214.32","48607.19","45347.61","3244.22","15.36","conventional","GrandRapids"
"36","271198.73","3625.55","2015-04-19 00:00:00","1.35","196720.42","175.12","70677.64","66844.17","3833.47","0","conventional","HartfordSpringfield"
"48","241174.11","4305.86","2015-01-25 00:00:00","1.35","150044.76","231.99","86591.5","79402.42","7189.08","0","conventional","HartfordSpringfield"
"29","476827.34","17117.86","2015-06-07 00:00:00","1.35","325420.87","1339.88","132948.73","116932.41","15941","75.32","conventional","Philadelphia"
"25","582037.07","201350.06","2015-07-05 00:00:00","1.35","263046.88","16266.67","101373.46","95899.37","5462.4","11.69","conventional","Seattle"
"20","51094.98","510.89","2015-08-09 00:00:00","1.35","39597.11","127.27","10859.71","10859.71","0","0","conventional","Syracuse"
"28","65184.56","547.63","2015-06-14 00:00:00","1.35","27340.54","2737.16","34559.23","34559.23","0","0","conventional","Syracuse"
"31","61584.26","559.81","2015-05-24 00:00:00","1.35","34572.48","36.29","26415.68","26415.68","0","0","conventional","Syracuse"
"45","38750.74","880.54","2015-02-15 00:00:00","1.35","19621.76","7.48","18240.96","18118.74","122.22","0","conventional","Syracuse"
"2","599161.08","49240.17","2016-12-11 00:00:00","1.35","375437.86","9977.23","164505.82","153476.96","11028.86","0","conventional","BaltimoreWashington"
"12","132143.53","1119.57","2016-10-02 00:00:00","1.35","62757.12","90.39","68176.45","68176.45","0","0","conventional","BuffaloRochester"
"50","134522.52","1619","2016-01-10 00:00:00","1.35","52034.4","110.07","80759.05","80759.05","0","0","conventional","BuffaloRochester"
"5","243576.96","76104.87","2016-11-20 00:00:00","1.35","46523.68","5327.53","115620.88","114230.31","1381.66","8.91","conventional","Detroit"
"9","227233.92","84500.57","2016-10-23 00:00:00","1.35","51517.1","8023.49","83192.76","80684.45","2492.26","16.05","conventional","Detroit"
"9","2528597.22","480949.33","2016-10-23 00:00:00","1.35","1062333.36","105335.31","879979.22","508417.95","358809.13","12752.14","conventional","GreatLakes"
"11","2624202.9","419930.06","2016-10-09 00:00:00","1.35","1162528.89","129381.16","912362.79","571072.59","325870.37","15419.83","conventional","GreatLakes"
"9","119840.12","42784.97","2016-10-23 00:00:00","1.35","22755.49","212.19","54087.47","11698.99","42388.48","0","conventional","Jacksonville"
"21","2787002.19","612846.55","2016-07-31 00:00:00","1.35","1247700.03","127238.92","799216.69","705609.86","74747.99","18858.84","conventional","Midsouth"
"5","167233.36","86431.23","2016-11-20 00:00:00","1.35","23609.67","51","57141.46","44174.88","12726.58","240","conventional","NewOrleansMobile"
"29","4570515.87","154509.15","2016-06-05 00:00:00","1.35","2911585.02","156593.71","1347827.99","1235470.33","92633.24","19724.42","conventional","Northeast"
"22","104420.57","1548.98","2016-07-24 00:00:00","1.35","55308.86","1232.52","46330.21","31287.68","10654.75","4387.78","conventional","Pittsburgh"
"4","1131932.27","520565.84","2016-11-27 00:00:00","1.35","272840.98","3226.22","335299.23","305277.39","28166.52","1855.32","conventional","Plains"
"13","1419113.4","673110.96","2016-09-25 00:00:00","1.35","360990.42","5573.18","379438.84","333274.27","39397.54","6767.03","conventional","Plains"
"7","467433.56","83618.4","2016-11-06 00:00:00","1.35","116112.59","14247.63","253454.94","252412.68","665.04","377.22","conventional","Portland"
"13","255043.21","88405.04","2016-09-25 00:00:00","1.35","70494.6","15699.74","80443.83","77829.34","2614.49","0","conventional","RaleighGreensboro"
"12","381992.7","136133.45","2016-10-02 00:00:00","1.35","191756.47","4079.46","50023.32","48791.65","0","1231.67","conventional","Sacramento"
"29","899154.46","278152.57","2016-06-05 00:00:00","1.35","481323.79","53447.03","86231.07","85119.34","697.78","413.95","conventional","SanFrancisco"
"15","60993.34","1874.91","2016-09-11 00:00:00","1.35","39693.78","10","19414.65","18636.87","777.78","0","conventional","Syracuse"
"19","60212.3","4941.56","2016-08-14 00:00:00","1.35","39269.44","28.81","15972.49","15337.49","0","635","conventional","Syracuse"
"27","78211.73","2080.76","2016-06-19 00:00:00","1.35","45936.69","15.5","30178.78","28498.78","0","1680","conventional","Syracuse"
"24","144761.54","1791.21","2017-07-16 00:00:00","1.35","72328.87","35.75","70605.71","68146.82","47.78","2411.11","conventional","BuffaloRochester"
"32","5599003.03","2077113.57","2017-05-21 00:00:00","1.35","1627754.26","137755.31","1756379.89","1685046.63","3942.61","67390.65","conventional","California"
"52","235430.29","41800.77","2017-01-01 00:00:00","1.35","136109.66","420.83","57099.03","52817.14","4281.89","0","conventional","HarrisburgScranton"
"21","170536.59","7818.03","2017-08-06 00:00:00","1.35","78546.1","1301.64","82870.82","39049.2","41000.59","2821.03","conventional","Indianapolis"
"24","166601.37","9861.88","2017-07-16 00:00:00","1.35","82250.49","1367.59","73121.41","34009.29","37719.47","1392.65","conventional","Indianapolis"
"42","149318.47","10979.78","2017-03-12 00:00:00","1.35","65279.45","1539.77","71519.47","35129.81","36351.65","38.01","conventional","Indianapolis"
"43","150301.8","12865.79","2017-03-05 00:00:00","1.35","66251.59","1756.45","69427.97","40647.4","28640.13","140.44","conventional","Indianapolis"
"4","550215","358080","2017-12-03 00:00:00","1.35","50526","9947","131661","75459","56202","0","conventional","MiamiFtLauderdale"
"45","468266.51","262617.9","2017-02-19 00:00:00","1.35","89037.77","253.62","116357.22","58634.83","57722.39","0","conventional","MiamiFtLauderdale"
"41","2933076.38","607103.98","2017-03-19 00:00:00","1.35","1325162.91","30753.5","970055.99","867587.43","98619.63","3848.93","conventional","Midsouth"
"33","241194.43","139087.23","2017-05-14 00:00:00","1.35","25294.95","347.82","76464.43","49414.09","10375.34","16675","conventional","NewOrleansMobile"
"36","227634.47","134821.9","2017-04-23 00:00:00","1.35","21723.74","301.14","70787.69","52284.28","8843.41","9660","conventional","NewOrleansMobile"
"2","3504253.8","224383.39","2017-12-17 00:00:00","1.35","2159906.12","10505.68","1109458.61","948844.2","160592.02","22.39","conventional","Northeast"
"7","3925104","234190","2017-11-12 00:00:00","1.35","2638119","13068","1039727","869351","170377","0","conventional","Northeast"
"52","3513388.32","174842.62","2017-01-01 00:00:00","1.35","2589315.66","39606.96","709623.08","659611.76","49532.71","478.61","conventional","Northeast"
"27","376407.55","230886.33","2017-06-25 00:00:00","1.35","38375.37","94.56","107051.29","60122.45","40833.84","6095","conventional","Orlando"
"0","334783.58","17238.97","2017-12-31 00:00:00","1.35","210750.82","276.38","106517.41","79090.96","27426.45","0","conventional","Philadelphia"
"4","379540","20978","2017-12-03 00:00:00","1.35","209391","293","148879","128086","20793","0","conventional","Philadelphia"
"27","2035318.57","790697.35","2017-06-25 00:00:00","1.35","562376.12","10764.95","671480.15","633187.99","29126.86","9165.3","conventional","Plains"
"28","1993421.09","812644.07","2017-06-18 00:00:00","1.35","464271.97","7538.35","708966.7","653169.34","34954.01","20843.35","conventional","Plains"
"37","1808002.16","776378.88","2017-04-16 00:00:00","1.35","497717.36","7828.86","526077.06","500350.57","5479.2","20247.29","conventional","Plains"
"20","214146.34","55347.03","2017-08-13 00:00:00","1.35","81849.06","1853.27","75096.98","67332.72","4184.26","3580","conventional","RichmondNorfolk"
"42","254377.74","72440.76","2017-03-12 00:00:00","1.35","98330.92","2941.28","80664.78","78718.53","1946.25","0","conventional","RichmondNorfolk"
"28","3404457.77","1995540.97","2017-06-18 00:00:00","1.35","416295.25","3535.91","989085.64","546899.52","350819.45","91366.67","conventional","Southeast"
"24","86112.54","26467.32","2017-07-16 00:00:00","1.35","25825.62","241.55","33578.05","23087.63","10239.46","250.96","conventional","Spokane"
"7","383991","240719","2017-11-12 00:00:00","1.35","33019","830","109423","73813","35609","0","conventional","Tampa"
"1","105304.65","13234.86","2018-03-18 00:00:00","1.35","61037.58","55","30977.21","26755.9","3721.31","500","conventional","Albany"
"11","169476.04","2865.76","2018-01-07 00:00:00","1.35","75494.46","45133.04","45982.78","29085.45","3455.76","13441.57","conventional","GrandRapids"
"2","1755052.38","64008.06","2018-03-11 00:00:00","1.35","883441.96","828.96","806773.4","730150.78","74224.85","2397.77","conventional","NewYork"
"0","5134637.05","443927.42","2018-03-25 00:00:00","1.35","2940789.85","6733.38","1743186.4","1495884.84","232372.83","14928.73","conventional","Northeast"
"3","458200.4","34173.58","2018-03-04 00:00:00","1.35","343496.99","1176.07","79353.76","29431.43","49209","713.33","conventional","NorthernNewEngland"
"5","395298.31","16084.53","2018-02-18 00:00:00","1.35","297489.92","1168.92","80554.94","39537.13","40374.48","643.33","conventional","NorthernNewEngland"
"8","414781.12","262391.05","2018-01-28 00:00:00","1.35","28265.08","1290.4","122834.59","75243.3","47547.96","43.33","conventional","Orlando"
"11","465108.34","159862.75","2018-01-07 00:00:00","1.35","247999","1045.98","56200.61","49386.35","522.37","6291.89","conventional","Sacramento"
"14","11150.19","1462.34","2015-09-20 00:00:00","1.35","6346.51","519.67","2821.67","2818.89","2.78","0","organic","BaltimoreWashington"
"46","3870.67","13.74","2015-02-08 00:00:00","1.35","2832.21","0","1024.72","323.33","701.39","0","organic","Boise"
"1","99793.55","12746.47","2015-12-20 00:00:00","1.35","48195.95","1.52","38849.61","25535.8","13313.81","0","organic","California"
"46","132790.41","94440.9","2015-02-08 00:00:00","1.35","24587.9","0","13761.61","13761.61","0","0","organic","California"
"26","4816.89","461.01","2015-06-28 00:00:00","1.35","3362.89","2.23","990.76","219.9","770.86","0","organic","Columbus"
"27","5347.37","493.67","2015-06-21 00:00:00","1.35","3524.91","1.12","1327.67","381.41","946.26","0","organic","Columbus"
"28","9881.65","7806.7","2015-06-14 00:00:00","1.35","512","0","1562.95","1562.95","0","0","organic","DallasFtWorth"
"29","9019","6952.15","2015-06-07 00:00:00","1.35","356.44","0","1710.41","1710.41","0","0","organic","DallasFtWorth"
"32","11092.7","8380.26","2015-05-17 00:00:00","1.35","445.77","0","2266.67","2266.67","0","0","organic","DallasFtWorth"
"36","12054.84","9552.71","2015-04-19 00:00:00","1.35","525.47","0","1976.66","1976.66","0","0","organic","DallasFtWorth"
"46","10315.32","6135.93","2015-02-08 00:00:00","1.35","826.06","0","3353.33","3353.33","0","0","organic","DallasFtWorth"
"50","12126.63","7136.34","2015-01-11 00:00:00","1.35","1353.62","0","3636.67","3636.67","0","0","organic","DallasFtWorth"
"51","9895.96","4634.7","2015-01-04 00:00:00","1.35","1647.92","0","3613.34","3613.34","0","0","organic","DallasFtWorth"
"1","27173.38","9203.25","2015-12-20 00:00:00","1.35","3262.41","4.42","14703.3","276.67","14426.63","0","organic","Denver"
"13","32925.13","5917.8","2015-09-27 00:00:00","1.35","5527.24","30.8","21449.29","643.33","20805.96","0","organic","Denver"
"2","11494.89","4757.11","2015-12-13 00:00:00","1.35","93.57","0","6644.21","6636.26","7.95","0","organic","Houston"
"19","9699.79","7995.26","2015-08-16 00:00:00","1.35","74.77","0","1629.76","1550","79.76","0","organic","Houston"
"2","2068.47","275.19","2015-12-13 00:00:00","1.35","926.78","0","866.5","184.16","682.34","0","organic","Indianapolis"
"30","11467.23","5870.7","2015-05-31 00:00:00","1.35","4092.11","0","1504.42","486.67","1017.75","0","organic","LasVegas"
"32","12470.02","6463.13","2015-05-17 00:00:00","1.35","4621.31","0","1385.58","330","1055.58","0","organic","LasVegas"
"42","42280.47","31604.04","2015-03-08 00:00:00","1.35","769.47","0","9906.96","9906.96","0","0","organic","LosAngeles"
"34","4770.93","3106.9","2015-05-03 00:00:00","1.35","154.67","0","1509.36","1509.36","0","0","organic","MiamiFtLauderdale"
"31","6578.36","368.97","2015-05-24 00:00:00","1.35","3203.83","0","3005.56","863.62","2141.94","0","organic","Nashville"
"3","2211.53","294.65","2015-12-06 00:00:00","1.35","0","0","1916.88","1916.88","0","0","organic","NewOrleansMobile"
"3","7324.92","482.3","2015-12-06 00:00:00","1.35","1520.73","23.75","5298.14","64.68","5233.46","0","organic","Philadelphia"
"38","2808.98","726.93","2015-04-05 00:00:00","1.35","208.38","0","1873.67","1668.65","205.02","0","organic","Pittsburgh"
"48","30862.91","15946.79","2015-01-25 00:00:00","1.35","10638.92","3.13","4274.07","540","3734.07","0","organic","Portland"
"34","11843.43","111.44","2015-05-03 00:00:00","1.35","6282.96","1655.48","3793.55","2261.83","1531.72","0","organic","RaleighGreensboro"
"23","5879.03","84.51","2015-07-19 00:00:00","1.35","3233.96","428.5","2132.06","296.67","1835.39","0","organic","RichmondNorfolk"
"27","6691.69","172.38","2015-06-21 00:00:00","1.35","4236.18","438.02","1845.11","570","1275.11","0","organic","RichmondNorfolk"
"46","27556.76","17561.23","2015-02-08 00:00:00","1.35","9396.92","0","598.61","598.61","0","0","organic","SanFrancisco"
"26","55512.87","37684.23","2015-06-28 00:00:00","1.35","5875.04","0","11953.6","11251.56","702.04","0","organic","SouthCentral"
"51","53494.91","24139.72","2015-01-04 00:00:00","1.35","8586.46","0","20768.73","20622.28","146.45","0","organic","SouthCentral"
"5","5054.8","1866.07","2015-11-22 00:00:00","1.35","1133.16","0","2055.57","70","1985.57","0","organic","StLouis"
"30","8848.72","1866.5","2016-05-29 00:00:00","1.35","4018.57","0","2963.65","883.61","2080.04","0","organic","Atlanta"
"13","16032.03","468.89","2016-09-25 00:00:00","1.35","7138.63","0","8424.51","781.74","7642.77","0","organic","CincinnatiDayton"
"13","19980.31","11604.51","2016-09-25 00:00:00","1.35","1486.92","0","6888.88","4964.64","1924.24","0","organic","DallasFtWorth"
"48","14155.9","6168.4","2016-01-24 00:00:00","1.35","453.26","0","7534.24","7534.24","0","0","organic","DallasFtWorth"
"21","17867.29","837.85","2016-07-31 00:00:00","1.35","8580.22","0","8449.22","969.53","7479.69","0","organic","Detroit"
"10","147526.08","4710.92","2016-10-16 00:00:00","1.35","61066.85","0","81748.31","25550.93","56197.38","0","organic","GreatLakes"
"3","3690.99","286.08","2016-12-04 00:00:00","1.35","33.1","10.64","3361.17","836.66","2524.51","0","organic","Jacksonville"
"0","9519.43","1090.88","2016-12-25 00:00:00","1.35","2506.87","0","5921.68","5810.1","111.58","0","organic","LasVegas"
"30","22983.35","3737.94","2016-05-29 00:00:00","1.35","16569.88","0","2675.53","695.76","1979.77","0","organic","LasVegas"
"40","9463.68","3101.56","2016-03-20 00:00:00","1.35","4112.47","0","2249.65","2185.92","63.73","0","organic","LasVegas"
"34","2389.94","4.98","2016-05-01 00:00:00","1.35","1190.05","0","1194.91","324.22","870.69","0","organic","Louisville"
"24","10013.26","728.76","2016-07-10 00:00:00","1.35","5646.02","0","3638.48","137.63","3500.85","0","organic","Nashville"
"50","13145.55","7104.3","2016-01-10 00:00:00","1.35","1765.35","0","4275.9","4178.82","97.08","0","organic","PhoenixTucson"
"37","1159.5","91.5","2016-04-10 00:00:00","1.35","301.33","0","766.67","766.67","0","0","organic","Pittsburgh"
"47","24571.97","1049.79","2016-01-31 00:00:00","1.35","9316.87","13.32","14191.99","42.55","14149.44","0","organic","Portland"
"38","6699.78","156.2","2016-04-03 00:00:00","1.35","3417.08","317.2","2809.3","1480.5","1328.8","0","organic","RichmondNorfolk"
"47","5520.68","170.11","2016-01-31 00:00:00","1.35","2962.04","284.31","2104.22","791.72","1312.5","0","organic","RichmondNorfolk"
"50","6424.72","126.55","2016-01-10 00:00:00","1.35","2778.08","279.11","3240.98","1466.98","1774","0","organic","RichmondNorfolk"
"32","6897.54","83.19","2016-05-15 00:00:00","1.35","4760.89","0","2053.46","1488.5","564.96","0","organic","Roanoke"
"34","6667.12","159.26","2016-05-01 00:00:00","1.35","3652.08","0","2855.78","2042.63","813.15","0","organic","Roanoke"
"39","16902.98","1329.74","2016-03-27 00:00:00","1.35","9842.92","4.76","5725.56","1289.57","4435.99","0","organic","SanDiego"
"24","11611.02","827.79","2016-07-10 00:00:00","1.35","3202.8","616.92","6963.51","4928.87","2034.64","0","organic","SouthCarolina"
"46","69236.98","28638.16","2016-02-07 00:00:00","1.35","4956.5","0","35642.32","33200.13","2442.19","0","organic","SouthCentral"
"48","70767.77","23737.39","2016-01-24 00:00:00","1.35","5747.06","0","41283.32","39836.86","1446.46","0","organic","SouthCentral"
"10","56442.73","5174.56","2016-10-16 00:00:00","1.35","13534.89","432.89","37300.39","7119.54","30180.85","0","organic","Southeast"
"1","5402.48","2019.34","2016-12-18 00:00:00","1.35","548.82","0","2834.32","730","2104.32","0","organic","StLouis"
"14","3704.63","28.2","2016-09-18 00:00:00","1.35","13.1","0","3663.33","3636.66","26.67","0","organic","Tampa"
"15","4541.09","19.99","2016-09-11 00:00:00","1.35","44.43","0","4476.67","4446.67","30","0","organic","Tampa"
"19","4996.87","49.87","2016-08-14 00:00:00","1.35","70.34","0","4876.66","4803.33","73.33","0","organic","Tampa"
"20","3996.71","11.44","2016-08-07 00:00:00","1.35","41.94","0","3943.33","3883.33","60","0","organic","Tampa"
"50","828670.59","113867.63","2016-01-10 00:00:00","1.35","287590.19","8771.79","418440.98","183115.43","235325.55","0","organic","TotalUS"
"30","47067.58","4805.12","2016-05-29 00:00:00","1.35","25176.83","7675.68","9409.95","6003.34","3406.61","0","organic","WestTexNewMexico"
"9","12759.88","216.82","2017-10-29 00:00:00","1.35","114.69","0","12428.37","12428.37","0","0","organic","BuffaloRochester"
"10","10115.95","231.39","2017-10-22 00:00:00","1.35","135.86","0","9748.7","9744.26","4.44","0","organic","BuffaloRochester"
"29","28393.54","7249.87","2017-06-11 00:00:00","1.35","2371.12","0","18772.55","18632.17","140.38","0","organic","DallasFtWorth"
"34","26262.54","5808","2017-05-07 00:00:00","1.35","3693.92","0","16760.62","16631.95","128.67","0","organic","DallasFtWorth"
"46","16249.95","9431.22","2017-02-12 00:00:00","1.35","235.18","0","6583.55","6468.83","114.72","0","organic","DallasFtWorth"
"48","129565.39","4443.31","2017-01-29 00:00:00","1.35","72888.67","0","52233.41","24074.61","28158.8","0","organic","GreatLakes"
"37","6451.24","226.81","2017-04-16 00:00:00","1.35","1575.87","0","4648.56","1685","2963.56","0","organic","Indianapolis"
"43","4647.85","96.65","2017-03-05 00:00:00","1.35","1207.83","0","3343.37","1370.19","1973.18","0","organic","Indianapolis"
"47","3551.43","568.01","2017-02-05 00:00:00","1.35","1410.33","0","1573.09","959.37","613.72","0","organic","Indianapolis"
"29","106703.23","11619.31","2017-06-11 00:00:00","1.35","25530.21","0","69553.71","69461.64","92.07","0","organic","LosAngeles"
"42","121869.61","3840.57","2017-03-12 00:00:00","1.35","42071.43","1856.19","74101.42","34491.91","39609.51","0","organic","Midsouth"
"19","6866.21","252.01","2017-08-20 00:00:00","1.35","296.52","0","6317.68","6314.35","3.33","0","organic","NewOrleansMobile"
"47","3381.82","326.31","2017-02-05 00:00:00","1.35","6.26","0","3049.25","1874.51","1174.74","0","organic","NewOrleansMobile"
"41","19557.62","5590.86","2017-03-19 00:00:00","1.35","4605.78","0","9360.98","7775.63","1585.35","0","organic","PhoenixTucson"
"12","15900.88","1108.27","2017-10-08 00:00:00","1.35","24.83","0","14767.78","14761.11","6.67","0","organic","Pittsburgh"
"29","8361.55","279.3","2017-06-11 00:00:00","1.35","3013.37","0","5068.88","1556.95","3511.93","0","organic","Roanoke"
"9","7073.65","78.85","2017-10-29 00:00:00","1.35","61.04","0","6933.76","6933.76","0","0","organic","Syracuse"
"10","5189.51","74.88","2017-10-22 00:00:00","1.35","74.94","0","5039.69","5039.69","0","0","organic","Syracuse"
"24","5140.46","0","2017-07-16 00:00:00","1.35","165.11","0","4975.35","3013.25","1962.1","0","organic","Syracuse"
"5","36683.22","8065.46","2018-02-18 00:00:00","1.35","597.63","49.7","27970.43","27804.78","165.65","0","organic","Denver"
"2","5905.79","1.3","2018-03-11 00:00:00","1.35","1528.74","0","4375.75","2099.42","2276.33","0","organic","Louisville"
"2","7949.82","71.89","2018-03-11 00:00:00","1.35","283.8","0","7594.13","7573.34","20.79","0","organic","MiamiFtLauderdale"
"1","6622.76","695.79","2018-03-18 00:00:00","1.35","129.78","0","5797.19","5755.56","41.63","0","organic","NewOrleansMobile"
"4","7788.21","230.68","2018-02-25 00:00:00","1.35","237.47","0","7320.06","7169.99","150.07","0","organic","NewOrleansMobile"
"7","8345.08","196.63","2018-02-04 00:00:00","1.35","121.26","0","8027.19","7856.66","170.53","0","organic","NewOrleansMobile"
"2","16213.23","363.43","2018-03-11 00:00:00","1.35","3680.52","79.89","12089.39","11655.63","433.76","0","organic","RichmondNorfolk"
"1","16296.42","135.34","2018-03-18 00:00:00","1.35","4345.05","111.34","11704.69","10661.48","1043.21","0","organic","SouthCarolina"
"18","79992.09","733.16","2015-08-23 00:00:00","1.34","67933.79","444.78","10880.36","10745.79","134.57","0","conventional","Albany"
"28","149376.79","1183.9","2015-06-14 00:00:00","1.34","48286.51","4432.54","95473.84","95473.84","0","0","conventional","BuffaloRochester"
"31","314930.61","4532.15","2015-05-24 00:00:00","1.34","229800.24","177.56","80420.66","78505.66","1915","0","conventional","HartfordSpringfield"
"44","127501.04","4269.36","2015-02-22 00:00:00","1.34","80442.92","5161.84","37626.92","22828.92","13884.93","913.07","conventional","Indianapolis"
"50","1018225.83","15880.8","2015-01-11 00:00:00","1.34","714530.7","2315.72","285498.61","221731.33","63767.28","0","conventional","NewYork"
"30","4329239.82","116068.2","2015-05-31 00:00:00","1.34","2954175.96","5488.64","1253507.02","1154091.74","97864.57","1550.71","conventional","Northeast"
"38","3467770.71","97887.72","2015-04-05 00:00:00","1.34","2409449.74","6203.7","954229.55","869574.86","83524.01","1130.68","conventional","Northeast"
"41","3135991.73","111777.91","2015-03-15 00:00:00","1.34","2082038.09","5531.34","936644.39","843930.39","92714","0","conventional","Northeast"
"45","335173.17","15920.85","2015-02-15 00:00:00","1.34","210874.58","1259.97","107117.77","97737.29","9380.48","0","conventional","Philadelphia"
"27","88214.04","1680.72","2015-06-21 00:00:00","1.34","43292.93","4210.41","39029.98","29949.74","9080.24","0","conventional","Pittsburgh"
"36","184979.95","101449.24","2015-04-19 00:00:00","1.34","38169.29","33.73","45327.69","45322.98","4.71","0","conventional","StLouis"
"40","163325.4","77997.93","2015-03-22 00:00:00","1.34","37696.27","39.92","47591.28","47513.51","77.77","0","conventional","StLouis"
"12","41904.06","1777.42","2015-10-04 00:00:00","1.34","22698.79","10.41","17417.44","16884.11","533.33","0","conventional","Syracuse"
"33","78708.38","899.13","2015-05-10 00:00:00","1.34","44891.19","24.6","32893.46","32561.81","331.65","0","conventional","Syracuse"
"31","98863.64","929.07","2016-05-22 00:00:00","1.34","74678.36","59.07","23197.14","22571.49","20.65","605","conventional","Albany"
"15","885728.19","202958.24","2016-09-11 00:00:00","1.34","494756.39","19881.72","168131.84","162753.29","4043.27","1335.28","conventional","BaltimoreWashington"
"28","850862.92","73620.83","2016-06-12 00:00:00","1.34","507383.48","55744.03","214114.58","207727.87","3451.71","2935","conventional","BaltimoreWashington"
"8","59788.57","25832.98","2016-10-30 00:00:00","1.34","3018.08","7311.55","23625.96","22909.91","622.44","93.61","conventional","Boise"
"11","5375978.5","2021375.04","2016-10-09 00:00:00","1.34","1750074.56","123430.31","1481098.59","1379624.2","74894.96","26579.43","conventional","California"
"3","154742.81","39221.82","2016-12-04 00:00:00","1.34","46285.9","9451.98","59783.11","48016.74","11766.37","0","conventional","Charlotte"
"18","2933973.86","450526.72","2016-08-21 00:00:00","1.34","1308748.45","180362.15","994336.54","756135.72","215616.75","22584.07","conventional","GreatLakes"
"21","3013426.04","448128.25","2016-07-31 00:00:00","1.34","1374844.51","207792.14","982661.14","742994.62","212638.07","27028.45","conventional","GreatLakes"
"4","103728.7","8422.19","2016-11-27 00:00:00","1.34","43655.05","1231.47","50419.99","26198.63","24221.36","0","conventional","Indianapolis"
"6","64958.65","1469.38","2016-11-13 00:00:00","1.34","30443.81","215.13","32830.33","11501.96","21328.37","0","conventional","Louisville"
"28","4599028.54","201927.9","2016-06-12 00:00:00","1.34","2903948.28","135414.25","1357738.11","1246079.71","80946.35","30712.05","conventional","Northeast"
"18","413497.16","95074.76","2016-08-21 00:00:00","1.34","197872.17","4669.14","115881.09","114415.93","30.16","1435","conventional","NorthernNewEngland"
"48","448784.3","12982.99","2016-01-24 00:00:00","1.34","287750.87","692.47","147357.97","134138.57","13219.4","0","conventional","Philadelphia"
"9","178512.86","70435.52","2016-10-23 00:00:00","1.34","54871.16","5858.15","47348.03","46850.78","497.25","0","conventional","RichmondNorfolk"
"13","420076.53","135264.64","2016-09-25 00:00:00","1.34","230423.89","3263.5","51124.5","46655.82","704.79","3763.89","conventional","Sacramento"
"15","432472.11","140888.49","2016-09-11 00:00:00","1.34","229037.12","4350.92","58195.58","57595.58","0","600","conventional","Sacramento"
"30","891069.03","304281.47","2016-05-29 00:00:00","1.34","462079.65","52673.73","72034.18","70154.87","676.56","1202.75","conventional","SanFrancisco"
"45","696959.32","200199.01","2016-02-14 00:00:00","1.34","357790.26","39859.46","99110.59","98394.37","688.22","28","conventional","SanFrancisco"
"5","246915.39","105060.77","2016-11-20 00:00:00","1.34","37789.02","4949.78","99115.82","65248.27","33444.22","423.33","conventional","SouthCarolina"
"6","128094.25","59889.54","2016-11-13 00:00:00","1.34","11028.55","97.91","57078.25","40601.59","16476.66","0","conventional","StLouis"
"44","65393.08","918.45","2016-02-21 00:00:00","1.34","40416.33","20.5","24037.8","22191.93","1845.87","0","conventional","Syracuse"
"51","69200.73","839.36","2016-01-03 00:00:00","1.34","47417.06","24.66","20919.65","20919.65","0","0","conventional","Syracuse"
"9","24753513.95","7579629.06","2016-10-23 00:00:00","1.34","8104522.26","452383.96","8616978.67","6508666.81","2016513.03","91798.83","conventional","TotalUS"
"36","89327.1","4437.5","2017-04-23 00:00:00","1.34","61512.84","84.45","23292.31","8236.01","15056.3","0","conventional","Albany"
"22","472013.29","247038.63","2017-07-30 00:00:00","1.34","60149.97","87.14","164737.55","105247.83","53475.11","6014.61","conventional","Atlanta"
"19","142109.31","2619.19","2017-08-20 00:00:00","1.34","71900.58","11.18","67578.36","64906.14","102.22","2570","conventional","BuffaloRochester"
"23","148098.37","1917.57","2017-07-23 00:00:00","1.34","67607.83","37.44","78535.53","76394.42","331.11","1810","conventional","BuffaloRochester"
"26","144309.09","1954.36","2017-07-02 00:00:00","1.34","80410.59","105.58","61838.56","55195.58","3167.98","3475","conventional","BuffaloRochester"
"49","160924.52","1691.65","2017-01-22 00:00:00","1.34","70336.67","56.29","88839.91","86197.69","2642.22","0","conventional","BuffaloRochester"
"37","5442086.44","2047142.24","2017-04-16 00:00:00","1.34","1572972.43","163002.25","1658969.52","1585488.4","1756.03","71725.09","conventional","California"
"20","261153.8","4609.64","2017-08-13 00:00:00","1.34","92313.29","1103.12","163127.75","21883.1","140667.78","576.87","conventional","CincinnatiDayton"
"32","3415474.26","605625.06","2017-05-21 00:00:00","1.34","1302177.14","268428.07","1239243.99","750032.2","434987.85","54223.94","conventional","GreatLakes"
"50","588482.19","251140.35","2017-01-15 00:00:00","1.34","125991.87","544.78","210805.19","82722.7","128082.49","0","conventional","MiamiFtLauderdale"
"21","2907563.95","601191.03","2017-08-06 00:00:00","1.34","1272881.65","26753.29","1006737.98","856452.33","122563.55","27722.1","conventional","Midsouth"
"22","2817091.62","613040.11","2017-07-30 00:00:00","1.34","1200263.6","26106.33","977681.58","833164.8","126121.45","18395.33","conventional","Midsouth"
"23","2886538.37","613826.71","2017-07-23 00:00:00","1.34","1240751.66","26154.28","1005805.72","861274.69","114928.95","29602.08","conventional","Midsouth"
"24","2827404.11","566734.82","2017-07-16 00:00:00","1.34","1217131.68","26712.77","1016824.84","860213.61","122607.37","34003.86","conventional","Midsouth"
"28","3032871.22","600416.38","2017-06-18 00:00:00","1.34","1348477.92","28997.27","1054979.65","909822.8","107064.11","38092.74","conventional","Midsouth"
"29","3150788.24","640517.27","2017-06-11 00:00:00","1.34","1365909.57","31604.96","1112756.44","900866.53","167944.28","43945.63","conventional","Midsouth"
"32","3232304.82","740206.13","2017-05-21 00:00:00","1.34","1308057.07","32390.63","1151650.99","953595.56","193338.02","4717.41","conventional","Midsouth"
"17","188701.54","76965.28","2017-09-03 00:00:00","1.34","42751.23","76.41","68908.62","57883.39","10273.89","751.34","conventional","Nashville"
"12","328829.92","207980.89","2017-10-08 00:00:00","1.34","24630.11","31.1","96187.82","82449.13","13738.69","0","conventional","NewOrleansMobile"
"38","235686.8","134722.14","2017-04-09 00:00:00","1.34","26489.36","249.11","74226.19","55994.69","8934","9297.5","conventional","NewOrleansMobile"
"1","1233461.89","36684.62","2017-12-24 00:00:00","1.34","791089.36","1217.71","404470.2","379573.9","24894.3","2","conventional","NewYork"
"43","4468555.34","237802.16","2017-03-05 00:00:00","1.34","3228538.95","63971.19","938243.04","877970.46","56847.58","3425","conventional","Northeast"
"1","379421.96","17276.7","2017-12-24 00:00:00","1.34","226538","472.94","135134.32","116972.59","18161.73","0","conventional","Philadelphia"
"6","384115","22293","2017-11-19 00:00:00","1.34","175118","402","186302","131913","54389","0","conventional","Philadelphia"
"36","117579.21","48209.57","2017-04-23 00:00:00","1.34","24388.1","1515.43","43466.11","35733.48","7732.63","0","conventional","Pittsburgh"
"40","117686.64","43115.85","2017-03-26 00:00:00","1.34","27137.5","1559.54","45873.75","38441.55","7432.2","0","conventional","Pittsburgh"
"41","110278.1","37849.42","2017-03-19 00:00:00","1.34","28735.05","1151.02","42542.61","35408.71","7133.9","0","conventional","Pittsburgh"
"42","108624.25","37402.73","2017-03-12 00:00:00","1.34","29383","1358.94","40479.58","33537.77","6941.81","0","conventional","Pittsburgh"
"18","597580.17","168216.37","2017-08-27 00:00:00","1.34","97433.68","12732.14","319197.98","266476.63","52445.78","275.57","conventional","Portland"
"22","575652.16","145857.23","2017-07-30 00:00:00","1.34","211102.06","14356.83","204336.04","116878.48","87177.01","280.55","conventional","Portland"
"28","263858.47","63136.38","2017-06-18 00:00:00","1.34","95583.32","6670.12","98468.65","93661.14","1772.51","3035","conventional","RaleighGreensboro"
"21","476535.85","191792.73","2017-08-06 00:00:00","1.34","140575.29","21769.92","122397.91","113356.35","6642.56","2399","conventional","SanDiego"
"7","498620","121406","2017-11-12 00:00:00","1.34","117475","3994","255745","203897","51294","554","conventional","Seattle"
"33","367894.37","163820.54","2017-05-14 00:00:00","1.34","65765.91","2816.91","135491.01","103782.12","27148.13","4560.76","conventional","SouthCarolina"
"35","429088.02","208521.12","2017-04-30 00:00:00","1.34","87676.66","2203.03","130687.21","88444.19","38293.89","3949.13","conventional","SouthCarolina"
"13","4488892.01","2373892.08","2017-10-01 00:00:00","1.34","775342.08","7963.75","1331694.1","952665.5","378804.94","223.66","conventional","SouthCentral"
"8","3194059.94","1801086.94","2017-11-05 00:00:00","1.34","298601.36","10159.03","1084212.61","767422.68","305652.13","11137.8","conventional","Southeast"
"30","4237221.91","2520206.31","2017-06-04 00:00:00","1.34","473205.61","4226.6","1239583.39","719958.99","474483.44","45140.96","conventional","Southeast"
"2","61276.15","16166.42","2017-12-17 00:00:00","1.34","17749.69","328","27032.04","20076.59","6919.35","36.1","conventional","Spokane"
"9","134388.82","83829.38","2017-10-29 00:00:00","1.34","11655.32","117.88","38786.24","34224","4562.24","0","conventional","StLouis"
"20","5304873.15","1837007.78","2017-08-13 00:00:00","1.34","1348037.98","97902.68","2021924.71","975913.29","1035878.35","10133.07","conventional","West"
"2","629090.87","23641.04","2018-03-11 00:00:00","1.34","479640.6","1840.01","123969.22","102902.94","19475.17","1591.11","conventional","Boston"
"4","249254.23","63442.49","2018-02-25 00:00:00","1.34","91258.71","5678.86","88874.17","86338.79","2535.38","0","conventional","Charlotte"
"5","669345.2","451052.19","2018-02-18 00:00:00","1.34","52028.41","2264.07","164000.53","95511.54","68415.66","73.33","conventional","MiamiFtLauderdale"
"0","1774776.77","63905.98","2018-03-25 00:00:00","1.34","908653.71","843.45","801373.63","774634.09","23833.93","2905.61","conventional","NewYork"
"1","4621126.31","453731.61","2018-03-18 00:00:00","1.34","2646866.44","7610.65","1512917.61","1210266.06","287448.21","15203.34","conventional","Northeast"
"8","486679.98","80881.12","2018-01-28 00:00:00","1.34","152913.11","16678.38","236207.37","142712.01","92874.02","621.34","conventional","Portland"
"8","322348.72","93956.4","2018-01-28 00:00:00","1.34","105608.44","5131.66","117652.22","112705.62","4946.6","0","conventional","RaleighGreensboro"
"8","548587.07","125676.32","2018-01-28 00:00:00","1.34","178484.53","599.03","243827.19","136634.87","106746.35","445.97","conventional","Seattle"
"11","171869.94","93054.39","2018-01-07 00:00:00","1.34","13758.41","541.05","64516.09","53120.31","11395.78","0","conventional","StLouis"
"8","73320.15","3345.87","2018-01-28 00:00:00","1.34","42297.35","62.85","27614.08","5723.16","21890.92","0","conventional","Syracuse"
"4","1047.42","2.59","2015-11-29 00:00:00","1.34","418.01","0","626.82","20","606.82","0","organic","Boise"
"28","15445.59","225.1","2015-06-14 00:00:00","1.34","12225.64","0","2994.85","1030","1964.85","0","organic","CincinnatiDayton"
"51","8764.33","144.47","2015-01-04 00:00:00","1.34","6921.75","0","1698.11","585.96","1112.15","0","organic","CincinnatiDayton"
"35","9855.14","7679.05","2015-04-26 00:00:00","1.34","379.42","0","1796.67","1796.67","0","0","organic","DallasFtWorth"
"41","11922.76","7889.79","2015-03-15 00:00:00","1.34","659.64","0","3373.33","3373.33","0","0","organic","DallasFtWorth"
"48","11247.71","7244.18","2015-01-25 00:00:00","1.34","1390.2","0","2613.33","2613.33","0","0","organic","DallasFtWorth"
"32","6214.56","428.47","2015-05-17 00:00:00","1.34","3469.2","0","2316.89","433.33","1883.56","0","organic","Detroit"
"33","10511.94","5433.37","2015-05-10 00:00:00","1.34","3859.31","0","1219.26","433.33","785.93","0","organic","LasVegas"
"5","45689.27","10035.86","2015-11-22 00:00:00","1.34","15296.9","0","20356.51","19978.57","377.94","0","organic","LosAngeles"
"30","2103.36","8.65","2015-05-31 00:00:00","1.34","1031.77","0","1062.94","370.98","691.96","0","organic","Louisville"
"34","102916.4","9430.59","2015-05-03 00:00:00","1.34","47953.23","7065.04","38467.54","23337.15","15130.39","0","organic","Midsouth"
"22","7695.34","115.02","2015-07-26 00:00:00","1.34","4828.27","0","2752.05","53.33","2698.72","0","organic","Roanoke"
"40","21370.71","12997.29","2015-03-22 00:00:00","1.34","8370.33","0","3.09","3.09","0","0","organic","SanFrancisco"
"48","27146.81","17038.27","2015-01-25 00:00:00","1.34","9879.87","0","228.67","228.67","0","0","organic","SanFrancisco"
"25","64364.81","45826.23","2015-07-05 00:00:00","1.34","6093.92","0","12444.66","11980.4","464.26","0","organic","SouthCentral"
"43","80536.06","40561.64","2015-03-01 00:00:00","1.34","5847.24","0","34127.18","34003.33","123.85","0","organic","SouthCentral"
"1","5230.35","1228.13","2015-12-20 00:00:00","1.34","866.31","8.84","3127.07","47.86","3079.21","0","organic","StLouis"
"34","3590.4","2342.36","2015-05-03 00:00:00","1.34","17.7","0","1230.34","1230.34","0","0","organic","Tampa"
"47","216484.22","89599.59","2015-02-01 00:00:00","1.34","82183.07","184.99","44516.57","11083.16","33433.41","0","organic","West"
"24","4729.39","0","2016-07-10 00:00:00","1.34","1495.25","0","3234.14","446.67","2787.47","0","organic","Boise"
"0","33412.35","52.77","2016-12-25 00:00:00","1.34","30236.66","0","3122.92","3122.92","0","0","organic","Chicago"
"1","40115.97","59.36","2016-12-18 00:00:00","1.34","37133.28","0","2923.33","2923.33","0","0","organic","Chicago"
"16","22075.04","535.98","2016-09-04 00:00:00","1.34","10564.37","0","10974.69","764.46","10210.23","0","organic","CincinnatiDayton"
"42","12627.11","487.73","2016-03-06 00:00:00","1.34","9078.49","0","3060.89","136.67","2924.22","0","organic","CincinnatiDayton"
"51","10552.84","309.8","2016-01-03 00:00:00","1.34","7637.9","0","2605.14","363.09","2242.05","0","organic","CincinnatiDayton"
"4","21312.8","5730.92","2016-11-27 00:00:00","1.34","120.37","0","15461.51","15328.42","133.09","0","organic","DallasFtWorth"
"8","17098.36","4885.83","2016-10-30 00:00:00","1.34","120.53","0","12092","11802.8","289.2","0","organic","DallasFtWorth"
"50","11624.41","5332.87","2016-01-10 00:00:00","1.34","389.96","0","5901.58","5843.94","57.64","0","organic","DallasFtWorth"
"4","23367.39","11121.68","2016-11-27 00:00:00","1.34","1566.03","21.88","10657.8","4045.59","6612.21","0","organic","Denver"
"37","1690.4","62.14","2016-04-10 00:00:00","1.34","1118.45","0","509.81","480","29.81","0","organic","GrandRapids"
"26","129807.8","3994.35","2016-06-26 00:00:00","1.34","71081.68","24.15","54707.62","20982.99","33724.63","0","organic","GreatLakes"
"28","152083.91","4237.01","2016-06-12 00:00:00","1.34","93651.84","123.81","54071.25","17489.33","36581.92","0","organic","GreatLakes"
"45","100217.44","9506.17","2016-02-14 00:00:00","1.34","61569.33","0","29141.94","9377.96","19763.98","0","organic","GreatLakes"
"28","4358.39","183.1","2016-06-12 00:00:00","1.34","1784.76","0","2390.53","1032.78","1357.75","0","organic","Indianapolis"
"2","4102.26","346.19","2016-12-11 00:00:00","1.34","35.57","4.74","3715.76","1173.33","2542.43","0","organic","Jacksonville"
"36","20001.54","2830.14","2016-04-17 00:00:00","1.34","13556.57","0","3614.83","347.32","3267.51","0","organic","LasVegas"
"18","5381.19","38.45","2016-08-21 00:00:00","1.34","22.74","0","5320","5260","60","0","organic","MiamiFtLauderdale"
"19","6720.9","4.99","2016-08-14 00:00:00","1.34","42.58","0","6673.33","6613.33","60","0","organic","MiamiFtLauderdale"
"11","136026.05","2819.48","2016-10-09 00:00:00","1.34","50603.79","3177.77","79425.01","38449.53","40975.48","0","organic","Midsouth"
"23","5190.83","686.39","2016-07-17 00:00:00","1.34","0","0","4504.44","4437.77","66.67","0","organic","NewOrleansMobile"
"48","3903.11","502.84","2016-01-24 00:00:00","1.34","0","0","3400.27","3400.27","0","0","organic","NewOrleansMobile"
"45","12060.32","6179.97","2016-02-14 00:00:00","1.34","1601.26","0","4279.09","3026.98","1252.11","0","organic","PhoenixTucson"
"44","51258.32","3340.91","2016-02-21 00:00:00","1.34","19357.61","4679.89","23879.91","8502.6","15377.31","0","organic","Plains"
"16","38353.11","4754.59","2016-09-04 00:00:00","1.34","13713.44","0","19885.08","872.7","19012.38","0","organic","Portland"
"46","4905.87","133.45","2016-02-07 00:00:00","1.34","2540.32","283.58","1948.52","1045.61","902.91","0","organic","RichmondNorfolk"
"13","10226.36","50.67","2016-09-25 00:00:00","1.34","3432.88","0","6742.81","2183.45","4559.36","0","organic","Roanoke"
"21","48248.63","3816.63","2016-07-31 00:00:00","1.34","12705.33","38.64","31688.03","2455.73","29232.3","0","organic","Seattle"
"37","8212.07","631.03","2016-04-10 00:00:00","1.34","2514.18","391.29","4675.57","4667.29","8.28","0","organic","SouthCarolina"
"40","3651.32","1089.18","2016-03-20 00:00:00","1.34","45.04","0","2517.1","2517.1","0","0","organic","Tampa"
"0","914035.42","93875.25","2016-12-25 00:00:00","1.34","250138.66","3415.27","566606.24","330909.02","235697.22","0","organic","TotalUS"
"2","163585.07","31859.03","2016-12-11 00:00:00","1.34","32090.48","64.88","99570.68","24023.81","75546.87","0","organic","West"
"1","11406.5","945.89","2016-12-18 00:00:00","1.34","2571.83","31.47","7857.31","7819.17","38.14","0","organic","WestTexNewMexico"
"12","15466.92","324.2","2017-10-08 00:00:00","1.34","148.9","0","14993.82","14993.82","0","0","organic","BuffaloRochester"
"21","12705.61","0","2017-08-06 00:00:00","1.34","311.73","0","12393.88","3181.99","9211.89","0","organic","BuffaloRochester"
"44","215699.08","26443.61","2017-02-26 00:00:00","1.34","69371.98","3.16","119880.33","102260.68","17619.65","0","organic","California"
"52","36915.87","36.67","2017-01-01 00:00:00","1.34","34076.57","0","2802.63","2802.63","0","0","organic","Chicago"
"36","21958.14","10749.84","2017-04-23 00:00:00","1.34","560.7","0","10647.6","10470.54","177.06","0","organic","DallasFtWorth"
"27","7437.23","92.84","2017-06-25 00:00:00","1.34","1210.57","0","6133.82","415.55","5718.27","0","organic","Indianapolis"
"49","10312.75","1117.76","2017-01-22 00:00:00","1.34","3189.79","0","6005.2","5992.65","12.55","0","organic","LasVegas"
"30","4417.78","0","2017-06-04 00:00:00","1.34","1505.75","0","2912.03","457.22","2454.81","0","organic","Louisville"
"37","4904.41","5.55","2017-04-16 00:00:00","1.34","1947.76","0","2951.1","752.22","2198.88","0","organic","Louisville"
"41","8769.05","483.39","2017-03-19 00:00:00","1.34","4025.31","205.2","4055.15","169.08","3886.07","0","organic","SouthCarolina"
"34","138588.03","30711.6","2017-05-07 00:00:00","1.34","11489.92","0","96386.51","87975.05","8411.46","0","organic","SouthCentral"
"38","85742.82","9260.67","2017-04-09 00:00:00","1.34","17981.54","412.84","58087.77","11973.99","46113.78","0","organic","Southeast"
"11","5963.47","86.38","2017-10-15 00:00:00","1.34","66.06","0","5811.03","5811.03","0","0","organic","Syracuse"
"4","23520.36","3998.07","2018-02-25 00:00:00","1.34","635.53","0","18886.76","17839.97","1046.79","0","organic","DallasFtWorth"
"6","28078.4","4681.33","2018-02-11 00:00:00","1.34","437.65","0","22959.42","22690.02","269.4","0","organic","DallasFtWorth"
"5","14647.97","577.71","2018-02-18 00:00:00","1.34","2469.69","1.41","11579.79","11571.98","7.81","0","organic","Detroit"
"0","8539.23","73.78","2018-03-25 00:00:00","1.34","1301.09","0","7164.36","7162.69","1.67","0","organic","GrandRapids"
"4","7115.37","10.15","2018-02-25 00:00:00","1.34","1084.45","0","6020.77","6007.44","13.33","0","organic","GrandRapids"
"5","7478.79","230.01","2018-02-18 00:00:00","1.34","1110.05","0","6084.89","3988.42","2096.47","0","organic","Indianapolis"
"6","8377.74","280.47","2018-02-11 00:00:00","1.34","939.13","0","7105.49","5468.35","1637.14","0","organic","Indianapolis"
"0","8620.15","111.52","2018-03-25 00:00:00","1.34","296.6","0","8212.03","8212.03","0","0","organic","MiamiFtLauderdale"
"6","14630.14","919.6","2018-02-11 00:00:00","1.34","20.32","0","13690.22","13683.55","6.67","0","organic","Pittsburgh"
"7","28070.07","13610.05","2018-02-04 00:00:00","1.34","12257.81","0","2202.21","2202.21","0","0","organic","SanFrancisco"
"6","8467.46","40.73","2018-02-11 00:00:00","1.34","486.03","0","7940.7","7499.96","440.74","0","organic","Tampa"
"0","64236.62","1036.74","2015-12-27 00:00:00","1.33","54454.85","48.16","8696.87","8603.62","93.25","0","conventional","Albany"
"14","69759.01","1028.03","2015-09-20 00:00:00","1.33","59313.12","150.5","9267.36","8489.1","778.26","0","conventional","Albany"
"19","80043.78","539.65","2015-08-16 00:00:00","1.33","68666.01","394.9","10443.22","10297.68","145.54","0","conventional","Albany"
"12","98900.48","3020.03","2015-10-04 00:00:00","1.33","38353.35","101.43","57425.67","56141.23","1284.44","0","conventional","BuffaloRochester"
"33","170547.18","1321.83","2015-05-10 00:00:00","1.33","73754.3","185.16","95285.89","94832.56","453.33","0","conventional","BuffaloRochester"
"47","153920.35","2117.73","2015-02-01 00:00:00","1.33","64770.55","112.49","86919.58","86848.47","71.11","0","conventional","BuffaloRochester"
"30","319502.82","4974.69","2015-05-31 00:00:00","1.33","237651.14","142.52","76734.47","74809","1925.47","0","conventional","HartfordSpringfield"
"38","246967.21","4021.27","2015-04-05 00:00:00","1.33","183801.36","194.45","58950.13","56550.7","2399.43","0","conventional","HartfordSpringfield"
"41","371716.28","272270.43","2015-03-15 00:00:00","1.33","35374.87","145.85","63925.13","38984.8","24940.33","0","conventional","MiamiFtLauderdale"
"40","1192732.41","22713.33","2015-03-22 00:00:00","1.33","884992.9","1650.73","283375.45","223369.68","60005.77","0","conventional","NewYork"
"44","1088977.45","18716.23","2015-02-22 00:00:00","1.33","757987.66","2885","309388.56","253336.8","56051.76","0","conventional","NewYork"
"32","4094677.85","114065.77","2015-05-17 00:00:00","1.33","2730591.16","5593.26","1244427.66","1156872.13","87402.54","152.99","conventional","Northeast"
"37","3203213.09","93987.65","2015-04-12 00:00:00","1.33","2102179.57","5306.97","1001738.9","920108.45","81630.45","0","conventional","Northeast"
"49","191078.37","112722.12","2015-01-18 00:00:00","1.33","34703.28","83.8","43569.17","18914.84","24654.33","0","conventional","Orlando"
"1","306843.13","9646.13","2015-12-20 00:00:00","1.33","198361.8","532.68","98302.52","88587.5","9715.02","0","conventional","Philadelphia"
"27","456983.44","16066.69","2015-06-21 00:00:00","1.33","310906.06","1155.21","128855.48","117744.63","11040.67","70.18","conventional","Philadelphia"
"29","84556.54","1734.03","2015-06-07 00:00:00","1.33","43816.5","1482.9","37523.11","28434.19","9081.46","7.46","conventional","Pittsburgh"
"21","404664.32","131156.47","2015-08-02 00:00:00","1.33","209986.17","14770.96","48750.72","48750.72","0","0","conventional","Sacramento"
"37","729890.28","159838.22","2015-04-12 00:00:00","1.33","469655.44","25315.71","75080.91","73789.73","1291.18","0","conventional","SanFrancisco"
"38","742539.71","143671.36","2015-04-05 00:00:00","1.33","473142.55","35650.7","90075.1","88603.82","1025.45","445.83","conventional","SanFrancisco"
"37","396728.35","134346.5","2015-04-12 00:00:00","1.33","184720.11","11710.31","65951.43","65783.96","144.77","22.7","conventional","Seattle"
"45","352335.1","114014.9","2015-02-15 00:00:00","1.33","171966.91","8106.15","58247.14","57771.22","431.17","44.75","conventional","Seattle"
"41","157799.23","70836.3","2015-03-15 00:00:00","1.33","36549.13","69.74","50344.06","50190.73","153.33","0","conventional","StLouis"
"40","48180.98","2030.41","2015-03-22 00:00:00","1.33","21884.43","43.48","24222.66","24222.66","0","0","conventional","Syracuse"
"44","42662.65","1098.61","2015-02-22 00:00:00","1.33","21441.05","41.7","20081.29","19816.85","264.44","0","conventional","Syracuse"
"51","41143.51","2506.61","2015-01-04 00:00:00","1.33","20905.01","16.68","17715.21","17715.21","0","0","conventional","Syracuse"
"29","860858.18","61074.05","2016-06-05 00:00:00","1.33","537895.97","46714.72","215173.44","203788.41","8328.92","3056.11","conventional","BaltimoreWashington"
"26","626972.88","10379.75","2016-06-26 00:00:00","1.33","433431.64","28898.79","154262.7","151759.78","142.92","2360","conventional","Boston"
"18","119865.41","1543.34","2016-08-21 00:00:00","1.33","70785.26","43.73","47493.08","46013.08","0","1480","conventional","BuffaloRochester"
"2","145815.04","43744.87","2016-12-11 00:00:00","1.33","40971.14","8696.54","52402.49","46293.11","6109.38","0","conventional","Charlotte"
"16","204963.95","58888.34","2016-09-04 00:00:00","1.33","56699.56","18659.47","70716.58","62373.15","7805.93","537.5","conventional","Charlotte"
"5","117299.16","50017.12","2016-11-20 00:00:00","1.33","21270.55","1335.91","44675.58","43073.72","1601.86","0","conventional","Columbus"
"11","120833.05","55586.23","2016-10-09 00:00:00","1.33","23318.96","1900.96","40026.9","36596.53","3430.37","0","conventional","Columbus"
"0","149348.88","1345.56","2016-12-25 00:00:00","1.33","91323.33","3768.64","52911.35","47453.6","5227.71","230.04","conventional","GrandRapids"
"20","3106108.92","449400.31","2016-08-07 00:00:00","1.33","1387946.82","219477.32","1049284.47","767194.17","255073.17","27017.13","conventional","GreatLakes"
"20","163338.94","20926.28","2016-08-07 00:00:00","1.33","77899.46","5741.75","58771.45","36453.98","21522.19","795.28","conventional","Indianapolis"
"5","131605.7","53849.43","2016-11-20 00:00:00","1.33","12277.03","98.85","65380.39","54104.45","10860.94","415","conventional","Nashville"
"24","4487625.78","316659.6","2016-07-10 00:00:00","1.33","2589205.84","99899.13","1481861.21","1316229.18","107324.46","58307.57","conventional","Northeast"
"42","417688.74","16299.39","2016-03-06 00:00:00","1.33","278369.87","636.84","122382.64","112636.83","9742.72","3.09","conventional","Philadelphia"
"15","80206.95","22513.05","2016-09-11 00:00:00","1.33","30643.05","925.3","26125.55","24205.55","1920","0","conventional","Pittsburgh"
"21","273951.5","59207.74","2016-07-31 00:00:00","1.33","116645.19","25331.72","72766.85","68455.47","1258.6","3052.78","conventional","RaleighGreensboro"
"6","177641.28","81429.32","2016-11-13 00:00:00","1.33","47266.81","4975.01","43970.14","43970.14","0","0","conventional","RichmondNorfolk"
"5","99233.86","31583.94","2016-11-20 00:00:00","1.33","25266.97","88.6","42294.35","41990.29","304.06","0","conventional","Roanoke"
"17","421583.74","150624.23","2016-08-28 00:00:00","1.33","225695.86","5537.68","39725.97","39589.51","5.9","130.56","conventional","Sacramento"
"4","229072.3","90090.62","2016-11-27 00:00:00","1.33","40561.32","2813.23","95607.13","65375.36","30153.44","78.33","conventional","SouthCarolina"
"10","68850.22","13123.07","2016-10-16 00:00:00","1.33","19622.36","46.93","36057.86","34881.48","1171.39","4.99","conventional","Spokane"
"43","880326.29","84608.63","2017-03-05 00:00:00","1.33","591422.21","12152.67","192142.78","190684.63","1458.15","0","conventional","BaltimoreWashington"
"18","147839.98","1871.7","2017-08-27 00:00:00","1.33","74398.45","19.56","71550.27","71041.38","18.89","490","conventional","BuffaloRochester"
"40","5073070.91","1693588.76","2017-03-26 00:00:00","1.33","1542979.33","138133.01","1698369.81","1629800.46","1991.84","66577.51","conventional","California"
"1","182537.83","53317.48","2017-12-24 00:00:00","1.33","58732.18","3839.91","66648.26","63206.54","3441.72","0","conventional","Charlotte"
"27","211639.6","53140.24","2017-06-25 00:00:00","1.33","72807.06","5877.63","79814.67","72142.41","4877.26","2795","conventional","Charlotte"
"45","198557.9","46010.49","2017-02-19 00:00:00","1.33","78996.07","9650.83","63900.51","59663.05","4224.13","13.33","conventional","Charlotte"
"48","213609.12","48872.88","2017-01-29 00:00:00","1.33","86135.67","9146.99","69453.58","58828.73","9630.41","994.44","conventional","Charlotte"
"35","703503.26","145242.61","2017-04-30 00:00:00","1.33","162526.92","23984.08","371749.65","176258.22","195491.43","0","conventional","Denver"
"39","681540.61","150610.93","2017-04-02 00:00:00","1.33","159643.84","22581.97","348703.87","156262.31","192441.56","0","conventional","Denver"
"30","3649478.04","559144.79","2017-06-04 00:00:00","1.33","1336833.13","287895.63","1465604.49","858903.25","564981.58","41719.66","conventional","GreatLakes"
"7","154511","85332","2017-11-12 00:00:00","1.33","9938","237","59003","48421","10329","253","conventional","Jacksonville"
"5","2200251","488106","2017-11-26 00:00:00","1.33","903101","15350","793694","663097","128990","1607","conventional","Midsouth"
"7","2631186","670773","2017-11-12 00:00:00","1.33","1022489","18762","919162","735347","181873","1942","conventional","Midsouth"
"40","3162600.85","673395.8","2017-03-26 00:00:00","1.33","1328645.97","33096.36","1127462.72","988523.65","135004.05","3935.02","conventional","Midsouth"
"42","3059010.05","718846.39","2017-03-12 00:00:00","1.33","1306320.17","38103.37","995740.12","868710.37","123511.69","3518.06","conventional","Midsouth"
"21","240983.48","130001.44","2017-08-06 00:00:00","1.33","34141.47","44","76796.57","56841.81","10734.76","9220","conventional","NewOrleansMobile"
"0","1201219.44","36680.16","2017-12-31 00:00:00","1.33","816261.84","445.17","347832.27","269325.19","78507.08","0","conventional","NewYork"
"38","515775.3","14320.67","2017-04-09 00:00:00","1.33","418277.81","2325.08","80851.74","50867.56","29981.96","2.22","conventional","NorthernNewEngland"
"13","105766.89","43623.37","2017-10-01 00:00:00","1.33","22847.25","1404.16","37892.11","26558.89","11333.22","0","conventional","Pittsburgh"
"29","117367.43","51973.42","2017-06-11 00:00:00","1.33","29897.94","1738.43","33757.64","24054.78","7650.36","2052.5","conventional","Pittsburgh"
"30","123557.37","51219.47","2017-06-04 00:00:00","1.33","27379.67","1919.8","43038.43","34198.85","8279.86","559.72","conventional","Pittsburgh"
"33","117857.6","51068.92","2017-05-14 00:00:00","1.33","20279.94","1751.27","44757.47","41341.77","3086.53","329.17","conventional","Pittsburgh"
"37","116011.18","44551.19","2017-04-16 00:00:00","1.33","23042.87","1422.88","46994.24","40217.19","6777.05","0","conventional","Pittsburgh"
"44","103906","37871.78","2017-02-26 00:00:00","1.33","26478.19","1492.92","38063.11","31339","6724.11","0","conventional","Pittsburgh"
"45","91579.18","32493.94","2017-02-19 00:00:00","1.33","24711.08","1212.1","33162.06","27745.1","5416.96","0","conventional","Pittsburgh"
"32","1840889.79","832263.81","2017-05-21 00:00:00","1.33","420870.92","7303.17","580451.89","534882.58","31630.61","13938.7","conventional","Plains"
"33","1894833.35","874405.39","2017-05-14 00:00:00","1.33","415178.47","7813.52","597435.97","535679.03","49821.03","11935.91","conventional","Plains"
"40","1704624.12","765106.73","2017-03-26 00:00:00","1.33","474410.9","8534.77","456571.72","432296.32","5044.13","19231.27","conventional","Plains"
"1","407742.01","64005.13","2017-12-24 00:00:00","1.33","141179.93","12577.34","189979.61","128039.05","61593.08","347.48","conventional","Portland"
"33","311498.75","83304.15","2017-05-14 00:00:00","1.33","100720.61","6401.85","121072.14","119259.88","1812.26","0","conventional","RaleighGreensboro"
"34","375498.03","103481.72","2017-05-07 00:00:00","1.33","124384.84","9620.92","138010.55","134892.78","3117.77","0","conventional","RaleighGreensboro"
"9","217679.03","53015.01","2017-10-29 00:00:00","1.33","82269.66","1275.09","81119.27","78089.52","3026.42","3.33","conventional","RichmondNorfolk"
"19","224102.83","51667.62","2017-08-20 00:00:00","1.33","76235.53","1638.15","94561.53","84245.95","5869.87","4445.71","conventional","RichmondNorfolk"
"30","423186.06","213834.25","2017-06-04 00:00:00","1.33","76898.32","2442.91","130010.58","86890.34","38375.24","4745","conventional","SouthCarolina"
"14","4405343.75","2350943.03","2017-09-24 00:00:00","1.33","750401.85","6455.71","1297543.16","965684.93","331517.39","340.84","conventional","SouthCentral"
"26","3979264.02","2219034.51","2017-07-02 00:00:00","1.33","549006.94","4778.63","1206443.94","676830.5","437058.12","92555.32","conventional","Southeast"
"29","4151016.69","2451659.18","2017-06-11 00:00:00","1.33","483092.03","4402.35","1211863.13","691324.55","449983.89","70554.69","conventional","Southeast"
"23","194261.62","99724.67","2017-07-23 00:00:00","1.33","17159.84","192.82","77184.29","66945.66","5322.86","4915.77","conventional","StLouis"
"39","116596.47","63506.59","2017-04-02 00:00:00","1.33","8377.96","75","44636.92","44610.25","26.67","0","conventional","StLouis"
"40","110960.45","46092.99","2017-03-26 00:00:00","1.33","8922.44","72.24","55872.78","55422.18","383.93","66.67","conventional","StLouis"
"20","32817254.13","10952703.84","2017-08-13 00:00:00","1.33","11154310.29","624963.41","10085276.59","6687661.77","3118889.17","278725.65","conventional","TotalUS"
"21","32529920.23","11292580.44","2017-08-06 00:00:00","1.33","10988313.58","665312.55","9583713.66","6889925.78","2376269.93","317517.95","conventional","TotalUS"
"24","32455047.11","11155465.9","2017-07-16 00:00:00","1.33","11202844.97","756103.12","9340633.12","6514899.46","2499385.51","326348.15","conventional","TotalUS"
"11","257281.38","57546.66","2018-01-07 00:00:00","1.33","128633.39","70.97","71030.36","57822.58","13207.78","0","conventional","HarrisburgScranton"
"8","188556.57","103226.13","2018-01-28 00:00:00","1.33","11072.2","397.94","73860.3","40095.88","33517.75","246.67","conventional","Jacksonville"
"9","577116.22","11506.29","2018-01-21 00:00:00","1.33","492832.55","3776","69001.38","27451.21","41550.17","0","conventional","NorthernNewEngland"
"1","471175.79","44696.37","2018-03-18 00:00:00","1.33","241775.09","334.21","184370.12","169602.85","12962.83","1804.44","conventional","Philadelphia"
"0","469300.74","289527.11","2018-03-25 00:00:00","1.33","33226.48","1342.31","145204.84","87355.05","57643.12","206.67","conventional","Tampa"
"5","442206.63","274990.42","2018-02-18 00:00:00","1.33","33938.4","1121.33","132156.48","82223.49","49809.66","123.33","conventional","Tampa"
"0","10860.07","5921.12","2015-12-27 00:00:00","1.33","421.38","0","4517.57","3584.44","933.13","0","organic","DallasFtWorth"
"26","11792.51","9252.18","2015-06-28 00:00:00","1.33","434.28","0","2106.05","2106.05","0","0","organic","DallasFtWorth"
"6","23789.01","11293.76","2015-11-15 00:00:00","1.33","3356.13","29.19","9109.93","1068.24","8041.69","0","organic","Denver"
"48","22502.5","4271.13","2015-01-25 00:00:00","1.33","8412.17","584.78","9234.42","1202.57","8031.85","0","organic","Denver"
"31","12299.69","6688.91","2015-05-24 00:00:00","1.33","4328.35","0","1282.43","343.14","939.29","0","organic","LasVegas"
"4","42934.45","8753.06","2015-11-29 00:00:00","1.33","14877.52","0","19303.87","19134.05","169.82","0","organic","LosAngeles"
"28","6991.11","155.63","2015-06-14 00:00:00","1.33","3425.03","452.74","2957.71","1282.62","1675.09","0","organic","RichmondNorfolk"
"27","8892.2","142.75","2015-06-21 00:00:00","1.33","6373.01","0","2376.44","846.67","1529.77","0","organic","Roanoke"
"43","6110.51","70.22","2015-03-01 00:00:00","1.33","4546.72","0","1493.57","873.33","620.24","0","organic","Roanoke"
"51","9213.49","3727.52","2015-01-04 00:00:00","1.33","4327.52","0","1158.45","1158.45","0","0","organic","Sacramento"
"17","75913.85","42626.84","2015-08-30 00:00:00","1.33","5041.59","0","28245.42","25411.12","2834.3","0","organic","SouthCentral"
"8","3213","158.11","2015-11-01 00:00:00","1.33","1585.47","0","1469.42","0","1469.42","0","organic","Spokane"
"49","251749.94","64328.76","2015-01-18 00:00:00","1.33","147608.3","69.05","39743.83","7442.17","32301.66","0","organic","West"
"10","2839.61","0","2016-10-16 00:00:00","1.33","384.46","0","2455.15","442.87","2012.28","0","organic","Boise"
"12","2674.51","0","2016-10-02 00:00:00","1.33","409.45","0","2265.06","471.53","1793.53","0","organic","Boise"
"50","138580.98","17520.67","2016-01-10 00:00:00","1.33","60382.97","0","60677.34","45417.9","15259.44","0","organic","California"
"31","45768.24","77.57","2016-05-22 00:00:00","1.33","44459.63","0","1231.04","1231.04","0","0","organic","Chicago"
"44","10563.94","529","2016-02-21 00:00:00","1.33","7783.07","0","2251.87","348.67","1903.2","0","organic","CincinnatiDayton"
"20","18837.12","848.8","2016-08-07 00:00:00","1.33","8894.04","0","9094.28","768.46","8325.82","0","organic","Detroit"
"32","14006.16","321.4","2016-05-15 00:00:00","1.33","7201.35","0","6483.41","854.68","5628.73","0","organic","Detroit"
"46","10472.65","1808.94","2016-02-07 00:00:00","1.33","5778.2","0","2885.51","406.67","2478.84","0","organic","Detroit"
"40","4064.64","122.12","2016-03-20 00:00:00","1.33","3441.44","0","501.08","473.33","27.75","0","organic","GrandRapids"
"41","1643.43","258.14","2016-03-13 00:00:00","1.33","916.85","0","468.44","450","18.44","0","organic","GrandRapids"
"23","139949.09","5230.59","2016-07-17 00:00:00","1.33","67804.19","1.59","66912.72","16340.21","50572.51","0","organic","GreatLakes"
"36","122388.94","2776.24","2016-04-17 00:00:00","1.33","73943.65","12.53","45656.52","18674.26","26982.26","0","organic","GreatLakes"
"39","122736.25","2876.58","2016-03-27 00:00:00","1.33","76732.95","29.22","43097.5","9745.52","33351.98","0","organic","GreatLakes"
"41","106057.37","3540.99","2016-03-13 00:00:00","1.33","67123.23","6.11","35387.04","11461.81","23925.23","0","organic","GreatLakes"
"50","10100.44","4217.68","2016-01-10 00:00:00","1.33","38.32","0","5844.44","5837.12","7.32","0","organic","Houston"
"30","4126.64","166.85","2016-05-29 00:00:00","1.33","1890.42","0","2069.37","1428.58","640.79","0","organic","Indianapolis"
"41","9530.49","1955.94","2016-03-13 00:00:00","1.33","4330.59","0","3243.96","3192.97","50.99","0","organic","LasVegas"
"20","3513.86","13.23","2016-08-07 00:00:00","1.33","3.97","0","3496.66","3433.33","63.33","0","organic","MiamiFtLauderdale"
"23","4714.49","495.47","2016-07-17 00:00:00","1.33","39.01","0","4180.01","4153.34","26.67","0","organic","MiamiFtLauderdale"
"37","4177.97","1229.11","2016-04-10 00:00:00","1.33","6.42","0","2942.44","2939.11","3.33","0","organic","MiamiFtLauderdale"
"39","3982.06","1196.76","2016-03-27 00:00:00","1.33","7.73","0","2777.57","2777.57","0","0","organic","MiamiFtLauderdale"
"40","3445.84","1044.24","2016-03-20 00:00:00","1.33","11.6","0","2390","2390","0","0","organic","MiamiFtLauderdale"
"25","29132.17","1.3","2016-07-03 00:00:00","1.33","335.95","0","28794.92","28794.92","0","0","organic","NorthernNewEngland"
"51","9387.91","5709.17","2016-01-03 00:00:00","1.33","99.1","0","3579.64","1436.67","2142.97","0","organic","Orlando"
"44","1256.47","314.49","2016-02-21 00:00:00","1.33","32.43","0","909.55","614.42","295.13","0","organic","Pittsburgh"
"48","56919.22","4015.88","2016-01-24 00:00:00","1.33","16269.58","8256.41","28377.35","11379.03","16998.32","0","organic","Plains"
"25","45380.46","6123.5","2016-07-03 00:00:00","1.33","12522.6","0","26734.36","66.32","26668.04","0","organic","Portland"
"39","30826.41","1420.43","2016-03-27 00:00:00","1.33","16074.89","1.65","13329.44","88.94","13240.5","0","organic","Portland"
"31","8390.24","197.54","2016-05-22 00:00:00","1.33","3105.84","338.68","4748.18","3330","1418.18","0","organic","RaleighGreensboro"
"37","7370.7","170.25","2016-04-10 00:00:00","1.33","2878.73","336.06","3985.66","3421.08","564.58","0","organic","RaleighGreensboro"
"20","11384.29","180.17","2016-08-07 00:00:00","1.33","4064.21","535.69","6604.22","2870.47","3733.75","0","organic","RichmondNorfolk"
"24","9499.39","118.72","2016-07-10 00:00:00","1.33","5339.53","0","4041.14","1340.85","2700.29","0","organic","Roanoke"
"47","6019.01","98.48","2016-01-31 00:00:00","1.33","3346.91","0","2573.62","794.41","1779.21","0","organic","Roanoke"
"34","47035.36","1480.41","2016-05-01 00:00:00","1.33","43790.32","0","1764.63","1764.63","0","0","organic","SanFrancisco"
"49","67598.5","29157.6","2016-01-17 00:00:00","1.33","5671.95","5.56","32763.39","32475.79","287.6","0","organic","SouthCentral"
"4","3169.8","38.57","2016-11-27 00:00:00","1.33","645.56","0","2485.67","23.68","2461.99","0","organic","Spokane"
"38","4149.98","100.29","2016-04-03 00:00:00","1.33","2792.8","0","1256.89","19.29","1237.6","0","organic","Spokane"
"30","6565.11","1464.91","2016-05-29 00:00:00","1.33","23.53","0","5076.67","5070","6.67","0","organic","Tampa"
"39","4340.06","1260.59","2016-03-27 00:00:00","1.33","31.56","0","3047.91","3047.91","0","0","organic","Tampa"
"11","12929.64","158.88","2017-10-15 00:00:00","1.33","153.55","0","12617.21","12617.21","0","0","organic","BuffaloRochester"
"27","24915.38","13719.82","2017-06-25 00:00:00","1.33","845.15","0","10350.41","10240.83","109.58","0","organic","DallasFtWorth"
"22","8233.05","4.15","2017-07-30 00:00:00","1.33","1376.64","0","6852.26","6772.4","79.86","0","organic","GrandRapids"
"43","13181.24","127.32","2017-03-05 00:00:00","1.33","10247.49","0","2806.43","2806.43","0","0","organic","GrandRapids"
"40","125710.73","17237.4","2017-03-26 00:00:00","1.33","32193.35","7.96","76272.02","73831.31","2440.71","0","organic","LosAngeles"
"44","5744.81","151.65","2017-02-26 00:00:00","1.33","6.32","0","5586.84","5155.23","431.61","0","organic","NewOrleansMobile"
"45","5160.37","139.21","2017-02-19 00:00:00","1.33","0","0","5021.16","4830.72","190.44","0","organic","NewOrleansMobile"
"46","6425.79","254.69","2017-02-12 00:00:00","1.33","0","0","6171.1","5927.54","243.56","0","organic","NewOrleansMobile"
"0","57606.42","2002.4","2018-03-25 00:00:00","1.33","5548.18","82.68","49973.16","49957.61","15.55","0","organic","BaltimoreWashington"
"1","9211.25","4.48","2018-03-18 00:00:00","1.33","1362.75","0","7844.02","7815.81","28.21","0","organic","GrandRapids"
"3","222950.32","6008.33","2018-03-04 00:00:00","1.33","68134.36","0","147949.04","119193.36","28755.68","0","organic","GreatLakes"
"10","18253","354.81","2018-01-14 00:00:00","1.33","3471.49","78.62","14348.08","13243.48","1104.6","0","organic","RichmondNorfolk"
"28","89631.3","850.58","2015-06-14 00:00:00","1.32","55400.94","4377.19","29002.59","28343.14","659.45","0","conventional","Albany"
"4","213631.54","3572.7","2015-11-29 00:00:00","1.32","172790.41","169.1","37099.33","36423.45","675.88","0","conventional","HartfordSpringfield"
"23","258239.1","3759.04","2015-07-19 00:00:00","1.32","189919.51","5496.69","59063.86","56769.39","2294.47","0","conventional","HartfordSpringfield"
"47","297969.31","4803.72","2015-02-01 00:00:00","1.32","216923.02","364.83","75877.74","72234.63","3643.11","0","conventional","HartfordSpringfield"
"28","1363133.97","23161.35","2015-06-14 00:00:00","1.32","931945.04","3548.03","404479.55","323080.99","81280.96","117.6","conventional","NewYork"
"29","1731061.12","24734.98","2015-06-07 00:00:00","1.32","1347902.88","2235.54","356187.72","296939.83","59171.88","76.01","conventional","NewYork"
"34","1679103.39","23447.41","2015-05-03 00:00:00","1.32","1317970.18","4554.01","333131.79","257688.23","74835.23","608.33","conventional","NewYork"
"49","3066789.62","91803.09","2015-01-18 00:00:00","1.32","2098784.32","7215.59","868986.62","784229.51","84757.11","0","conventional","Northeast"
"28","421514.11","16036.91","2015-06-14 00:00:00","1.32","253565.67","1064.13","150847.4","130970.38","19779.78","97.24","conventional","Philadelphia"
"33","535922.59","18571.03","2015-05-10 00:00:00","1.32","381134.53","2051.34","134165.69","118815.58","15350.11","0","conventional","Philadelphia"
"30","83007.91","1472.2","2015-05-31 00:00:00","1.32","45514.38","1439.62","34581.71","24083.06","10498.65","0","conventional","Pittsburgh"
"48","98722.79","1847.59","2015-01-25 00:00:00","1.32","70060.41","2397.99","24416.8","17599.77","6817.03","0","conventional","Pittsburgh"
"22","395471.89","130034.73","2015-07-26 00:00:00","1.32","200668.51","13184.96","51583.69","51550.15","33.54","0","conventional","Sacramento"
"32","701099.41","167532.68","2015-05-17 00:00:00","1.32","434957.48","26013.96","72595.29","71643.24","952.05","0","conventional","SanFrancisco"
"17","164716.78","74751.64","2015-08-30 00:00:00","1.32","34386.84","16.21","55562.09","55153.25","404.34","4.5","conventional","StLouis"
"25","224901.96","97253.4","2015-07-05 00:00:00","1.32","57668.67","23.52","69956.37","69313.52","642.85","0","conventional","StLouis"
"32","186936.02","96530.89","2015-05-17 00:00:00","1.32","37553.09","37.3","52814.74","52814.74","0","0","conventional","StLouis"
"44","156112.67","75717.36","2015-02-22 00:00:00","1.32","36667.64","58.03","43669.64","43660.75","8.89","0","conventional","StLouis"
"2","50384.57","773.81","2015-12-13 00:00:00","1.32","33149.83","5.7","16455.23","16455.23","0","0","conventional","Syracuse"
"11","45170.5","1054.4","2015-10-11 00:00:00","1.32","27690.82","26.06","16399.22","15861.44","537.78","0","conventional","Syracuse"
"43","47890.09","728.61","2015-03-01 00:00:00","1.32","22776.67","53.84","24330.97","24277.64","53.33","0","conventional","Syracuse"
"40","110401.88","764.97","2016-03-20 00:00:00","1.32","97082.4","70.15","12484.36","12286.01","198.35","0","conventional","Albany"
"24","549815.44","17289.06","2016-07-10 00:00:00","1.32","359933.8","14982.9","157609.68","153175.43","49.25","4385","conventional","Boston"
"27","649660.14","10851.29","2016-06-19 00:00:00","1.32","456521.61","38655.07","143632.17","141650.87","141.3","1840","conventional","Boston"
"5","4253815.59","1513797.4","2016-11-20 00:00:00","1.32","1394929.07","93901.07","1251188.05","1161049.94","61429.08","28709.03","conventional","California"
"30","193459.52","2079.99","2016-05-29 00:00:00","1.32","117665.38","2496.3","71217.85","65724.71","5039.38","453.76","conventional","GrandRapids"
"22","3212818.19","457452.9","2016-07-24 00:00:00","1.32","1381175.94","293304.81","1080884.54","743699.41","242488.33","94696.8","conventional","GreatLakes"
"17","269377.79","45946.25","2016-08-28 00:00:00","1.32","114244.06","1086.91","108100.57","102788.68","2348.73","2963.16","conventional","HarrisburgScranton"
"22","2914817.51","611049.2","2016-07-24 00:00:00","1.32","1286835.89","133520.1","883412.32","738517.02","97932.68","46962.62","conventional","Midsouth"
"2","1163696.14","10994.77","2016-12-11 00:00:00","1.32","793989.54","5247.11","353464.72","247566.16","104392.33","1506.23","conventional","NewYork"
"39","1395562.08","17761.56","2016-03-27 00:00:00","1.32","1008215.2","1438.13","368147.19","316529.29","51617.9","0","conventional","NewYork"
"2","3381321.05","102683.58","2016-12-11 00:00:00","1.32","2390081.54","19968.52","868587.41","733966.4","132518","2103.01","conventional","Northeast"
"16","472090.23","153239.51","2016-09-04 00:00:00","1.32","247684.74","4575.47","66590.51","66372.28","2.95","215.28","conventional","Sacramento"
"9","366026.91","127391.58","2016-10-23 00:00:00","1.32","119290.35","13215.77","106129.21","91095.15","13109.95","1924.11","conventional","SanDiego"
"11","262764.71","109192.13","2016-10-09 00:00:00","1.32","56453.75","4235.9","92882.93","57335.43","35547.5","0","conventional","SouthCarolina"
"13","3266161.45","1398879.9","2016-09-25 00:00:00","1.32","588359.56","9605.99","1269316","691449.32","573138.62","4728.06","conventional","Southeast"
"48","64280.43","72.06","2016-01-24 00:00:00","1.32","34868.95","31.76","29307.66","29215.12","92.54","0","conventional","Syracuse"
"40","443514.95","222457.31","2017-03-26 00:00:00","1.32","50731.36","132.95","170193.33","108832.13","56386.2","4975","conventional","Atlanta"
"48","604106.12","5792.32","2017-01-29 00:00:00","1.32","464828.97","6111.1","127373.73","126000.39","1373.34","0","conventional","Boston"
"20","144618.71","2321.06","2017-08-13 00:00:00","1.32","60729.79","18.73","81549.13","79458.02","107.78","1983.33","conventional","BuffaloRochester"
"21","155635.24","2068.33","2017-08-06 00:00:00","1.32","78780.02","42.94","74743.95","73066.17","84.45","1593.33","conventional","BuffaloRochester"
"22","146069.4","1769.04","2017-07-30 00:00:00","1.32","65452.36","40.32","78807.68","76952.12","592.23","1263.33","conventional","BuffaloRochester"
"31","6160751.92","2307940.04","2017-05-28 00:00:00","1.32","1793496.44","153502.24","1905813.2","1829396.11","3223.85","73193.24","conventional","California"
"25","222027.09","62331.48","2017-07-09 00:00:00","1.32","70720.4","6490.52","82484.69","73227.42","4767.27","4490","conventional","Charlotte"
"41","678002.96","152538.65","2017-03-19 00:00:00","1.32","156751.57","19725.12","348987.62","142550.4","206301.11","136.11","conventional","Denver"
"42","673601.39","138467.07","2017-03-12 00:00:00","1.32","157143.73","18699.79","359290.8","134714.53","224576.27","0","conventional","Denver"
"43","639567.49","142858.33","2017-03-05 00:00:00","1.32","161939.15","18347.67","316422.34","148831.25","167574.42","16.67","conventional","Denver"
"18","304000.24","99924.49","2017-08-27 00:00:00","1.32","29648.99","23558.08","150868.68","133119.35","5877.48","11871.85","conventional","Detroit"
"32","307674.16","71333.9","2017-05-21 00:00:00","1.32","44186.58","36112.15","156041.53","123293.61","16846.6","15901.32","conventional","Detroit"
"8","225563.4","131134.51","2017-11-05 00:00:00","1.32","19876.07","1893","72659.82","65167.14","6089.35","1403.33","conventional","NewOrleansMobile"
"24","232912.36","120631.11","2017-07-16 00:00:00","1.32","29406.15","39","82836.1","64601.65","9641.12","8593.33","conventional","NewOrleansMobile"
"29","312695","187011.15","2017-06-11 00:00:00","1.32","31940.35","188","93555.5","76637.93","8992.57","7925","conventional","NewOrleansMobile"
"35","301447.98","193112.77","2017-04-30 00:00:00","1.32","28592.77","251.05","79491.39","60607.72","10988.67","7895","conventional","NewOrleansMobile"
"41","231348.89","130993.69","2017-03-19 00:00:00","1.32","32649.16","284.06","67421.98","51297.4","9849.58","6275","conventional","NewOrleansMobile"
"42","239083.77","145739.86","2017-03-12 00:00:00","1.32","25219.09","271.03","67853.79","51341.55","9832.24","6680","conventional","NewOrleansMobile"
"4","4030251","219287","2017-12-03 00:00:00","1.32","2671616","6523","1132825","995470","137354","2","conventional","Northeast"
"14","102663.43","44018.65","2017-09-24 00:00:00","1.32","25081.98","1558.08","32004.72","23199.63","8788.42","16.67","conventional","Pittsburgh"
"31","143674.94","60061.87","2017-05-28 00:00:00","1.32","29709.54","1890.54","52012.99","44354.41","7658.58","0","conventional","Pittsburgh"
"25","2106705.01","785869.03","2017-07-09 00:00:00","1.32","554318.38","45371.29","721146.31","710273.4","5457.82","5415.09","conventional","Plains"
"19","671617.66","191682.01","2017-08-20 00:00:00","1.32","131531.25","15625.26","332779.14","276359.88","55932.31","486.95","conventional","Portland"
"43","282098.34","65892","2017-03-05 00:00:00","1.32","114010.71","10062.04","92133.59","90822.06","1311.53","0","conventional","RaleighGreensboro"
"43","431348.55","162323","2017-03-05 00:00:00","1.32","212458.59","5241.72","51325.24","50741.89","393.58","189.77","conventional","Sacramento"
"9","310343.81","139889.99","2017-10-29 00:00:00","1.32","57049.49","2572.09","110832.24","74082.72","35393.69","1355.83","conventional","SouthCarolina"
"12","4735152.21","2484149.44","2017-10-08 00:00:00","1.32","842457.24","6332.78","1402212.75","1011503.13","390140.39","569.23","conventional","SouthCentral"
"5","2743409","1577493","2017-11-26 00:00:00","1.32","251975","8058","905883","606486","282761","16635","conventional","Southeast"
"25","3491991.63","1930025.72","2017-07-09 00:00:00","1.32","485914.34","4529.63","1071521.94","636669.38","342065.06","92787.5","conventional","Southeast"
"1","66895.5","17243.77","2017-12-24 00:00:00","1.32","20939.98","534.99","28176.76","20309.07","7796.19","71.5","conventional","Spokane"
"8","78530.28","22345.57","2017-11-05 00:00:00","1.32","19106.3","286.43","36791.98","31681.11","5078.04","32.83","conventional","Spokane"
"29","197442.71","76191.65","2017-06-11 00:00:00","1.32","15824.35","224.01","105202.7","84981.22","16665.05","3556.43","conventional","StLouis"
"7","62300","4073","2017-11-12 00:00:00","1.32","37767","65","20395","17129","3266","0","conventional","Syracuse"
"22","31756097.22","11112191.11","2017-07-30 00:00:00","1.32","11088082.78","596676.12","8959147.21","6337457.44","2396438.66","225251.11","conventional","TotalUS"
"21","5548410.44","2036702.69","2017-08-06 00:00:00","1.32","1451163.28","107844.51","1952699.96","1060422.56","879238.7","13038.7","conventional","West"
"7","188654.47","13478.37","2018-02-04 00:00:00","1.32","99364.48","84.19","75727.43","14935.4","60228.7","563.33","conventional","BuffaloRochester"
"10","159070.65","8239.41","2018-01-14 00:00:00","1.32","80916.85","40.26","69874.13","27693.23","42180.9","0","conventional","BuffaloRochester"
"0","258547.55","68088.95","2018-03-25 00:00:00","1.32","87220.18","5567.45","97670.97","92743.21","4926.65","1.11","conventional","Charlotte"
"3","259060.74","67459.59","2018-03-04 00:00:00","1.32","80515.46","6005.97","105079.72","97703.43","7376.29","0","conventional","Charlotte"
"0","429132.5","258217.83","2018-03-25 00:00:00","1.32","25970.97","1426.07","143517.63","90870.28","52357.35","290","conventional","Orlando"
"2","486492.24","45869.8","2018-03-11 00:00:00","1.32","237689.35","297.86","202635.23","177287.22","23394.68","1953.33","conventional","Philadelphia"
"9","527860.09","69862.88","2018-01-21 00:00:00","1.32","303263.33","383.99","154349.89","144550.12","9797.01","2.76","conventional","Philadelphia"
"8","468915.38","158788.12","2018-01-28 00:00:00","1.32","233834.71","1129.27","75163.28","67847.8","1197.57","6117.91","conventional","Sacramento"
"6","823086.86","267695.96","2018-02-11 00:00:00","1.32","405148.34","3199.77","147042.79","144064.49","120.38","2857.92","conventional","SanFrancisco"
"3","172050.58","67717.05","2018-03-04 00:00:00","1.32","9189.29","437.35","94706.89","69210.53","16517.88","8978.48","conventional","StLouis"
"4","10961.82","536.38","2015-11-29 00:00:00","1.32","5920.71","432.48","4072.25","327.43","3744.82","0","organic","BaltimoreWashington"
"2","8699.18","307.35","2015-12-13 00:00:00","1.32","6153.05","0","2238.78","440.58","1798.2","0","organic","CincinnatiDayton"
"50","11313.77","209.52","2015-01-11 00:00:00","1.32","10352.17","0","752.08","310.62","441.46","0","organic","CincinnatiDayton"
"17","11583.26","2544.39","2015-08-30 00:00:00","1.32","5844.25","0","3194.62","383.01","2811.61","0","organic","Detroit"
"44","9791.87","299.83","2015-02-22 00:00:00","1.32","8060.61","53.9","1377.53","1166.67","210.86","0","organic","Nashville"
"37","63498.04","8217.36","2015-04-12 00:00:00","1.32","41945.37","11.27","13324.04","0","13324.04","0","organic","Portland"
"43","30280.67","17519.03","2015-03-01 00:00:00","1.32","12225.23","35.68","500.73","0","500.73","0","organic","Portland"
"33","10626.54","168.83","2015-05-10 00:00:00","1.32","5374.06","1163.17","3920.48","1981.96","1938.52","0","organic","RaleighGreensboro"
"2","2568.24","38.55","2015-12-13 00:00:00","1.32","1587.44","0","942.25","0","942.25","0","organic","Spokane"
"9","8153.98","13.8","2016-10-23 00:00:00","1.32","337.79","0","7802.39","7802.39","0","0","organic","Boston"
"50","7751.94","65.96","2016-01-10 00:00:00","1.32","766.46","1.2","6918.32","6918.32","0","0","organic","Boston"
"42","198961.57","19796.42","2016-03-06 00:00:00","1.32","86184.7","3.04","92977.41","92547.86","429.55","0","organic","California"
"2","54112.89","63.34","2016-12-11 00:00:00","1.32","50779.13","0","3270.42","3270.42","0","0","organic","Chicago"
"14","15776.76","577.58","2016-09-18 00:00:00","1.32","8538.43","0","6660.75","736.94","5923.81","0","organic","CincinnatiDayton"
"17","10186.67","868.26","2016-08-28 00:00:00","1.32","4898.92","0","4419.49","352.31","4067.18","0","organic","Columbus"
"6","25020.67","7052.28","2016-11-13 00:00:00","1.32","162.3","0","17806.09","17526.69","279.4","0","organic","DallasFtWorth"
"29","21698.87","12810.26","2016-06-05 00:00:00","1.32","3097.96","21.51","5769.14","5681.6","87.54","0","organic","Denver"
"3","4005.73","232.21","2016-12-04 00:00:00","1.32","3063.52","0","710","710","0","0","organic","GrandRapids"
"50","7967.11","119.43","2016-01-10 00:00:00","1.32","203.03","16.19","7628.46","690.25","6938.21","0","organic","HarrisburgScranton"
"26","14968.56","9384.38","2016-06-26 00:00:00","1.32","39.92","0","5544.26","4949.96","594.3","0","organic","Houston"
"20","3614.21","1.33","2016-08-07 00:00:00","1.32","1449.64","0","2163.24","866.67","1296.57","0","organic","Louisville"
"39","2136.97","4.86","2016-03-27 00:00:00","1.32","1423.45","0","708.66","116.67","591.99","0","organic","Louisville"
"38","4136.14","1191.05","2016-04-03 00:00:00","1.32","18.01","0","2927.08","2923.75","3.33","0","organic","MiamiFtLauderdale"
"41","12819.92","705.97","2016-03-13 00:00:00","1.32","7430.23","0","4683.72","2220","2463.72","0","organic","Nashville"
"42","11949.2","840.04","2016-03-06 00:00:00","1.32","7515.12","0","3594.04","1416.67","2177.37","0","organic","Nashville"
"25","9029.86","2606.85","2016-07-03 00:00:00","1.32","228.87","0","6194.14","6170.81","23.33","0","organic","Orlando"
"17","9356.4","106.71","2016-08-28 00:00:00","1.32","3821","345.29","5083.4","2639.19","2444.21","0","organic","RichmondNorfolk"
"46","13419.01","883.53","2016-02-07 00:00:00","1.32","7162.51","12.78","5360.19","311.44","5048.75","0","organic","SanDiego"
"50","12435.43","1414.85","2016-01-10 00:00:00","1.32","5266.26","0","5754.32","515.58","5238.74","0","organic","SanDiego"
"33","51985.57","1609.98","2016-05-08 00:00:00","1.32","48288.21","0","2087.38","2087.38","0","0","organic","SanFrancisco"
"23","13916.21","1024.5","2016-07-17 00:00:00","1.32","3135","681.36","9075.35","6516.71","2558.64","0","organic","SouthCarolina"
"51","86759.88","39315.96","2016-01-03 00:00:00","1.32","8067.87","579.95","38796.1","19654.52","19141.58","0","organic","Southeast"
"42","18916.59","2653.06","2016-03-06 00:00:00","1.32","5464.63","14.37","10784.53","10704.67","79.86","0","organic","WestTexNewMexico"
"41","11873.88","729.36","2017-03-19 00:00:00","1.32","6016.85","0","5127.67","669.69","4457.98","0","organic","Detroit"
"9","7724.84","61.38","2017-10-29 00:00:00","1.32","540.98","0","7122.48","7122.48","0","0","organic","GrandRapids"
"10","9171.48","15.63","2017-10-22 00:00:00","1.32","686.14","0","8469.71","8469.71","0","0","organic","GrandRapids"
"24","9058.79","2.84","2017-07-16 00:00:00","1.32","1252.4","0","7788.89","7785.74","3.15","0","organic","GrandRapids"
"37","14406.27","1471.8","2017-04-16 00:00:00","1.32","3773.11","0","9161.36","8550.64","610.72","0","organic","LasVegas"
"31","4451.69","0","2017-05-28 00:00:00","1.32","1185.02","0","3266.67","763.33","2503.34","0","organic","Louisville"
"48","8024.8","592.19","2017-01-29 00:00:00","1.32","3683.49","230.3","3518.82","1829.27","1689.55","0","organic","RichmondNorfolk"
"49","39780.18","654.95","2017-01-22 00:00:00","1.32","10318.19","9.24","28797.8","557.91","28239.89","0","organic","Seattle"
"39","5923.05","234.46","2017-04-02 00:00:00","1.32","1746.63","0","3941.96","36.67","3905.29","0","organic","Spokane"
"47","5630.1","822.78","2017-02-05 00:00:00","1.32","547.96","0","4259.36","890","3369.36","0","organic","StLouis"
"12","7491.15","54.15","2017-10-08 00:00:00","1.32","124.32","0","7312.68","7312.68","0","0","organic","Syracuse"
"8","6987.56","433.66","2018-01-28 00:00:00","1.32","374.96","0","6178.94","6178.94","0","0","organic","Albany"
"1","31122.09","5570.59","2018-03-18 00:00:00","1.32","1317.02","0","24234.48","22630.41","1604.07","0","organic","DallasFtWorth"
"7","17541.66","580.19","2018-02-04 00:00:00","1.32","2434.85","0","14480.83","13820.72","660.11","0","organic","Detroit"
"10","20636.96","750.22","2018-01-14 00:00:00","1.32","3266.56","0","16598.98","15422.79","1176.19","0","organic","Detroit"
"2","8381.09","35.72","2018-03-11 00:00:00","1.32","1201.8","0","7143.57","7143.57","0","0","organic","GrandRapids"
"10","10308.41","14.16","2018-01-14 00:00:00","1.32","1519.63","0","8774.62","8744.72","29.9","0","organic","GrandRapids"
"2","10160.96","38.32","2018-03-11 00:00:00","1.32","2553.36","0","7569.28","5132.05","2437.23","0","organic","Nashville"
"1","15940.36","459.28","2018-03-18 00:00:00","1.32","3325.39","86.58","12069.11","10904.32","1164.79","0","organic","RichmondNorfolk"
"10","37347.89","19301.15","2018-01-14 00:00:00","1.32","14957.23","0","3089.51","3089.51","0","0","organic","SanFrancisco"
"2","179212.94","29896.39","2018-03-11 00:00:00","1.32","5707.77","0","143608.78","126427.81","17180.97","0","organic","SouthCentral"
"7","7363.56","89.59","2018-02-04 00:00:00","1.32","440.31","0","6833.66","6827.78","5.88","0","organic","Tampa"
"12","61007.1","2268.32","2015-10-04 00:00:00","1.31","49880.67","101.36","8756.75","8379.98","376.77","0","conventional","Albany"
"13","90745.72","1908.16","2015-09-27 00:00:00","1.31","60292.79","106.47","28438.3","27767.19","671.11","0","conventional","BuffaloRochester"
"30","167907.51","7097","2015-05-31 00:00:00","1.31","90411.8","3360.05","67038.66","64208.38","2794.35","35.93","conventional","GrandRapids"
"44","129295.86","1593.4","2015-02-22 00:00:00","1.31","69934.93","4894.78","52872.75","48858.06","3767.48","247.21","conventional","GrandRapids"
"13","318048.12","200219.37","2015-09-27 00:00:00","1.31","57857.02","40.63","59931.1","35358.56","24572.54","0","conventional","MiamiFtLauderdale"
"36","3786141.18","110954.74","2015-04-19 00:00:00","1.31","2552885.19","6389.9","1115911.35","984678.78","131232.57","0","conventional","Northeast"
"29","758817.08","167496.15","2015-06-07 00:00:00","1.31","477146.12","36846.32","77328.49","76252.85","1075.64","0","conventional","SanFrancisco"
"26","496302.98","175064.74","2015-06-28 00:00:00","1.31","222871.77","13848.78","84517.69","84437.86","58.06","21.77","conventional","Seattle"
"23","89228.02","9273.69","2016-07-17 00:00:00","1.31","64260.69","80.07","15613.57","13439.76","688.81","1485","conventional","Albany"
"18","586072.78","15419.55","2016-08-21 00:00:00","1.31","353351.42","7923.98","209377.83","201033.61","7400.05","944.17","conventional","Boston"
"44","126537.43","1500.02","2016-02-21 00:00:00","1.31","52665.54","31.37","72340.5","69018.28","3322.22","0","conventional","BuffaloRochester"
"48","147469.99","467.72","2016-01-24 00:00:00","1.31","54309.11","131.18","92561.98","92435.31","126.67","0","conventional","BuffaloRochester"
"10","123388.77","53963.92","2016-10-16 00:00:00","1.31","22128.29","1875.36","45421.2","43150.55","2270.65","0","conventional","Columbus"
"7","533947.5","110497.67","2016-11-06 00:00:00","1.31","148423.26","18858.61","256167.96","81361.39","174689.45","117.12","conventional","Denver"
"31","151840.62","1949.63","2016-05-22 00:00:00","1.31","84537.07","4986.35","60367.57","50741.23","7308.23","2318.11","conventional","GrandRapids"
"39","294602.42","3703.75","2016-03-27 00:00:00","1.31","234448.8","196.63","56253.24","55053.66","1199.58","0","conventional","HartfordSpringfield"
"9","142946.23","7986.6","2016-10-23 00:00:00","1.31","65584.52","2219.92","67155.19","28373.94","38779.76","1.49","conventional","Indianapolis"
"12","146709.18","14488.94","2016-10-02 00:00:00","1.31","66598.01","2091.96","63530.27","36081.38","27445.88","3.01","conventional","Indianapolis"
"16","160672.02","17530.05","2016-09-04 00:00:00","1.31","75640.39","3252.69","64248.89","47772.68","16371.21","105","conventional","Indianapolis"
"6","140702.87","51958.36","2016-11-13 00:00:00","1.31","22430.56","212.95","66101","26430.57","39670.43","0","conventional","Jacksonville"
"11","135520.48","43060.49","2016-10-09 00:00:00","1.31","35355.69","143.93","56960.37","16656.5","40303.87","0","conventional","Jacksonville"
"12","159576.97","54429.42","2016-10-02 00:00:00","1.31","29513.01","93.83","75540.71","23304.77","52235.94","0","conventional","Jacksonville"
"7","146936.93","66594.58","2016-11-06 00:00:00","1.31","13756.62","126.52","66459.21","54846.72","11172.49","440","conventional","Nashville"
"38","1240608.2","15436.69","2016-04-03 00:00:00","1.31","912292.57","1685.41","311193.53","269122.16","42071.37","0","conventional","NewYork"
"3","216077.75","80765.25","2016-12-04 00:00:00","1.31","51555.26","8087.24","75670","71739.23","3930.77","0","conventional","RaleighGreensboro"
"15","248257.02","55464.08","2016-09-11 00:00:00","1.31","81087.7","19102.71","92602.53","88122.17","4475.36","5","conventional","RaleighGreensboro"
"20","280543.19","64077.54","2016-08-07 00:00:00","1.31","115112.98","25307.84","76044.83","71564.1","3510.45","970.28","conventional","RaleighGreensboro"
"22","279159.58","52638.44","2016-07-24 00:00:00","1.31","114295.77","26360.8","85864.57","77643.01","3640.73","4580.83","conventional","RaleighGreensboro"
"4","82819.13","23710.29","2016-11-27 00:00:00","1.31","23786.95","86.27","35235.62","34948.95","286.67","0","conventional","Roanoke"
"23","471698.22","150251.55","2016-07-17 00:00:00","1.31","237468.05","16900.69","67077.93","67069.07","8.86","0","conventional","Sacramento"
"31","817923.28","247488.87","2016-05-22 00:00:00","1.31","416811.55","70753.98","82868.88","80974.56","945.43","948.89","conventional","SanFrancisco"
"23","66907.33","2211.14","2016-07-17 00:00:00","1.31","39136.28","1","25558.91","24463.91","0","1095","conventional","Syracuse"
"29","80015.17","1635.92","2016-06-05 00:00:00","1.31","46955.13","178.83","31245.29","29640.29","0","1605","conventional","Syracuse"
"34","83407.69","992.24","2016-05-01 00:00:00","1.31","54950.48","769.07","26695.9","26695.9","0","0","conventional","Syracuse"
"48","95424.59","3844.62","2017-01-29 00:00:00","1.31","78315.15","484.56","12780.26","12393.84","382.06","4.36","conventional","Albany"
"45","521125.33","27790.5","2017-02-19 00:00:00","1.31","391316.37","5419.01","96599.45","88030.23","8569.22","0","conventional","Boston"
"25","166851.73","2075.7","2017-07-09 00:00:00","1.31","80022.52","55.72","84697.79","78261.38","641.41","5795","conventional","BuffaloRochester"
"41","5328958.01","1857645.04","2017-03-19 00:00:00","1.31","1555271.43","143586.99","1772454.55","1709046.29","5147.16","58261.1","conventional","California"
"42","5208101.86","1871004.41","2017-03-12 00:00:00","1.31","1577127.23","156629.51","1603340.71","1528139.92","7223.59","67977.2","conventional","California"
"18","253876.89","4199.84","2017-08-27 00:00:00","1.31","88697.4","645.63","160334.02","21251.16","138455","627.86","conventional","CincinnatiDayton"
"38","704360.11","136193.81","2017-04-09 00:00:00","1.31","164298.89","23358.01","380509.4","117825.21","262684.19","0","conventional","Denver"
"33","3047596.25","721743.92","2017-05-14 00:00:00","1.31","1036404.83","30170.73","1259276.77","1104012.3","148638.5","6625.97","conventional","Midsouth"
"0","3652549.7","235982.42","2017-12-31 00:00:00","1.31","2537022.88","7412.85","872131.55","658153.52","213974.56","3.47","conventional","Northeast"
"4","318626","202974","2017-12-03 00:00:00","1.31","23478","987","91187","60278","30905","3","conventional","Orlando"
"13","666472.86","289195.06","2017-10-01 00:00:00","1.31","153391.94","2561.47","221324.39","184421.19","36823.2","80","conventional","PhoenixTucson"
"16","100073.91","42781.2","2017-09-10 00:00:00","1.31","23778.55","1402.3","32111.86","23892.22","7239.64","980","conventional","Pittsburgh"
"17","104937.39","43246.31","2017-09-03 00:00:00","1.31","27966.76","1880.37","31843.95","23478.54","6839.85","1525.56","conventional","Pittsburgh"
"26","2223310.81","801224.73","2017-07-02 00:00:00","1.31","664924.43","28132.18","729029.47","707685.17","6808.01","14536.29","conventional","Plains"
"29","2120488.01","948624.24","2017-06-11 00:00:00","1.31","478847.61","7878.02","685138.14","642268.81","27923.27","14946.06","conventional","Plains"
"30","2136102.71","958508.87","2017-06-04 00:00:00","1.31","499135.71","11013.14","667444.99","620312.74","35312.21","11820.04","conventional","Plains"
"2","430915","74946.87","2017-12-17 00:00:00","1.31","158604.57","10853.54","186510.02","133500.93","52414.62","594.47","conventional","Portland"
"22","289052.93","88828.86","2017-07-30 00:00:00","1.31","96173.17","5723.72","98327.18","93129.14","4554.7","643.34","conventional","RaleighGreensboro"
"23","286761.46","72790.4","2017-07-23 00:00:00","1.31","94919.48","6495","112556.58","106561.61","3974.97","2020","conventional","RaleighGreensboro"
"29","248634.5","63325.16","2017-06-11 00:00:00","1.31","101559.72","2489.11","81260.51","74457.92","57.59","6745","conventional","RichmondNorfolk"
"43","230403.88","60435.81","2017-03-05 00:00:00","1.31","89549.29","4281.06","76137.72","74615.52","1522.2","0","conventional","RichmondNorfolk"
"43","326142.89","137486.85","2017-03-05 00:00:00","1.31","76876.57","4078.4","107701.07","78628.74","29047.33","25","conventional","SouthCarolina"
"1","3077843.09","1732070.28","2017-12-24 00:00:00","1.31","277003.33","14230.23","1054539.25","708818.41","322895.28","22825.56","conventional","Southeast"
"10","77451.36","21170.41","2017-10-22 00:00:00","1.31","32061.06","223.31","23996.58","17308.71","6657.31","30.56","conventional","Spokane"
"5","126244","59506","2017-11-26 00:00:00","1.31","10345","547","55845","37032","18813","0","conventional","StLouis"
"27","185418.99","76172.59","2017-06-25 00:00:00","1.31","13284.98","121.52","95839.9","79384.95","15959.99","494.96","conventional","StLouis"
"1","57784.05","2688.4","2017-12-24 00:00:00","1.31","34404.86","45.22","20645.57","17602.68","3042.89","0","conventional","Syracuse"
"23","32608301.51","11391055.98","2017-07-23 00:00:00","1.31","11339580.43","612242.37","9265422.73","6333888.33","2636616.32","294918.08","conventional","TotalUS"
"10","4769138.17","1651832.17","2017-10-22 00:00:00","1.31","1462327.27","65438.43","1589540.3","1024799.25","563721.25","1019.8","conventional","West"
"18","5328934.06","1822972.31","2017-08-27 00:00:00","1.31","1313977.96","83291.42","2108692.37","1314990.74","779209.02","14492.61","conventional","West"
"10","3437563.27","778207.19","2018-01-14 00:00:00","1.31","1040627.93","294793.29","1323934.86","1117531.11","183163.55","23240.2","conventional","GreatLakes"
"5","185003.97","103477.92","2018-02-18 00:00:00","1.31","10571.97","409.49","70544.59","34243.08","36218.18","83.33","conventional","Jacksonville"
"5","4112725.9","371846.83","2018-02-18 00:00:00","1.31","2539306.99","6573.57","1194998.51","976712.55","207823.43","10462.53","conventional","Northeast"
"5","396568.38","246434.79","2018-02-18 00:00:00","1.31","23807.51","1357.35","124968.73","83331.83","41450.24","186.66","conventional","Orlando"
"0","503277.65","43421.1","2018-03-25 00:00:00","1.31","252219.75","248.04","207388.76","187566.62","17687.7","2134.44","conventional","Philadelphia"
"10","504269.23","144109.69","2018-01-14 00:00:00","1.31","299605.5","1249.15","59304.89","52486.47","754.65","6063.77","conventional","Sacramento"
"9","600669.78","125236.3","2018-01-21 00:00:00","1.31","202783.51","754.76","271895.21","138209.77","133100.87","584.57","conventional","Seattle"
"10","4198992.14","2371136.88","2018-01-14 00:00:00","1.31","403224.01","17012.38","1407618.87","845928.49","540110.99","21579.39","conventional","Southeast"
"10","79367.52","3452.94","2018-01-14 00:00:00","1.31","45825.51","72.86","30016.21","14827.72","15188.49","0","conventional","Syracuse"
"22","4288.7","397.65","2015-07-26 00:00:00","1.31","2337.28","0","1553.77","0","1553.77","0","organic","Columbus"
"25","5903.4","536.02","2015-07-05 00:00:00","1.31","4088.38","0","1279","290","989","0","organic","Columbus"
"21","12992.93","10686.21","2015-08-02 00:00:00","1.31","522.44","36.97","1747.31","1733.98","13.33","0","organic","DallasFtWorth"
"0","10598.3","4797.41","2015-12-27 00:00:00","1.31","57.91","0","5742.98","4815.51","927.47","0","organic","Houston"
"42","9212.46","7483.56","2015-03-08 00:00:00","1.31","622.23","0","1106.67","1106.67","0","0","organic","Houston"
"3","2106.77","301.9","2015-12-06 00:00:00","1.31","898.59","0","906.28","320","586.28","0","organic","Indianapolis"
"6","49201.89","10986.49","2015-11-15 00:00:00","1.31","18709.28","0","19506.12","18988.91","517.21","0","organic","LosAngeles"
"16","8225.49","355.57","2015-09-06 00:00:00","1.31","5187.04","0","2682.88","986.04","1696.84","0","organic","Nashville"
"11","5694","34.1","2015-10-11 00:00:00","1.31","2522.36","422.63","2714.91","846.67","1868.24","0","organic","RichmondNorfolk"
"26","7676.74","131.93","2015-06-28 00:00:00","1.31","4981.31","0","2563.5","813.33","1750.17","0","organic","Roanoke"
"23","56107.03","41370.58","2015-07-19 00:00:00","1.31","6317.71","0","8418.74","6211.9","2206.84","0","organic","SouthCentral"
"13","930.74","7.68","2015-09-27 00:00:00","1.31","0","0","923.06","923.06","0","0","organic","Tampa"
"35","3775.87","3030.74","2015-04-26 00:00:00","1.31","16.51","0","728.62","728.62","0","0","organic","Tampa"
"20","9580.49","18.68","2016-08-07 00:00:00","1.31","535.94","0","9025.87","9025.87","0","0","organic","Boston"
"50","13480.88","689.26","2016-01-10 00:00:00","1.31","8880.64","0","3910.98","624.9","3286.08","0","organic","CincinnatiDayton"
"5","7255.4","661.45","2016-11-20 00:00:00","1.31","2218.41","0","4375.54","1467.18","2908.36","0","organic","Columbus"
"31","6711.12","389.47","2016-05-22 00:00:00","1.31","3323.72","18.38","2979.55","1037.65","1941.9","0","organic","Columbus"
"46","3999.51","499.69","2016-02-07 00:00:00","1.31","2482.27","2.16","1015.39","161.58","853.81","0","organic","Columbus"
"14","18329.37","7605.58","2016-09-18 00:00:00","1.31","1010.05","0","9713.74","7228.44","2485.3","0","organic","DallasFtWorth"
"39","14713.15","481.18","2016-03-27 00:00:00","1.31","7529.48","0","6702.49","866.3","5836.19","0","organic","Detroit"
"44","10640.55","2285.14","2016-02-21 00:00:00","1.31","5350.58","0","3004.83","389.62","2615.21","0","organic","Detroit"
"45","10918.3","2185.23","2016-02-14 00:00:00","1.31","5667.24","0","3065.83","346.67","2719.16","0","organic","Detroit"
"1","112979.93","3304.98","2016-12-18 00:00:00","1.31","66050.37","0","43624.58","18096.39","25528.19","0","organic","GreatLakes"
"48","102833.87","8871.32","2016-01-24 00:00:00","1.31","55777.93","15.33","38169.29","9648.15","28521.14","0","organic","GreatLakes"
"49","11306.09","6398.07","2016-01-17 00:00:00","1.31","99.57","0","4808.45","4808.45","0","0","organic","Houston"
"33","13681.17","4543.59","2016-05-08 00:00:00","1.31","5592.9","0","3544.68","416.67","3128.01","0","organic","LasVegas"
"2","77692.93","8725.85","2016-12-11 00:00:00","1.31","29110.77","45.38","39810.93","31526.04","8284.89","0","organic","LosAngeles"
"14","2194.01","5.22","2016-09-18 00:00:00","1.31","1254.23","0","934.56","80","854.56","0","organic","Louisville"
"28","3592.49","0","2016-06-12 00:00:00","1.31","2215.36","0","1377.13","160","1217.13","0","organic","Louisville"
"28","11428.18","832.28","2016-06-12 00:00:00","1.31","5730.39","0","4865.51","2030","2835.51","0","organic","Nashville"
"38","3140.08","633.59","2016-04-03 00:00:00","1.31","5.99","0","2500.5","2500.5","0","0","organic","NewOrleansMobile"
"33","2124.35","238.56","2016-05-08 00:00:00","1.31","388.88","35.95","1460.96","1460.96","0","0","organic","Pittsburgh"
"38","6828.81","111.34","2016-04-03 00:00:00","1.31","3216.69","0","3500.78","1129.29","2371.49","0","organic","Roanoke"
"48","15316.04","1368.36","2016-01-24 00:00:00","1.31","8300.29","0","5647.39","756.65","4890.74","0","organic","SanDiego"
"35","63398.87","667.33","2016-04-24 00:00:00","1.31","41604.03","11.87","21115.64","435.55","20680.09","0","organic","Seattle"
"28","9826.29","998.33","2016-06-12 00:00:00","1.31","2919.7","423.27","5484.99","3877.37","1607.62","0","organic","SouthCarolina"
"29","10467.48","968.26","2016-06-05 00:00:00","1.31","2877.64","374.97","6246.61","5142.68","1103.93","0","organic","SouthCarolina"
"45","75226.48","25976.29","2016-02-14 00:00:00","1.31","6077.93","0","43172.26","33318.79","9853.47","0","organic","SouthCentral"
"26","71367.79","20353.71","2016-06-26 00:00:00","1.31","13495.03","848.58","36670.47","22878.16","13792.31","0","organic","Southeast"
"28","69103.23","17831.12","2016-06-12 00:00:00","1.31","14124.16","609.14","36538.81","24093.3","12445.51","0","organic","Southeast"
"29","66438.8","15346.73","2016-06-05 00:00:00","1.31","12348.32","498.96","38244.79","29937.29","8307.5","0","organic","Southeast"
"21","2994.48","375.9","2016-07-31 00:00:00","1.31","563.84","0","2054.74","192.05","1862.69","0","organic","Spokane"
"42","3669.4","78.16","2016-03-06 00:00:00","1.31","2007.44","5.72","1578.08","0","1578.08","0","organic","Spokane"
"37","5511.75","1520.71","2016-04-10 00:00:00","1.31","56.5","0","3934.54","3934.54","0","0","organic","Tampa"
"3","202181.56","29864.64","2016-12-04 00:00:00","1.31","36193.58","63.49","136059.85","20438.49","115621.36","0","organic","West"
"36","250678.16","32114.27","2016-04-17 00:00:00","1.31","89178.52","155.12","129230.25","64711.23","64519.02","0","organic","West"
"0","17382.2","1381.72","2016-12-25 00:00:00","1.31","3099.16","20.05","12881.27","12843.07","38.2","0","organic","WestTexNewMexico"
"37","21561.29","3204.95","2016-04-10 00:00:00","1.31","7746.53","111.55","10498.26","8558.96","1939.3","0","organic","WestTexNewMexico"
"27","30581.47","607.94","2017-06-25 00:00:00","1.31","7832.9","0","22140.63","4645.5","17495.13","0","organic","Atlanta"
"4","6184.48","14.31","2017-12-03 00:00:00","1.31","758.19","0","5411.98","5411.98","0","0","organic","GrandRapids"
"50","4021.54","168.82","2017-01-15 00:00:00","1.31","1536.1","0","2316.62","1279.52","1037.1","0","organic","Indianapolis"
"48","11638.55","1129.81","2017-01-29 00:00:00","1.31","3211.73","9.28","7287.73","7258.26","29.47","0","organic","LasVegas"
"34","137484.97","12550.12","2017-05-07 00:00:00","1.31","38336.01","0","86598.84","86014.32","584.52","0","organic","LosAngeles"
"37","122876.89","10922.54","2017-04-16 00:00:00","1.31","28994.48","1.6","82958.27","76233.25","6725.02","0","organic","LosAngeles"
"49","2097.61","0","2017-01-22 00:00:00","1.31","1006.17","0","1091.44","536.66","554.78","0","organic","Louisville"
"49","4028.29","190.38","2017-01-22 00:00:00","1.31","5.98","0","3831.93","2815.27","1016.66","0","organic","NewOrleansMobile"
"35","126586.54","41198.05","2017-04-30 00:00:00","1.31","8563.75","0","76824.74","59357.39","17467.35","0","organic","SouthCentral"
"45","1634877.11","250591.21","2017-02-19 00:00:00","1.31","632101.53","3295.09","748889.28","433926.87","314962.41","0","organic","TotalUS"
"45","21376.32","2161.38","2017-02-05 00:00:00","1.31","5646.59","11.84","13556.51","13372.37","184.14","0","organic","WestTexNewMexico"
"1","28721.72","932.06","2018-03-18 00:00:00","1.31","10505.06","0","17284.6","8746","8538.6","0","organic","CincinnatiDayton"
"0","11125.08","533.97","2018-03-25 00:00:00","1.31","1113.33","0","9477.78","7760.23","1717.55","0","organic","Columbus"
"9","8566.64","4.26","2018-01-21 00:00:00","1.31","1118.8","0","7443.58","7418.31","25.27","0","organic","GrandRapids"
"2","324172.31","7730.19","2018-03-11 00:00:00","1.31","117026.23","0","199137.6","158988.83","40148.77","0","organic","GreatLakes"
"0","36999.72","8247.81","2018-03-25 00:00:00","1.31","67.33","0","28684.58","28094.58","590","0","organic","Houston"
"10","18678.63","67.8","2018-01-14 00:00:00","1.31","4372.27","114.33","14124.23","13152.29","971.94","0","organic","SouthCarolina"
"2","8115.07","101.14","2018-03-11 00:00:00","1.31","392.38","0","7621.55","7494.08","127.47","0","organic","Tampa"
"7","111038.95","1288.83","2015-11-08 00:00:00","1.3","49507.25","55","60187.87","58885.65","1302.22","0","conventional","BuffaloRochester"
"11","109153.84","2170.49","2015-10-11 00:00:00","1.3","50862","96.18","56025.17","54829.61","1195.56","0","conventional","BuffaloRochester"
"31","158917.21","7888.33","2015-05-24 00:00:00","1.3","74169.01","3111.69","73748.18","69048.81","4663.55","35.82","conventional","GrandRapids"
"12","262638.61","5369.78","2015-10-04 00:00:00","1.3","205512.49","287.31","51469.03","46352.66","5116.37","0","conventional","HartfordSpringfield"
"22","266049.58","3579.93","2015-07-26 00:00:00","1.3","205203.65","2171.08","55094.92","52815.8","2279.12","0","conventional","HartfordSpringfield"
"45","121767.82","5833.67","2015-02-15 00:00:00","1.3","75495.03","4664.15","35774.97","22442.7","12428.29","903.98","conventional","Indianapolis"
"42","356311.66","253963.7","2015-03-08 00:00:00","1.3","32888.65","62.9","69396.41","47346.87","22049.54","0","conventional","MiamiFtLauderdale"
"49","405138.19","285204.29","2015-01-18 00:00:00","1.3","42798.99","42.64","77092.27","41312","35780.27","0","conventional","MiamiFtLauderdale"
"26","4100932.47","105387.01","2015-06-28 00:00:00","1.3","2670469.78","72708.66","1252367.02","1129604.18","121974.02","788.82","conventional","Northeast"
"5","63345.59","1584.89","2015-11-22 00:00:00","1.3","42392.76","1119.61","18248.33","12552.12","5696.21","0","conventional","Pittsburgh"
"28","92713.49","1614.97","2015-06-14 00:00:00","1.3","44490.6","3147.67","43460.25","34041.6","9418.65","0","conventional","Pittsburgh"
"17","377229.13","114804.62","2015-08-30 00:00:00","1.3","197034.03","17331.98","48058.5","48058.5","0","0","conventional","Sacramento"
"19","401708.33","136485.36","2015-08-16 00:00:00","1.3","202459.2","13395.95","49367.82","49356.2","11.62","0","conventional","Sacramento"
"33","742672.03","172662.98","2015-05-10 00:00:00","1.3","462218.87","33343.35","74446.83","73411.19","1035.64","0","conventional","SanFrancisco"
"39","742583.03","145294.94","2015-03-29 00:00:00","1.3","460144.9","26459.6","110683.59","109753.43","930.16","0","conventional","SanFrancisco"
"16","180705.59","85673.91","2015-09-06 00:00:00","1.3","36576.66","71.5","58383.52","58293.14","88.13","2.25","conventional","StLouis"
"29","194667.64","92964.49","2015-06-07 00:00:00","1.3","38450.22","41.86","63211.07","63206.71","0","4.36","conventional","StLouis"
"23","141880.95","1389.23","2016-07-17 00:00:00","1.3","71781.92","102.25","68607.55","66177.55","0","2430","conventional","BuffaloRochester"
"25","180609.07","1424.51","2016-07-03 00:00:00","1.3","85758.67","53.07","93372.82","88472.82","0","4900","conventional","BuffaloRochester"
"46","177910.41","2262.36","2016-02-07 00:00:00","1.3","76308.98","123.88","99215.19","97444.08","1771.11","0","conventional","BuffaloRochester"
"28","770843.17","50498.4","2016-06-12 00:00:00","1.3","478335.91","140924.68","101084.18","98096.94","2213.29","773.95","conventional","Chicago"
"12","123300.36","54053.13","2016-10-02 00:00:00","1.3","25747.7","2077.48","41422.05","36952.51","4469.54","0","conventional","Columbus"
"4","455469.67","86311.53","2016-11-27 00:00:00","1.3","131940.87","14113.35","223103.92","81706.03","141397.89","0","conventional","Denver"
"15","3078051.63","552133.48","2016-09-11 00:00:00","1.3","1351448.1","156892.83","1017577.22","787725.17","228409.21","1442.84","conventional","GreatLakes"
"16","3084199.23","512921.31","2016-09-04 00:00:00","1.3","1430594.08","158776.84","981907","779092.84","197492.55","5321.61","conventional","GreatLakes"
"19","3134414.15","459026.42","2016-08-14 00:00:00","1.3","1316694.09","217555.14","1141138.5","875058.46","239773.16","26306.88","conventional","GreatLakes"
"41","315394.32","4317.14","2016-03-13 00:00:00","1.3","253676.96","179.09","57221.13","56230.93","990.2","0","conventional","HartfordSpringfield"
"18","160968.73","15022.11","2016-08-21 00:00:00","1.3","73966.5","3405.65","68574.47","44089.82","24244.65","240","conventional","Indianapolis"
"20","80997.55","3573.85","2016-08-07 00:00:00","1.3","53453.99","1058.22","22911.49","13895.19","8739.63","276.67","conventional","Louisville"
"21","496508.86","247196.33","2016-07-31 00:00:00","1.3","112882.5","177.42","136252.61","75629.17","46683.16","13940.28","conventional","MiamiFtLauderdale"
"17","2799097.68","745329.31","2016-08-28 00:00:00","1.3","1165119.09","67370.64","821278.64","738431.65","65178.37","17668.62","conventional","Midsouth"
"20","2900751.48","680835.87","2016-08-07 00:00:00","1.3","1274555.63","119737.55","825622.43","718727.95","96534.22","10360.26","conventional","Midsouth"
"48","1429242.83","16058.14","2016-01-24 00:00:00","1.3","993964.41","1854.2","417366.08","345620.2","71745.88","0","conventional","NewYork"
"16","488463.75","47716.6","2016-09-04 00:00:00","1.3","240344.92","4082.84","196319.39","186793.04","9073.82","452.53","conventional","Philadelphia"
"9","90368.85","25223.29","2016-10-23 00:00:00","1.3","26247.81","1185.68","37712.07","32229.69","5482.38","0","conventional","Pittsburgh"
"12","92483.87","27733.81","2016-10-02 00:00:00","1.3","31201.92","1368.98","32179.16","27626.97","4552.19","0","conventional","Pittsburgh"
"10","281240.11","117958.34","2016-10-16 00:00:00","1.3","64027.95","6111.89","93141.93","49717.85","43424.08","0","conventional","SouthCarolina"
"12","301001.94","128824.7","2016-10-02 00:00:00","1.3","66171.5","7203.61","98802.13","63691.6","34973.03","137.5","conventional","SouthCarolina"
"11","125599.65","49980.28","2016-10-09 00:00:00","1.3","19770.43","125.39","55723.55","39013.44","16710.11","0","conventional","StLouis"
"10","27707046.82","8810664.45","2016-10-16 00:00:00","1.3","8855072.75","447291.48","9594018.14","6934368.93","2575095.84","84553.37","conventional","TotalUS"
"18","93803.53","45399.28","2017-08-27 00:00:00","1.3","2514.25","6033.78","39856.22","35502.76","4335.74","17.72","conventional","Boise"
"43","620307.93","9208.87","2017-03-05 00:00:00","1.3","529716.12","5832.2","75550.74","75014.84","535.9","0","conventional","Boston"
"50","577976.65","5430.5","2017-01-15 00:00:00","1.3","457448.44","8522.37","106575.34","106091.75","483.59","0","conventional","Boston"
"6","112445","8870","2017-11-19 00:00:00","1.3","55800","75","47700","36898","10802","0","conventional","BuffaloRochester"
"5","4392810","1734281","2017-11-26 00:00:00","1.3","1354966","121946","1181616","1093008","27254","61354","conventional","California"
"2","169219.79","21459.6","2017-12-17 00:00:00","1.3","53838.76","9956.49","83964.94","57656.39","26216.68","91.87","conventional","CincinnatiDayton"
"41","136371.39","64865.99","2017-03-19 00:00:00","1.3","24224.72","1373.43","45907.25","43921.15","1946.47","39.63","conventional","Columbus"
"13","893387.5","492841.54","2017-10-01 00:00:00","1.3","170718.08","876.26","228951.62","147483.78","81358.86","108.98","conventional","DallasFtWorth"
"1","2860693.26","507534.15","2017-12-24 00:00:00","1.3","1076521.4","274898.24","1001739.47","812838.52","172058.17","16842.78","conventional","GreatLakes"
"5","191490","30488","2017-11-26 00:00:00","1.3","89564","97","71341","55196","16146","0","conventional","HarrisburgScranton"
"6","216608","30820","2017-11-19 00:00:00","1.3","97308","125","88355","59742","28613","0","conventional","HarrisburgScranton"
"51","275064.65","51590.9","2017-01-08 00:00:00","1.3","153751.13","98.83","69623.79","67890.58","1733.21","0","conventional","HarrisburgScranton"
"45","249027.94","30000.58","2017-02-19 00:00:00","1.3","167971.32","598.22","50457.82","45723.05","4491.71","243.06","conventional","HartfordSpringfield"
"1","148389.14","22248.67","2017-12-24 00:00:00","1.3","58457.91","12103.69","55578.87","47670.97","7840.41","67.49","conventional","Indianapolis"
"38","160389.47","11776.2","2017-04-09 00:00:00","1.3","69900.7","1133.76","77578.81","41688.75","35858.77","31.29","conventional","Indianapolis"
"21","283779.47","114985.35","2017-08-06 00:00:00","1.3","53059.42","7126.4","108608.3","49026.33","59193.02","388.95","conventional","LasVegas"
"21","95140.94","2317.1","2017-08-06 00:00:00","1.3","37610.34","218","54995.5","29610.66","24173.08","1211.76","conventional","Louisville"
"22","90428.76","2384.77","2017-07-30 00:00:00","1.3","33397.53","133.88","54512.58","29280.49","24102.09","1130","conventional","Louisville"
"48","609721.18","271896.48","2017-01-29 00:00:00","1.3","128996.33","519.69","208308.68","99039.03","108598.82","670.83","conventional","MiamiFtLauderdale"
"6","2462798","567752","2017-11-19 00:00:00","1.3","938850","16827","939370","751485","186157","1727","conventional","Midsouth"
"39","3350938.53","670531.47","2017-04-02 00:00:00","1.3","1325656.97","32123.7","1322626.39","1192231.15","126225.16","4170.08","conventional","Midsouth"
"27","293079.22","168867.39","2017-06-25 00:00:00","1.3","19760.58","104.95","104346.3","94389.49","8091.81","1865","conventional","NewOrleansMobile"
"41","1679882.22","721848.28","2017-03-19 00:00:00","1.3","489324.58","8220.55","460488.81","437779.63","20075.74","2633.44","conventional","Plains"
"24","270590.36","54756.27","2017-07-16 00:00:00","1.3","94289.74","6881.95","114662.4","109084.83","3044.24","2533.33","conventional","RaleighGreensboro"
"29","302596.77","77343.65","2017-06-11 00:00:00","1.3","110902.92","7279.01","107071.19","101531.91","1864.28","3675","conventional","RaleighGreensboro"
"9","143342.57","36192.73","2017-10-29 00:00:00","1.3","35007.6","265.2","71877.04","69621.41","2255.63","0","conventional","Roanoke"
"22","897443.52","162330.88","2017-07-30 00:00:00","1.3","657673.84","5039.65","72399.15","67138.82","930.33","4330","conventional","SanFrancisco"
"22","359544.03","168379.33","2017-07-30 00:00:00","1.3","84509.29","1851.95","104803.46","75567.92","26297.82","2937.72","conventional","SouthCarolina"
"23","382711.86","183065.16","2017-07-23 00:00:00","1.3","83184.47","1969.67","114492.56","86140.03","22272.11","6080.42","conventional","SouthCarolina"
"28","356093.51","159850.81","2017-06-18 00:00:00","1.3","74051.6","2187.84","120003.26","81818.12","23600.14","14585","conventional","SouthCarolina"
"29","404634.09","189016.02","2017-06-11 00:00:00","1.3","79763.1","2567.22","133287.75","87105.14","34472.61","11710","conventional","SouthCarolina"
"11","4553170.77","2390226.58","2017-10-15 00:00:00","1.3","797892.99","8836.79","1356214.41","976323.02","379688.5","202.89","conventional","SouthCentral"
"6","64230","17283","2017-11-19 00:00:00","1.3","16712","410","29825","17010","12808","7","conventional","Spokane"
"7","169251","89557","2017-11-12 00:00:00","1.3","7643","136","71915","51019","20896","0","conventional","StLouis"
"28","201993.63","76343.74","2017-06-18 00:00:00","1.3","14887.64","140.98","110621.27","87817.63","20679.07","2124.57","conventional","StLouis"
"33","196829.3","67091.48","2017-05-14 00:00:00","1.3","10233.19","147.73","119356.9","89952.04","29354.55","50.31","conventional","StLouis"
"2","49219.75","2485.9","2017-12-17 00:00:00","1.3","30082.89","44.91","16606.05","13821.2","2784.85","0","conventional","Syracuse"
"19","5653429.62","1886625.76","2017-08-20 00:00:00","1.3","1346579.44","101128.66","2319095.76","1219038.28","1090563.92","9493.56","conventional","West"
"11","85697.65","45936.53","2018-01-07 00:00:00","1.3","2658.28","7511.15","29591.69","21784.14","7752.83","54.72","conventional","Boise"
"6","834304.52","23220.89","2018-02-11 00:00:00","1.3","703749.06","6620.69","100713.88","86124.35","13366.2","1223.33","conventional","Boston"
"0","183489.03","97376.71","2018-03-25 00:00:00","1.3","9226.39","569.02","76316.91","41255.77","34987.81","73.33","conventional","Jacksonville"
"4","1615325.14","76602.52","2018-02-25 00:00:00","1.3","841320.18","852.11","696550.33","632625.27","61658.39","2266.67","conventional","NewYork"
"4","4525386.69","413430.69","2018-02-25 00:00:00","1.3","2459409.32","7486.34","1645060.34","1357273.92","275551.97","12234.45","conventional","Northeast"
"4","416950.05","255777.62","2018-02-25 00:00:00","1.3","26833.71","1404.42","132934.3","93328.68","39425.62","180","conventional","Orlando"
"10","117483.82","40292.71","2018-01-14 00:00:00","1.3","22648.55","1560.23","52982.33","42859.85","10122.48","0","conventional","Pittsburgh"
"11","110929.77","40579.4","2018-01-07 00:00:00","1.3","24117.63","1241.27","44991.47","36998.3","7993.17","0","conventional","Pittsburgh"
"11","317209.9","113445.48","2018-01-07 00:00:00","1.3","103827.25","5071.98","94865.19","90848.07","4017.12","0","conventional","RaleighGreensboro"
"2","82487.75","20810.25","2018-03-11 00:00:00","1.3","22874.92","509.82","38292.76","25921.98","12329.14","41.64","conventional","Spokane"
"5","65757.32","5423.11","2018-02-18 00:00:00","1.3","33613.93","74.65","26645.63","16019.89","10625.74","0","conventional","Syracuse"
"6","78222.88","8860.55","2018-02-11 00:00:00","1.3","46499.73","87.27","22775.33","12967.57","9807.76","0","conventional","Syracuse"
"4","484876.62","308452.46","2018-02-25 00:00:00","1.3","39379.53","1251.31","135793.32","96039.07","39654.25","100","conventional","Tampa"
"8","7166.04","14.71","2015-11-01 00:00:00","1.3","574.96","0","6576.37","6093.84","482.53","0","organic","Boston"
"40","112284.57","64969.37","2015-03-22 00:00:00","1.3","40012.49","0","7302.71","7302.71","0","0","organic","California"
"48","121698.02","80952.24","2015-01-25 00:00:00","1.3","28216.13","0","12529.65","12529.65","0","0","organic","California"
"37","88346.47","722.16","2015-04-12 00:00:00","1.3","86707.64","0","916.67","916.67","0","0","organic","Chicago"
"7","10407.9","339.94","2015-11-08 00:00:00","1.3","7705.72","0","2362.24","420","1942.24","0","organic","CincinnatiDayton"
"25","13234.04","10979.75","2015-07-05 00:00:00","1.3","459.19","0","1795.1","1795.1","0","0","organic","DallasFtWorth"
"10","25827.35","2156.55","2015-10-18 00:00:00","1.3","5707.23","26.07","17937.5","434.23","17503.27","0","organic","Denver"
"3","4854.67","137.97","2015-12-06 00:00:00","1.3","185.9","3.2","4527.6","415.87","4111.73","0","organic","HarrisburgScranton"
"34","2258.1","90.87","2015-05-03 00:00:00","1.3","895.67","0","1271.56","420","851.56","0","organic","Indianapolis"
"33","27835.34","13918.56","2015-05-10 00:00:00","1.3","13294.66","0","622.12","622.12","0","0","organic","Sacramento"
"51","5782.7","723.29","2015-01-04 00:00:00","1.3","4221.15","0","838.26","223.33","614.93","0","organic","Spokane"
"19","17063.96","581.36","2016-08-14 00:00:00","1.3","8369.54","0","8113.06","603.49","7509.57","0","organic","CincinnatiDayton"
"38","12140.52","348.81","2016-04-03 00:00:00","1.3","8344.35","0","3447.36","580","2867.36","0","organic","CincinnatiDayton"
"47","11109.1","335.93","2016-01-31 00:00:00","1.3","6835.59","0","3937.58","166.67","3770.91","0","organic","CincinnatiDayton"
"13","12976.63","789.01","2016-09-25 00:00:00","1.3","3352.16","0","8835.46","2538.99","6296.47","0","organic","Columbus"
"28","10239.17","574.02","2016-06-12 00:00:00","1.3","5539.61","40.44","4085.1","682.57","3402.53","0","organic","Columbus"
"33","3820.07","120","2016-05-08 00:00:00","1.3","1964.14","26.94","1708.99","772.63","936.36","0","organic","Indianapolis"
"42","11858.2","2926.28","2016-03-06 00:00:00","1.3","3544.22","0","5387.7","5100.95","286.75","0","organic","LasVegas"
"21","3887.95","2.68","2016-07-31 00:00:00","1.3","1677.47","0","2207.8","676.67","1531.13","0","organic","Louisville"
"28","4524","948.33","2016-06-12 00:00:00","1.3","25.68","0","3549.99","3536.66","13.33","0","organic","MiamiFtLauderdale"
"41","3678.06","935.58","2016-03-13 00:00:00","1.3","9.03","0","2733.45","2726.78","6.67","0","organic","MiamiFtLauderdale"
"17","9481.1","474.37","2016-08-28 00:00:00","1.3","4139.64","0","4867.09","2013.33","2853.76","0","organic","Nashville"
"24","4258.8","554.26","2016-07-10 00:00:00","1.3","0","0","3704.54","3677.87","26.67","0","organic","NewOrleansMobile"
"26","4842.27","700.43","2016-06-26 00:00:00","1.3","0","0","4141.84","4118.51","23.33","0","organic","NewOrleansMobile"
"34","19517.25","10862.94","2016-05-01 00:00:00","1.3","3558.85","0","5095.46","1555.11","3540.35","0","organic","PhoenixTucson"
"47","1241.84","292.1","2016-01-31 00:00:00","1.3","137.37","0","812.37","749.21","63.16","0","organic","Pittsburgh"
"38","35447.47","2240.51","2016-04-03 00:00:00","1.3","16386.67","4.95","16815.34","296.84","16518.5","0","organic","Portland"
"3","7132.62","262.63","2016-12-04 00:00:00","1.3","2320.11","116.19","4433.69","1641.97","2791.72","0","organic","RichmondNorfolk"
"34","5153.05","1408.4","2016-05-01 00:00:00","1.3","528.99","0","3215.66","0","3215.66","0","organic","StLouis"
"25","7873.96","2021.72","2016-07-03 00:00:00","1.3","150.93","0","5701.31","5661.31","40","0","organic","Tampa"
"33","1137940.78","132225.28","2016-05-08 00:00:00","1.3","443777.31","26765.78","535172.41","319417.49","215754.92","0","organic","TotalUS"
"41","18611.51","1716.44","2016-03-13 00:00:00","1.3","8405.31","60.03","8429.73","8365.7","64.03","0","organic","WestTexNewMexico"
"47","17169.39","7770.9","2017-02-05 00:00:00","1.3","205.02","0","9193.47","9148.87","44.6","0","organic","DallasFtWorth"
"1","7774.3","32.77","2017-12-24 00:00:00","1.3","1067.24","0","6674.29","6660.04","14.25","0","organic","GrandRapids"
"5","6128.58","17.36","2017-11-26 00:00:00","1.3","766.58","0","5344.64","5344.64","0","0","organic","GrandRapids"
"27","34868.96","10016.43","2017-06-25 00:00:00","1.3","33.98","0","24818.55","24814.11","4.44","0","organic","Houston"
"38","118305.22","13906.18","2017-04-09 00:00:00","1.3","29159.75","6.4","75232.89","70010.1","5222.79","0","organic","LosAngeles"
"39","122384.82","13732.06","2017-04-02 00:00:00","1.3","30991.3","17.58","77643.88","74785.28","2858.6","0","organic","LosAngeles"
"50","86845.72","13881.57","2017-01-15 00:00:00","1.3","25602.56","3.12","47358.47","46301.47","1057","0","organic","LosAngeles"
"48","2939.28","129.28","2017-01-29 00:00:00","1.3","0","0","2810","1861.27","948.73","0","organic","NewOrleansMobile"
"50","3873.46","101.17","2017-01-15 00:00:00","1.3","11.9","0","3760.39","2775.42","984.97","0","organic","NewOrleansMobile"
"52","2818.22","125.73","2017-01-01 00:00:00","1.3","11.78","0","2680.71","1947.5","733.21","0","organic","NewOrleansMobile"
"33","48275.47","5546.5","2017-05-14 00:00:00","1.3","3638.93","8.47","39081.57","352.47","38729.1","0","organic","Portland"
"46","17839.37","1486.34","2017-01-29 00:00:00","1.3","4498.48","26.12","11828.43","11821.76","6.67","0","organic","WestTexNewMexico"
"10","10424.33","977","2018-01-14 00:00:00","1.3","1620.14","0","7827.19","7350.79","476.4","0","organic","Columbus"
"2","34357.21","6067.15","2018-03-11 00:00:00","1.3","810.89","0","27479.17","25669.77","1809.4","0","organic","DallasFtWorth"
"1","320320.99","6924.59","2018-03-18 00:00:00","1.3","101003.84","4.97","212031.79","138687.27","73344.52","0","organic","GreatLakes"
"4","4162.96","154.36","2018-02-25 00:00:00","1.3","133.07","0","3875.53","1645.95","2229.58","0","organic","Syracuse"
"5","5092.83","310.36","2018-02-18 00:00:00","1.3","84.43","0","4698.04","2136.41","2561.63","0","organic","Syracuse"
"35","747841.09","58013.85","2015-04-26 00:00:00","1.29","431532.87","39942.57","218351.8","212064.73","6184.29","102.78","conventional","BaltimoreWashington"
"38","688065.45","53579.17","2015-04-05 00:00:00","1.29","401279.47","41867.08","191339.73","184109.06","6357.06","873.61","conventional","BaltimoreWashington"
"10","106083.75","1536.35","2015-10-18 00:00:00","1.29","40701.65","58.28","63787.47","62627.47","1160","0","conventional","BuffaloRochester"
"13","247141.63","3978.86","2015-09-27 00:00:00","1.29","196807.93","248.86","46105.98","42271.23","3834.75","0","conventional","HartfordSpringfield"
"29","353474.52","4435.64","2015-06-07 00:00:00","1.29","281285.58","219.26","67534.04","66052.8","1481.24","0","conventional","HartfordSpringfield"
"31","168797.97","19662.17","2015-05-24 00:00:00","1.29","92856.9","14814.07","41464.83","26023.27","12630.31","2811.25","conventional","Indianapolis"
"45","353520.71","243991.59","2015-02-15 00:00:00","1.29","34941.84","77.29","74509.99","38771.73","35738.26","0","conventional","MiamiFtLauderdale"
"44","3042447.03","92283.05","2015-02-22 00:00:00","1.29","2003076.22","7049.52","940038.24","860636.05","79402.19","0","conventional","Northeast"
"45","2983695.9","88056.2","2015-02-15 00:00:00","1.29","1958075.38","7773.07","929791.25","864046.29","65744.96","0","conventional","Northeast"
"50","202034.59","119336.02","2015-01-11 00:00:00","1.29","39236.11","52.44","43410.02","18762.45","24647.57","0","conventional","Orlando"
"38","76146.82","2256.74","2015-04-05 00:00:00","1.29","48395.44","1645.11","23849.53","23652.54","161.52","35.47","conventional","Pittsburgh"
"12","187692.67","48417.65","2015-10-04 00:00:00","1.29","56829.33","45935.19","36510.5","34300.9","2209.6","0","conventional","RaleighGreensboro"
"11","355472.28","85276.49","2015-10-11 00:00:00","1.29","211955.75","13141.51","45098.53","45098.53","0","0","conventional","Sacramento"
"23","404604.85","130412.82","2015-07-19 00:00:00","1.29","210334.54","9285.1","54572.39","54572.39","0","0","conventional","Sacramento"
"30","764114.39","192708.56","2015-05-31 00:00:00","1.29","469208.86","26109.55","76087.42","75077.58","1009.84","0","conventional","SanFrancisco"
"22","436208.03","158304.49","2015-07-26 00:00:00","1.29","172990.41","12492","92421.13","92385.74","35.39","0","conventional","Seattle"
"50","164917.61","79292.59","2015-01-11 00:00:00","1.29","41050.38","62.72","44511.92","44509.7","2.22","0","conventional","StLouis"
"39","52419.71","1020.84","2015-03-29 00:00:00","1.29","28858.3","42.67","22497.9","22377.48","120.42","0","conventional","Syracuse"
"7","393826.35","167083.47","2016-11-06 00:00:00","1.29","65207.61","168.26","161367.01","82410.76","78956.25","0","conventional","Atlanta"
"19","602605.29","20310.78","2016-08-14 00:00:00","1.29","353845.28","8194.83","220254.4","215552.06","3642.34","1060","conventional","Boston"
"28","632855.52","12891.22","2016-06-12 00:00:00","1.29","421978.89","43090.81","154894.6","152477.5","87.1","2330","conventional","Boston"
"45","137984.28","1921.88","2016-02-14 00:00:00","1.29","60453.06","40.49","75568.85","73328.85","2240","0","conventional","BuffaloRochester"
"5","124674.05","9062.48","2016-11-20 00:00:00","1.29","52842.3","1517.4","61251.87","28999.98","32251.89","0","conventional","Indianapolis"
"6","127579.36","8852.56","2016-11-13 00:00:00","1.29","56481.59","1724.7","60520.51","31532.27","28946.57","41.67","conventional","Indianapolis"
"15","157333.39","17414.42","2016-09-11 00:00:00","1.29","70736.72","3134.92","66047.33","44187.61","21859.72","0","conventional","Indianapolis"
"6","1913492.61","696410.88","2016-11-13 00:00:00","1.29","436388.61","71033.43","709659.69","639521.18","44270.7","25867.81","conventional","LosAngeles"
"19","2901786.65","666957.64","2016-08-14 00:00:00","1.29","1211099.91","107539.52","916189.58","825797.1","87262.48","3130","conventional","Midsouth"
"12","214690.77","108880.32","2016-10-02 00:00:00","1.29","32258.23","338.69","73213.53","51156.36","14452.17","7605","conventional","NewOrleansMobile"
"2","310425.3","9683.11","2016-12-11 00:00:00","1.29","246740.16","3080.85","50921.18","50026.48","894.7","0","conventional","NorthernNewEngland"
"25","525917.26","78903.78","2016-07-03 00:00:00","1.29","321186.45","14095.91","111731.12","102068.55","7.57","9655","conventional","NorthernNewEngland"
"39","417870.83","17180.94","2016-03-27 00:00:00","1.29","254821.3","500.98","145367.61","135645.71","9721.9","0","conventional","Philadelphia"
"11","89506.29","24596.38","2016-10-09 00:00:00","1.29","27239.36","953.05","36717.5","32322.38","4395.12","0","conventional","Pittsburgh"
"24","111914.65","1536.94","2016-07-10 00:00:00","1.29","57549.45","1294.98","51533.28","37858.19","10065.09","3610","conventional","Pittsburgh"
"17","281758.14","88767.63","2016-08-28 00:00:00","1.29","100303.08","13156.44","79530.99","77895.51","434.09","1201.39","conventional","RaleighGreensboro"
"18","279090.94","67590.68","2016-08-21 00:00:00","1.29","102580.71","21071.46","87848.09","87548.68","299.41","0","conventional","RaleighGreensboro"
"5","177112.27","61550.58","2016-11-20 00:00:00","1.29","49335.17","3168.92","63057.6","63057.6","0","0","conventional","RichmondNorfolk"
"3","315955.99","110569.37","2016-12-04 00:00:00","1.29","156812.81","1306.3","47267.51","45560.08","382.43","1325","conventional","Sacramento"
"2","655428.34","134467.78","2016-12-11 00:00:00","1.29","447891.73","2861.59","70207.24","58673.9","10578.62","954.72","conventional","SanFrancisco"
"42","817240.38","217965.57","2016-03-06 00:00:00","1.29","441193.39","62391.95","95689.47","94788.57","797.45","103.45","conventional","SanFrancisco"
"43","824092.61","238542.45","2016-02-28 00:00:00","1.29","445285.06","39537.9","100727.2","99966","745.56","15.64","conventional","SanFrancisco"
"5","99930.79","40938.28","2016-11-20 00:00:00","1.29","8785.62","86.33","50120.56","35284.71","14835.85","0","conventional","StLouis"
"10","124201.08","53894.09","2016-10-16 00:00:00","1.29","12563.71","46.82","57696.46","42853.49","14842.97","0","conventional","StLouis"
"24","84386.24","3503.31","2016-07-10 00:00:00","1.29","49140.9","13.99","31728.04","28754.71","3.33","2970","conventional","Syracuse"
"28","79669.3","3484.81","2016-06-12 00:00:00","1.29","43664.14","90.98","32429.37","31259.37","0","1170","conventional","Syracuse"
"39","72427.45","872.18","2016-03-27 00:00:00","1.29","43180.7","15.45","28359.12","28359.12","0","0","conventional","Syracuse"
"3","92325.53","3220.05","2017-12-10 00:00:00","1.29","75147.56","104.36","13853.56","7268.21","6585.35","0","conventional","Albany"
"2","65090.38","31969.34","2017-12-17 00:00:00","1.29","1752.04","6655.62","24713.38","18837.14","5849.25","26.99","conventional","Boise"
"32","86532.91","35312.23","2017-05-21 00:00:00","1.29","3430.4","10330.63","37459.65","37442.6","8.8","8.25","conventional","Boise"
"52","458830.49","4119.9","2017-01-01 00:00:00","1.29","371223.34","3933.72","79553.53","79339.78","213.75","0","conventional","Boston"
"50","168230.55","2011.96","2017-01-15 00:00:00","1.29","68322.14","53.84","97842.61","96319.5","1523.11","0","conventional","BuffaloRochester"
"42","140126.45","62328.69","2017-03-12 00:00:00","1.29","32440.45","1275.08","44082.23","40701.91","3271.61","108.71","conventional","Columbus"
"12","919708.71","488695.54","2017-10-08 00:00:00","1.29","194837.09","1217.6","234958.48","149960.64","84717.46","280.38","conventional","DallasFtWorth"
"14","946384.19","523101.14","2017-09-24 00:00:00","1.29","168546.34","891.04","253845.67","175955.59","77807.16","82.92","conventional","DallasFtWorth"
"22","339850.04","114942.57","2017-07-30 00:00:00","1.29","39063.15","27664.07","158180.25","133047.25","12487.18","12645.82","conventional","Detroit"
"31","361905.98","83266.74","2017-05-28 00:00:00","1.29","48464.11","42531.88","187643.25","126219.14","47266.33","14157.78","conventional","Detroit"
"28","245293.35","2180.87","2017-06-18 00:00:00","1.29","96015.63","81813.26","65283.59","38840.79","2445.56","23997.24","conventional","GrandRapids"
"48","168252.2","1391.78","2017-01-29 00:00:00","1.29","100681.06","5482.22","60697.14","53182.31","6877.73","637.1","conventional","GrandRapids"
"50","166158.43","935.22","2017-01-15 00:00:00","1.29","107348.7","2863.54","55010.97","49537.11","5423","50.86","conventional","GrandRapids"
"44","260743.16","52855.29","2017-02-26 00:00:00","1.29","139066.59","100.84","68720.44","66310.52","2332.14","77.78","conventional","HarrisburgScranton"
"12","1042700.75","491561.89","2017-10-08 00:00:00","1.29","146966.38","1449.29","402723.19","320849.72","81873.47","0","conventional","Houston"
"13","991939.31","472251.74","2017-10-01 00:00:00","1.29","141695.25","2169.62","375822.7","291964.68","83858.02","0","conventional","Houston"
"18","179853.82","8671.85","2017-08-27 00:00:00","1.29","83185.36","1093","86903.61","32946.35","52220.21","1737.05","conventional","Indianapolis"
"9","243340.4","56224.61","2017-10-29 00:00:00","1.29","94603.45","3515","88997.34","41859.63","46967.71","170","conventional","LasVegas"
"22","288905.9","113471.56","2017-07-30 00:00:00","1.29","46394.92","7351.15","121688.27","58516.35","62901.92","270","conventional","LasVegas"
"41","74388.06","1883.85","2017-03-19 00:00:00","1.29","44133.45","213.08","28157.68","17374.52","10768.15","15.01","conventional","Louisville"
"25","3173372.45","643600.31","2017-07-09 00:00:00","1.29","1287442.95","27337.2","1214991.99","969121.67","191301.87","54568.45","conventional","Midsouth"
"28","287734.91","177973.04","2017-06-18 00:00:00","1.29","25893.61","157","83711.26","76256.4","4569.86","2885","conventional","NewOrleansMobile"
"51","1532074.69","18585.1","2017-01-08 00:00:00","1.29","1207607.23","6403.22","299479.14","258470.17","40822.02","186.95","conventional","NewYork"
"3","364577.18","9450.19","2017-12-10 00:00:00","1.29","265318.32","1317.74","88490.93","33221.26","55269.67","0","conventional","NorthernNewEngland"
"1","87945.29","29723.13","2017-12-24 00:00:00","1.29","18387.77","1008.56","38825.83","32590.13","6235.7","0","conventional","Pittsburgh"
"15","104613.01","43083.52","2017-09-17 00:00:00","1.29","24457.99","1747.08","35324.42","27434.82","7722.93","166.67","conventional","Pittsburgh"
"19","104117.39","42108.08","2017-08-20 00:00:00","1.29","25108.57","1582.31","35318.43","26702.83","7058.93","1556.67","conventional","Pittsburgh"
"21","105595.21","41518.8","2017-08-06 00:00:00","1.29","28322.16","1457.18","34297.07","26823.78","6373.29","1100","conventional","Pittsburgh"
"22","104351.36","41263.14","2017-07-30 00:00:00","1.29","27919.48","1465.5","33703.24","26704.33","6275.57","723.34","conventional","Pittsburgh"
"23","105012.68","42723.4","2017-07-23 00:00:00","1.29","25661.41","1369.42","35258.45","26991.6","7230.18","1036.67","conventional","Pittsburgh"
"28","119743.9","47857.66","2017-06-18 00:00:00","1.29","32486.05","1543.23","37856.96","27652.92","8201.54","2002.5","conventional","Pittsburgh"
"39","1818148.12","851477.91","2017-04-02 00:00:00","1.29","524130.79","13117.72","429421.7","409630.98","6543.51","13247.21","conventional","Plains"
"42","1602700.69","758548.15","2017-03-12 00:00:00","1.29","426749.6","6594.42","410808.52","399428.36","4019.84","7360.32","conventional","Plains"
"3","424741.73","110651.9","2017-12-10 00:00:00","1.29","93996.37","15325.59","204767.87","147247.2","57068.55","452.12","conventional","Portland"
"9","520629.7","152604.62","2017-10-29 00:00:00","1.29","128666.04","15431.79","223927.25","175517.41","47898.67","511.17","conventional","Portland"
"21","288674.63","84938.56","2017-08-06 00:00:00","1.29","97693.5","5724.63","100317.94","95244.27","3590.34","1483.33","conventional","RaleighGreensboro"
"41","250471.76","66618.17","2017-03-19 00:00:00","1.29","101944.33","2551","79358.26","77669.45","1688.81","0","conventional","RichmondNorfolk"
"21","124119.9","28072.43","2017-08-06 00:00:00","1.29","42704.66","168.32","53174.49","48158.96","3335.53","1680","conventional","Roanoke"
"22","123476.6","25323.09","2017-07-30 00:00:00","1.29","41333.21","182.21","56638.09","49647.52","5730.57","1260","conventional","Roanoke"
"37","465624.88","148202.16","2017-04-16 00:00:00","1.29","137653.99","22572.45","157196.28","156168.83","122.45","905","conventional","SanDiego"
"20","821395.74","164086.95","2017-08-13 00:00:00","1.29","569847.08","9914.9","77546.81","72666.82","1062.21","3817.78","conventional","SanFrancisco"
"44","142253.42","53308.66","2017-02-26 00:00:00","1.29","12854.89","123.35","75966.52","61695.35","14271.17","0","conventional","StLouis"
"5","44800","2027","2017-11-26 00:00:00","1.29","25986","37","16750","13893","2858","0","conventional","Syracuse"
"45","297524.28","160252.79","2017-02-19 00:00:00","1.29","57390.21","44","79837.28","45296","34541.28","0","conventional","Tampa"
"9","30237911.23","10596902.91","2017-10-29 00:00:00","1.29","9803569.58","424755.66","9412683.08","6602082.25","2747519.87","63080.96","conventional","TotalUS"
"9","161887.27","8269.77","2018-01-21 00:00:00","1.29","75965.53","61.69","77590.28","26340.41","51249.87","0","conventional","BuffaloRochester"
"5","302077.06","78221.45","2018-02-18 00:00:00","1.29","101748.26","5439.47","116667.88","108698.13","7969.75","0","conventional","RaleighGreensboro"
"10","360772.32","88430.39","2018-01-14 00:00:00","1.29","138123.95","6178.1","128039.88","119713.01","8326.87","0","conventional","RaleighGreensboro"
"2","904333.98","270255.15","2018-03-11 00:00:00","1.29","434279.15","2517.79","197281.89","193813.92","196.57","3271.4","conventional","SanFrancisco"
"4","188826.97","91834.24","2018-02-25 00:00:00","1.29","12327.4","470.34","84194.99","70052.46","14017.07","125.46","conventional","StLouis"
"23","7641.69","1571.09","2015-07-19 00:00:00","1.29","2221.88","0","3848.72","1001.85","2846.87","0","organic","Atlanta"
"46","13288.3","1716.38","2015-02-08 00:00:00","1.29","8656.15","0","2915.77","1316.67","1599.1","0","organic","Atlanta"
"51","19137.28","8040.64","2015-01-04 00:00:00","1.29","6557.47","657.48","3881.69","3881.69","0","0","organic","BaltimoreWashington"
"3","8286.37","37.55","2015-12-06 00:00:00","1.29","466.83","0","7781.99","7781.99","0","0","organic","Boston"
"23","11881.44","10492.38","2015-07-19 00:00:00","1.29","499.9","0","889.16","889.16","0","0","organic","DallasFtWorth"
"40","13176.92","9505.21","2015-03-22 00:00:00","1.29","765.04","0","2906.67","2906.67","0","0","organic","DallasFtWorth"
"43","17267.84","9540.52","2015-03-01 00:00:00","1.29","850.65","0","6876.67","6876.67","0","0","organic","DallasFtWorth"
"47","27527.63","4823.79","2015-02-01 00:00:00","1.29","10709.5","104.48","11889.86","1323.33","10566.53","0","organic","Denver"
"20","14996.12","13102.08","2015-08-09 00:00:00","1.29","114.04","0","1780","1773.33","6.67","0","organic","Houston"
"45","10569.83","8813.11","2015-02-15 00:00:00","1.29","586.72","0","1170","1170","0","0","organic","Houston"
"46","46991.12","36957.13","2015-02-08 00:00:00","1.29","2213.06","0","7820.93","7820.93","0","0","organic","LosAngeles"
"49","43649.12","33738.87","2015-01-18 00:00:00","1.29","1368.91","0","8541.34","8541.34","0","0","organic","LosAngeles"
"40","62866.23","15676.37","2015-03-22 00:00:00","1.29","40685.17","17.09","6487.6","12.08","6475.52","0","organic","Portland"
"46","15054.25","13016.65","2015-02-08 00:00:00","1.29","926.02","0","1111.58","1111.58","0","0","organic","SanDiego"
"49","14473.73","12300.47","2015-01-18 00:00:00","1.29","580.15","0","1593.11","1593.11","0","0","organic","SanDiego"
"5","223979.09","28451.14","2015-11-22 00:00:00","1.29","77160.23","123.89","118243.83","2251.17","115992.66","0","organic","West"
"32","10861.36","1970.2","2016-05-15 00:00:00","1.29","3792.08","0","5099.08","1442.03","3657.05","0","organic","Atlanta"
"15","3537.86","0","2016-09-11 00:00:00","1.29","620.16","0","2917.7","1238.62","1679.08","0","organic","Boise"
"34","5872.4","358.98","2016-05-01 00:00:00","1.29","3028.11","9.06","2476.25","940.31","1535.94","0","organic","Columbus"
"6","24113.8","8091.95","2016-11-13 00:00:00","1.29","1338.55","12.7","14670.6","1493.33","13177.27","0","organic","Denver"
"4","10119.58","366.81","2016-11-27 00:00:00","1.29","4158.12","0","5594.65","2883.32","2711.33","0","organic","Detroit"
"17","151771.49","7010.98","2016-08-28 00:00:00","1.29","66489.42","9.54","78261.55","11614.2","66647.35","0","organic","GreatLakes"
"25","15452.08","9887.91","2016-07-03 00:00:00","1.29","49.34","0","5514.83","5392.05","122.78","0","organic","Houston"
"40","11260.96","5689.85","2016-03-20 00:00:00","1.29","77.65","7.39","5486.07","4171.43","1314.64","0","organic","Houston"
"43","10997.51","2077.08","2016-02-28 00:00:00","1.29","3518.48","0","5401.95","5374.07","27.88","0","organic","LasVegas"
"1","75362.42","8328.2","2016-12-18 00:00:00","1.29","30745.08","101.67","36187.47","31983.42","4204.05","0","organic","LosAngeles"
"16","106844.47","13910.17","2016-09-04 00:00:00","1.29","28437.88","0","64496.42","62061.45","2434.97","0","organic","LosAngeles"
"27","5180.22","977.06","2016-06-19 00:00:00","1.29","48.63","0","4154.53","4144.53","10","0","organic","MiamiFtLauderdale"
"29","4859.13","952.74","2016-06-05 00:00:00","1.29","6.39","0","3900","3880","20","0","organic","MiamiFtLauderdale"
"35","61993.61","4954.72","2016-04-24 00:00:00","1.29","21249.79","3329.15","32459.95","16741.92","15718.03","0","organic","Plains"
"42","29351.99","1471.92","2016-03-06 00:00:00","1.29","11528.98","1.64","16349.45","0","16349.45","0","organic","Portland"
"16","10685.82","130.62","2016-09-04 00:00:00","1.29","4206.95","327.14","6021.11","2581.02","3440.09","0","organic","RichmondNorfolk"
"45","5510.43","177.82","2016-02-14 00:00:00","1.29","2574.21","212.43","2545.97","1288.89","1257.08","0","organic","RichmondNorfolk"
"43","4884.11","102.18","2016-02-28 00:00:00","1.29","3439.18","0","1342.75","759.17","583.58","0","organic","Roanoke"
"46","5897.89","80.15","2016-02-07 00:00:00","1.29","3366.4","0","2451.34","657.14","1794.2","0","organic","Roanoke"
"36","16158.77","1367.99","2016-04-17 00:00:00","1.29","8462.25","6.32","6322.21","6287.11","35.1","0","organic","SanDiego"
"50","37193.3","649.31","2016-01-10 00:00:00","1.29","16547.56","6.67","19989.76","48.94","19940.82","0","organic","Seattle"
"2","59141.95","3862.37","2016-12-11 00:00:00","1.29","8401.47","274.59","46603.52","17767.54","28835.98","0","organic","Southeast"
"7","7312.47","2297.63","2016-11-06 00:00:00","1.29","404.07","0","4610.77","895","3715.77","0","organic","StLouis"
"41","1023655.87","132040.04","2016-03-13 00:00:00","1.29","346341.46","6709.65","538564.72","282353.48","256211.24","0","organic","TotalUS"
"29","24167.8","6253.6","2016-06-05 00:00:00","1.29","7313.37","1359.7","9241.13","5613.33","3627.8","0","organic","WestTexNewMexico"
"38","20698.7","2278.61","2016-04-03 00:00:00","1.29","6800.76","58.05","11561.28","10538.62","1022.66","0","organic","WestTexNewMexico"
"25","21313.42","172.45","2017-07-09 00:00:00","1.29","4678.2","0","16462.77","250.82","16211.95","0","organic","CincinnatiDayton"
"3","6253.08","0","2017-12-10 00:00:00","1.29","729.87","0","5523.21","5523.21","0","0","organic","GrandRapids"
"21","5285.73","6.89","2017-08-06 00:00:00","1.29","825.81","0","4453.03","4408.61","44.42","0","organic","GrandRapids"
"0","202521.83","4187.69","2017-12-31 00:00:00","1.29","34761.26","0","163456.23","140923.52","22532.71","0","organic","GreatLakes"
"32","4745.15","0","2017-05-21 00:00:00","1.29","1200.84","0","3544.31","577.77","2966.54","0","organic","Louisville"
"46","5966.83","295.27","2017-02-12 00:00:00","1.29","8.03","0","5663.53","4157.77","1505.76","0","organic","MiamiFtLauderdale"
"46","69669.46","7177.42","2017-02-12 00:00:00","1.29","11876.06","253.98","50362","28837.29","21524.71","0","organic","Southeast"
"40","1581127.36","160491.66","2017-03-26 00:00:00","1.29","355541.13","3888.05","1061206.52","586139.54","475066.98","0","organic","TotalUS"
"48","205843.17","38850.43","2017-01-29 00:00:00","1.29","44464.74","109.61","122418.39","37767.77","84650.62","0","organic","West"
"8","20073.36","738.01","2018-01-28 00:00:00","1.29","3026.96","0","16298.93","12972.63","3326.3","0","organic","Detroit"
"5","7658.93","5.81","2018-02-18 00:00:00","1.29","858.31","0","6794.81","6794.81","0","0","organic","GrandRapids"
"8","50288.63","0","2018-01-28 00:00:00","1.29","383.92","0","49904.71","49904.71","0","0","organic","NorthernNewEngland"
"4","51039.6","941.48","2015-11-29 00:00:00","1.28","43838.39","75.78","6183.95","5986.26","197.69","0","conventional","Albany"
"11","64489.17","1582.03","2015-10-11 00:00:00","1.28","52677.92","105.32","10123.9","9866.27","257.63","0","conventional","Albany"
"15","76111.27","985.73","2015-09-13 00:00:00","1.28","65696.86","142","9286.68","8665.19","621.49","0","conventional","Albany"
"12","657444.04","35342.34","2015-10-04 00:00:00","1.28","407609.95","42257.73","172234.02","167494.61","4739.41","0","conventional","BaltimoreWashington"
"36","762862.62","67486.78","2015-04-19 00:00:00","1.28","427623.27","42125.28","225627.29","219885.88","5741.41","0","conventional","BaltimoreWashington"
"22","500233.69","4299.27","2015-07-26 00:00:00","1.28","393281.62","1957.86","100694.94","100466.86","228.08","0","conventional","Boston"
"35","465911.37","3915.3","2015-04-26 00:00:00","1.28","352464.49","131.46","109400.12","106866.42","2533.7","0","conventional","Boston"
"18","128681.94","4847.16","2015-08-23 00:00:00","1.28","72826.86","5459.79","45548.13","40204.96","4716.36","626.81","conventional","GrandRapids"
"29","155730.59","16121.1","2015-06-07 00:00:00","1.28","80781.48","10648.98","48179.03","30541.64","15866.46","1770.93","conventional","Indianapolis"
"33","435547.13","315524.39","2015-05-10 00:00:00","1.28","37151.03","58.42","82813.29","60376.64","22436.65","0","conventional","MiamiFtLauderdale"
"50","342796.99","242922.42","2015-01-11 00:00:00","1.28","36043.54","38.69","63792.34","35069.71","28722.63","0","conventional","MiamiFtLauderdale"
"11","1099283.22","14859.09","2015-10-11 00:00:00","1.28","792683.64","721.46","291019.03","214209.27","76809.76","0","conventional","NewYork"
"22","1211731.19","19228.22","2015-07-26 00:00:00","1.28","910716.77","1321.69","280464.51","233874.8","46589.71","0","conventional","NewYork"
"27","1667026.11","18711.02","2015-06-21 00:00:00","1.28","1312242.38","5159.36","330913.35","287710.54","43147.53","55.28","conventional","NewYork"
"22","3757524.71","102482.55","2015-07-26 00:00:00","1.28","2757145.78","14864.77","883031.61","815705.91","67279.91","45.79","conventional","Northeast"
"50","3056024.77","97343.55","2015-01-11 00:00:00","1.28","2070661.43","6915.47","881104.32","796190.93","84913.39","0","conventional","Northeast"
"13","202457.31","114107.06","2015-09-27 00:00:00","1.28","41995.26","142.31","46212.68","29149.95","17062.73","0","conventional","Orlando"
"48","211991.09","133616.3","2015-01-25 00:00:00","1.28","29418.39","91.59","48864.81","22591.61","26273.2","0","conventional","Orlando"
"12","388205.8","14121.46","2015-10-04 00:00:00","1.28","268719.03","754.42","104610.89","91635.61","12975.28","0","conventional","Philadelphia"
"10","326458.27","94529.6","2015-10-18 00:00:00","1.28","175181.76","12783.14","43963.77","43963.77","0","0","conventional","Sacramento"
"13","350982.2","84527.09","2015-09-27 00:00:00","1.28","213297.91","13481.19","39676.01","39676.01","0","0","conventional","Sacramento"
"20","414823.74","146135.78","2015-08-09 00:00:00","1.28","206011.16","13618.36","49058.44","49041","17.44","0","conventional","Sacramento"
"28","203247.31","87726.18","2015-06-14 00:00:00","1.28","41782.62","102.06","73636.45","73588.28","0","48.17","conventional","StLouis"
"49","170590.85","78724.96","2015-01-18 00:00:00","1.28","50701.59","145.35","41018.95","41014.51","4.44","0","conventional","StLouis"
"42","46199.2","796.52","2015-03-08 00:00:00","1.28","23821.37","25.35","21555.96","21318.18","237.78","0","conventional","Syracuse"
"44","99817.47","869.16","2016-02-21 00:00:00","1.28","84484.99","24.98","14438.34","12280.58","2157.76","0","conventional","Albany"
"50","79121.77","848.19","2016-01-10 00:00:00","1.28","66696.97","109.08","11467.53","11293.65","173.88","0","conventional","Albany"
"6","67212.14","32035.36","2016-11-13 00:00:00","1.28","3042.08","6078.72","26055.98","25875.27","140.41","40.3","conventional","Boise"
"0","447600.75","4349.63","2016-12-25 00:00:00","1.28","346516.32","4183.69","92551.11","91481.59","1069.52","0","conventional","Boston"
"26","200520.74","36686.02","2016-06-26 00:00:00","1.28","68054.14","39268.75","56511.83","52290.98","3210.85","1010","conventional","Charlotte"
"5","543816.6","94899.68","2016-11-20 00:00:00","1.28","146401.28","15291.46","287224.18","164217.29","123006.89","0","conventional","Denver"
"14","2996317.15","536657.14","2016-09-18 00:00:00","1.28","1278413.08","150023.52","1031223.41","741802.17","280261.57","9159.67","conventional","GreatLakes"
"18","258309.18","41521.93","2016-08-21 00:00:00","1.28","119685.36","101.31","97000.58","85855.55","7905.03","3240","conventional","HarrisburgScranton"
"44","288176.27","4492.49","2016-02-21 00:00:00","1.28","214537.05","279.57","68867.16","66444.92","2422.24","0","conventional","HartfordSpringfield"
"8","70137.79","1769.84","2016-10-30 00:00:00","1.28","35446.19","162.17","32759.59","7816.19","24943.4","0","conventional","Louisville"
"10","537970.39","191040.91","2016-10-16 00:00:00","1.28","158620","235.86","188073.62","42989","144763.79","320.83","conventional","MiamiFtLauderdale"
"22","520496.36","250298.08","2016-07-24 00:00:00","1.28","132336.77","164.45","137697.06","78153.46","46751.66","12791.94","conventional","MiamiFtLauderdale"
"28","503076.75","271970.59","2016-06-12 00:00:00","1.28","107339.21","77.92","123689.03","59675.53","49302.67","14710.83","conventional","MiamiFtLauderdale"
"14","2785256.41","850690.32","2016-09-18 00:00:00","1.28","1019588.17","70265.42","844712.5","707259.08","137295.64","157.78","conventional","Midsouth"
"15","4456957.62","703699.41","2016-09-11 00:00:00","1.28","2632018.36","25571.12","1095668.73","1028147.48","67007.79","513.46","conventional","Northeast"
"26","4840949.87","190136.57","2016-06-26 00:00:00","1.28","3188127.73","118844.6","1343840.97","1233605.4","78613.54","31622.03","conventional","Northeast"
"26","497816.81","63778.16","2016-06-26 00:00:00","1.28","323719.54","20456.9","89862.21","85807.21","0","4055","conventional","NorthernNewEngland"
"38","370753.84","17215.14","2016-04-03 00:00:00","1.28","231664.58","409.68","121464.44","112323.24","9141.2","0","conventional","Philadelphia"
"23","279442.6","47084.06","2016-07-17 00:00:00","1.28","109983.48","29372.59","93002.47","82748.32","685.82","9568.33","conventional","RaleighGreensboro"
"8","174400.73","80899.6","2016-10-30 00:00:00","1.28","43431.58","5927.06","44142.49","44106.08","33.08","3.33","conventional","RichmondNorfolk"
"10","203089.29","75896.57","2016-10-16 00:00:00","1.28","67555.19","4957.43","54680.1","53622.78","1057.32","0","conventional","RichmondNorfolk"
"18","825338.15","311234.33","2016-08-21 00:00:00","1.28","415962.15","24855.18","73286.49","70853.19","856.91","1576.39","conventional","SanFrancisco"
"37","62892.35","987.33","2016-04-10 00:00:00","1.28","32612.34","2","29290.68","29290.68","0","0","conventional","Syracuse"
"45","65765.73","1088.74","2016-02-14 00:00:00","1.28","37685.2","41","26950.79","25835.23","1115.56","0","conventional","Syracuse"
"46","90935.19","1462.82","2016-02-07 00:00:00","1.28","60707.3","23.26","28741.81","28032.92","708.89","0","conventional","Syracuse"
"9","493921.1","256988.66","2017-10-29 00:00:00","1.28","36334.71","1083.81","199513.92","131656.43","66215.82","1641.67","conventional","Atlanta"
"2","516770.62","10139.25","2017-12-17 00:00:00","1.28","413484.37","3836.18","89310.82","74552.8","14758.02","0","conventional","Boston"
"1","127375.45","7430.89","2017-12-24 00:00:00","1.28","72517.2","27","47400.36","43236.49","4163.87","0","conventional","BuffaloRochester"
"25","6499668.48","2634902.26","2017-07-09 00:00:00","1.28","1818682.87","207945.39","1838137.96","1767976.83","5214.88","64946.25","conventional","California"
"26","6607292.61","2527123.67","2017-07-02 00:00:00","1.28","1942683.02","224121.48","1913364.44","1844798.2","4337.49","64228.75","conventional","California"
"51","219338.92","56739.54","2017-01-08 00:00:00","1.28","80201.7","10231.86","72165.82","63539.28","8626.54","0","conventional","Charlotte"
"11","884631.4","480909.5","2017-10-15 00:00:00","1.28","174844.63","1813.42","227063.85","147724.58","79245.31","93.96","conventional","DallasFtWorth"
"9","316276.92","91775.45","2017-10-29 00:00:00","1.28","40457.01","8828.78","175215.68","163758.86","10728.61","728.21","conventional","Detroit"
"29","315240.72","71644.61","2017-06-11 00:00:00","1.28","61426.82","17894.09","164275.2","159993.56","2790.35","1491.29","conventional","Detroit"
"45","224541.2","56042.2","2017-02-19 00:00:00","1.28","104680.99","184.45","63633.56","61717.96","1915.6","0","conventional","HarrisburgScranton"
"23","296887.44","114294.17","2017-07-23 00:00:00","1.28","62879.45","6655.76","113058.06","46713.26","66328.13","16.67","conventional","LasVegas"
"8","2880937.37","797195.7","2017-11-05 00:00:00","1.28","1081492.86","20209.95","982038.86","821114.39","159168.35","1756.12","conventional","Midsouth"
"18","184465.49","82465.35","2017-08-27 00:00:00","1.28","40038.54","106.04","61855.56","48844.82","10803.43","2207.31","conventional","Nashville"
"45","1052132.16","107882.24","2017-02-19 00:00:00","1.28","609206.21","6704.26","328339.45","286438.21","41374.04","527.2","conventional","NewYork"
"51","301768.99","118255.25","2017-01-08 00:00:00","1.28","62039.01","116.51","121358.22","65681.77","55671.45","5","conventional","Orlando"
"47","645655.16","77182.34","2017-02-05 00:00:00","1.28","383060.06","58041.56","127371.2","111889.17","13700.39","1781.64","conventional","Philadelphia"
"12","713847.15","334851.45","2017-10-08 00:00:00","1.28","146162.7","2097.5","230735.5","183526.64","47192.19","16.67","conventional","PhoenixTucson"
"18","106686.99","43026.01","2017-08-27 00:00:00","1.28","26492.95","1743.95","35424.08","27608.32","7352.42","463.34","conventional","Pittsburgh"
"46","100215.44","31075.53","2017-02-12 00:00:00","1.28","28242.44","1114.29","39783.18","34235.6","5547.58","0","conventional","Pittsburgh"
"5","1280491","628374","2017-11-26 00:00:00","1.28","311442","4253","336422","225355","110958","108","conventional","Plains"
"38","1868022.01","888870.09","2017-04-09 00:00:00","1.28","497864.55","9239.84","472047.53","450706","5367.56","15973.97","conventional","Plains"
"28","245564.59","63304.98","2017-06-18 00:00:00","1.28","98223.11","1955.72","82080.78","75119.47","1746.59","5214.72","conventional","RichmondNorfolk"
"37","251124.14","68940.19","2017-04-16 00:00:00","1.28","85592.85","2315.02","94276.08","93488.63","787.45","0","conventional","RichmondNorfolk"
"40","430467.52","133247.68","2017-03-26 00:00:00","1.28","128683.21","20148.75","148387.88","147197.26","285.62","905","conventional","SanDiego"
"4","798853","310481","2017-12-03 00:00:00","1.28","387168","1966","99238","97333","108","1797","conventional","SanFrancisco"
"8","308280.39","134738.68","2017-11-05 00:00:00","1.28","56451.03","2686.05","114404.63","89967.7","23352.49","1084.44","conventional","SouthCarolina"
"24","385644.8","176984.94","2017-07-16 00:00:00","1.28","84547.08","2236.83","121875.95","91437.77","25312.59","5125.59","conventional","SouthCarolina"
"26","413263.16","179977.91","2017-07-02 00:00:00","1.28","86915.73","2600.47","143769.05","94511.45","38696.11","10561.49","conventional","SouthCarolina"
"7","3422495","1947873","2017-11-12 00:00:00","1.28","312578","12862","1149182","818630","314965","15586","conventional","Southeast"
"27","3666944.13","2101935.63","2017-06-25 00:00:00","1.28","442822.73","3465.07","1118720.7","612556.65","434645.54","71518.51","conventional","Southeast"
"30","211538.7","80655.86","2017-06-04 00:00:00","1.28","13450.19","895.48","116537.17","90030.72","21035.3","5471.15","conventional","StLouis"
"31","37030893.73","12841952.21","2017-05-28 00:00:00","1.28","10932970.72","673384.78","12582586.02","9312239.39","3013459.42","256887.21","conventional","TotalUS"
"24","5529487.17","1989077.36","2017-07-16 00:00:00","1.28","1484596.99","125816.11","1929996.71","944879.43","980887.97","4229.31","conventional","West"
"4","104278.89","10368.77","2018-02-25 00:00:00","1.28","59723.32","48","34138.8","30126.31","3702.49","310","conventional","Albany"
"0","85839.98","40361.51","2018-03-25 00:00:00","1.28","2026.94","9200.23","34251.3","24809.18","9434.29","7.83","conventional","Boise"
"11","685417.51","12012.96","2018-01-07 00:00:00","1.28","557314.83","4961.24","111128.48","58834.32","52294.16","0","conventional","Boston"
"5","144087.48","10951.83","2018-02-18 00:00:00","1.28","66055.96","74.08","67005.61","32089.56","34562.71","353.34","conventional","BuffaloRochester"
"11","161876.76","8645.3","2018-01-07 00:00:00","1.28","92302.56","56.67","60872.23","12248.04","48624.19","0","conventional","BuffaloRochester"
"10","2409159.6","1104367.71","2018-01-14 00:00:00","1.28","403918.08","101443.02","799430.79","739977.4","16783.17","42670.22","conventional","LosAngeles"
"10","3537243.04","793349.35","2018-01-14 00:00:00","1.28","1435754.49","27610.81","1280528.39","1025338.52","251804.63","3385.24","conventional","Midsouth"
"7","2959541.38","96084.63","2018-02-04 00:00:00","1.28","2250967.25","3253.28","609236.22","569361.35","38734.78","1140.09","conventional","NewYork"
"0","132097.87","44126.21","2018-03-25 00:00:00","1.28","13225.39","1385.77","73360.5","39142.16","34191.67","26.67","conventional","Pittsburgh"
"3","330201.25","88012.88","2018-03-04 00:00:00","1.28","101227.44","5793.79","135167.14","128111.5","7055.64","0","conventional","RaleighGreensboro"
"4","343583.53","91255.51","2018-02-25 00:00:00","1.28","120240.34","5425.62","126662.06","119370.42","7291.64","0","conventional","RaleighGreensboro"
"5","79223.81","21659.59","2018-02-18 00:00:00","1.28","22242.85","495.67","34825.7","24328.12","10453.84","43.74","conventional","Spokane"
"4","6869.81","11.37","2015-11-29 00:00:00","1.28","388.1","0","6470.34","6470.34","0","0","organic","Boston"
"12","8186.26","14.4","2015-10-04 00:00:00","1.28","647.58","0","7524.28","7524.28","0","0","organic","Boston"
"49","12634.71","7556.77","2015-01-18 00:00:00","1.28","871.27","0","4206.67","4206.67","0","0","organic","DallasFtWorth"
"11","24738.5","2269.21","2015-10-11 00:00:00","1.28","4720.12","26.14","17723.03","397.58","17325.45","0","organic","Denver"
"50","30682.77","8855.89","2015-01-11 00:00:00","1.28","15070.85","24.8","6731.23","1699.95","5031.28","0","organic","Denver"
"22","12186.97","562.63","2015-07-26 00:00:00","1.28","7155.42","0","4468.92","476.67","3992.25","0","organic","Detroit"
"29","12366.2","750.88","2015-06-07 00:00:00","1.28","8290.39","0","3324.93","1359.77","1965.16","0","organic","Detroit"
"33","10725.46","9355.66","2015-05-10 00:00:00","1.28","449.8","0","920","920","0","0","organic","Houston"
"33","107735.95","9453.83","2015-05-10 00:00:00","1.28","49525.46","5246.3","43510.36","20888.16","22622.2","0","organic","Midsouth"
"24","7754.71","373.08","2015-07-12 00:00:00","1.28","4517.25","0","2864.38","988.88","1875.5","0","organic","Nashville"
"51","32927.82","17580.96","2015-01-04 00:00:00","1.28","11685.08","3.15","3658.63","613.33","3045.3","0","organic","Portland"
"24","6873.18","119.94","2015-07-12 00:00:00","1.28","3413.01","413.27","2926.96","486.67","2440.29","0","organic","RichmondNorfolk"
"47","64156.46","33408.72","2015-02-01 00:00:00","1.28","10410.41","0","20337.33","19943.33","394","0","organic","SouthCentral"
"51","1200.13","14.03","2016-01-03 00:00:00","1.28","394.08","0","792.02","250","542.02","0","organic","Boise"
"18","11414.48","32.84","2016-08-21 00:00:00","1.28","677.47","0","10704.17","10694.49","9.68","0","organic","Boston"
"43","214658.47","16583.5","2016-02-28 00:00:00","1.28","95085.1","4.55","102985.32","102374.94","610.38","0","organic","California"
"47","4289.51","392.6","2016-01-31 00:00:00","1.28","2600.03","0","1296.88","154.14","1142.74","0","organic","Columbus"
"33","16109.87","292.56","2016-05-08 00:00:00","1.28","8066.75","0","7750.56","1453.52","6297.04","0","organic","Detroit"
"29","3011.11","55.96","2016-06-05 00:00:00","1.28","2281.21","0","673.94","526.67","147.27","0","organic","GrandRapids"
"35","150140.95","4611.56","2016-04-24 00:00:00","1.28","87073.08","44.08","58412.23","19471.08","38941.15","0","organic","GreatLakes"
"43","12784.14","6347.37","2016-02-28 00:00:00","1.28","149.39","0","6287.38","6231.42","55.96","0","organic","Houston"
"44","13399.83","7088.11","2016-02-21 00:00:00","1.28","52.61","0","6259.11","5175.32","1083.79","0","organic","Houston"
"45","9595.71","1481.93","2016-02-14 00:00:00","1.28","3314.57","0","4799.21","3443.29","1355.92","0","organic","LasVegas"
"3","2391.74","4","2016-12-04 00:00:00","1.28","997.83","0","1389.91","396.67","993.24","0","organic","Louisville"
"31","2178.13","0","2016-05-22 00:00:00","1.28","1117.21","0","1060.92","190","870.92","0","organic","Louisville"
"20","5685.2","1.28","2016-08-07 00:00:00","1.28","245.36","0","5438.56","5438.56","0","0","organic","NorthernNewEngland"
"50","6018.32","89.38","2016-01-10 00:00:00","1.28","2637.76","0","3291.18","801.81","2489.37","0","organic","Roanoke"
"44","78298.97","29083.62","2016-02-21 00:00:00","1.28","6554.46","208.92","42451.97","32726.25","9725.72","0","organic","SouthCentral"
"41","4036.93","51.54","2016-03-13 00:00:00","1.28","1563.44","0","2421.95","237.26","2184.69","0","organic","Spokane"
"41","4671.11","1128.81","2016-03-13 00:00:00","1.28","26.89","0","3515.41","3515.41","0","0","organic","Tampa"
"34","1317867","238992.91","2016-05-01 00:00:00","1.28","484383.87","22276.6","572213.62","368709.06","203504.56","0","organic","TotalUS"
"42","1012415.85","127184.88","2016-03-06 00:00:00","1.28","351951.65","5698.2","527581.12","309561.6","218019.52","0","organic","TotalUS"
"0","17217.91","331.16","2017-12-31 00:00:00","1.28","3474.3","0","13412.45","11486.03","1926.42","0","organic","Atlanta"
"47","9685.15","1418.26","2017-02-05 00:00:00","1.28","4208.97","0","4057.92","35.71","4022.21","0","organic","Atlanta"
"23","14116.97","5.9","2017-07-23 00:00:00","1.28","427.39","0","13683.68","4223.34","9460.34","0","organic","BuffaloRochester"
"26","27470.57","201.06","2017-07-02 00:00:00","1.28","4916.62","0","22352.89","718.47","21634.42","0","organic","CincinnatiDayton"
"27","6043.34","327.31","2017-06-25 00:00:00","1.28","1745.64","0","3970.39","418.74","3551.65","0","organic","Columbus"
"35","27768.13","11119.74","2017-04-30 00:00:00","1.28","1806.22","0","14842.17","14724.98","117.19","0","organic","DallasFtWorth"
"0","6792.67","9.88","2017-12-31 00:00:00","1.28","770.79","0","6012","5991.42","20.58","0","organic","GrandRapids"
"2","6777.66","25.76","2017-12-17 00:00:00","1.28","782.74","0","5969.16","5965.83","3.33","0","organic","GrandRapids"
"30","128923.07","12603.26","2017-06-04 00:00:00","1.28","37820.46","0","78499.35","78481.95","17.4","0","organic","LosAngeles"
"23","2327.42","102.75","2017-07-23 00:00:00","1.28","55.78","0","2168.89","2162.22","6.67","0","organic","NewOrleansMobile"
"52","5686.95","558.15","2017-01-01 00:00:00","1.28","26.59","0","5102.21","2530","2572.21","0","organic","Orlando"
"45","17934.06","4394","2017-02-19 00:00:00","1.28","4602.73","0","8937.33","8929.66","7.67","0","organic","PhoenixTucson"
"23","11391.33","388.46","2017-07-23 00:00:00","1.28","22.35","0","10980.52","10980.52","0","0","organic","Pittsburgh"
"29","54820.68","6406.86","2017-06-11 00:00:00","1.28","4677.44","10.02","43726.36","214.55","43511.81","0","organic","Portland"
"41","30396.42","3656.07","2017-03-19 00:00:00","1.28","5739.84","4.95","20995.56","197.33","20798.23","0","organic","Portland"
"49","3750.22","99.78","2017-01-22 00:00:00","1.28","928.56","0","2721.88","63.35","2658.53","0","organic","Spokane"
"5","3420.98","54.32","2017-11-26 00:00:00","1.28","44.03","0","3322.63","3072.61","250.02","0","organic","Syracuse"
"50","15307.87","867.66","2017-01-01 00:00:00","1.28","3434.02","37.3","10968.89","10815.88","153.01","0","organic","WestTexNewMexico"
"0","9506.07","319.39","2018-03-25 00:00:00","1.28","1427.13","0","7685.05","3437.74","4247.31","0","organic","Indianapolis"
"1","154056.32","27820.2","2018-03-18 00:00:00","1.28","6264.66","0","119971.46","101198.09","18773.37","0","organic","SouthCentral"
"27","104849.39","804.01","2015-06-21 00:00:00","1.27","76688.55","5481.18","21875.65","21662","213.65","0","conventional","Albany"
"32","790853.86","63515.06","2015-05-17 00:00:00","1.27","455166.65","44840.98","227331.17","222163.1","5152.19","15.88","conventional","BaltimoreWashington"
"25","582909.73","4743.46","2015-07-05 00:00:00","1.27","418251.03","11053.82","148861.42","145982.99","2878.43","0","conventional","Boston"
"38","449818.01","3657.54","2015-04-05 00:00:00","1.27","330424.74","99.92","115635.81","113541.34","1948.64","145.83","conventional","Boston"
"9","140920.61","23093.86","2015-10-25 00:00:00","1.27","38356.83","44882.51","34587.41","30219.23","4368.18","0","conventional","Charlotte"
"21","761027.42","21607.12","2015-08-02 00:00:00","1.27","559825.17","97419.33","82175.8","79197.97","2476.3","501.53","conventional","Chicago"
"38","751812.42","38641.17","2015-04-05 00:00:00","1.27","530946.92","90801.53","91422.8","87170.22","3422.83","829.75","conventional","Chicago"
"0","243556.57","4427.27","2015-12-27 00:00:00","1.27","194438.24","169.66","44521.4","43577.26","944.14","0","conventional","HartfordSpringfield"
"5","212091.14","3720.08","2015-11-22 00:00:00","1.27","176358.45","319.25","31693.36","30800.02","893.34","0","conventional","HartfordSpringfield"
"16","281256.19","3976.35","2015-09-06 00:00:00","1.27","221997.7","497.89","54784.25","52839.06","1945.19","0","conventional","HartfordSpringfield"
"26","304624.07","4253.95","2015-06-28 00:00:00","1.27","226699.55","9682.22","63988.35","60622.57","3365.78","0","conventional","HartfordSpringfield"
"13","92325.73","52301.92","2015-09-27 00:00:00","1.27","14641.98","1047.02","24334.81","14588.26","9746.55","0","conventional","Jacksonville"
"41","110128.66","76237.55","2015-03-15 00:00:00","1.27","8987.99","999.8","23903.32","17130.38","6772.94","0","conventional","Jacksonville"
"49","99496.16","57479.2","2015-01-18 00:00:00","1.27","16442.71","513.69","25060.56","14684.19","10376.37","0","conventional","Jacksonville"
"30","419158.75","296763.96","2015-05-31 00:00:00","1.27","35493.31","57.9","86843.58","61102.87","25740.71","0","conventional","MiamiFtLauderdale"
"48","398055.71","289948.64","2015-01-25 00:00:00","1.27","41120.06","65.81","66921.2","35279.75","31641.45","0","conventional","MiamiFtLauderdale"
"24","1338282.24","22742.33","2015-07-12 00:00:00","1.27","956051.1","5130.14","354358.67","306199.58","47542.37","616.72","conventional","NewYork"
"23","4169213.2","107602.07","2015-07-19 00:00:00","1.27","3057929","36476.44","967205.69","900291.21","66844.37","70.11","conventional","Northeast"
"27","4508474","106859.5","2015-06-21 00:00:00","1.27","3203944.93","77296.43","1120373.14","1052770.72","66494.05","1108.37","conventional","Northeast"
"29","4721927.3","109587.85","2015-06-07 00:00:00","1.27","3416600.27","7058.9","1188680.28","1099881.5","87700.94","1097.84","conventional","Northeast"
"42","3250832.53","113602.19","2015-03-08 00:00:00","1.27","2111936.1","7864.97","1017429.27","909308.32","108119.32","1.63","conventional","Northeast"
"48","3238501.89","96761.81","2015-01-25 00:00:00","1.27","2129188.49","7923.65","1004627.94","903840.54","100787.4","0","conventional","Northeast"
"41","226247.68","154931.57","2015-03-15 00:00:00","1.27","21353.84","115.89","49846.38","34513.35","15333.03","0","conventional","Orlando"
"42","219071.79","149785.3","2015-03-08 00:00:00","1.27","19868.22","86.78","49331.49","33996.64","15334.85","0","conventional","Orlando"
"7","374933.8","13866.99","2015-11-08 00:00:00","1.27","268320.02","479.7","92267.09","76143.42","16123.67","0","conventional","Philadelphia"
"27","422723.91","137206.11","2015-06-21 00:00:00","1.27","215068.66","14700.4","55748.74","55744.3","4.44","0","conventional","Sacramento"
"35","366719.82","101324.62","2015-04-26 00:00:00","1.27","205561.23","13085.26","46748.71","46748.71","0","0","conventional","Sacramento"
"29","494855.95","194535.45","2015-06-07 00:00:00","1.27","207213.71","14325.27","78781.52","78760.94","8.9","11.68","conventional","Seattle"
"49","228920.62","132142.6","2015-01-18 00:00:00","1.27","33674.07","37.38","63066.57","25006.34","38060.23","0","conventional","Tampa"
"33","120194.49","1041.95","2016-05-08 00:00:00","1.27","96137.78","84.8","22929.96","22697.54","232.42","0","conventional","Albany"
"42","90633.66","972.34","2016-03-06 00:00:00","1.27","74693.31","56.26","14911.75","14476.23","435.52","0","conventional","Albany"
"5","62526.51","28834.32","2016-11-20 00:00:00","1.27","2463.45","7123.14","24105.6","24091.47","2.86","11.27","conventional","Boise"
"15","672672.86","85204.27","2016-09-11 00:00:00","1.27","470860.24","9617.73","106990.62","106090.54","900.08","0","conventional","Boston"
"3","624751.15","90157.63","2016-12-04 00:00:00","1.27","372929.38","94496.12","67168.02","64475.13","621.47","2071.42","conventional","Chicago"
"11","253886.8","85266.6","2016-10-09 00:00:00","1.27","50763.68","6966.14","110890.38","104611.95","6147.48","130.95","conventional","Detroit"
"17","3025330.44","456513.05","2016-08-28 00:00:00","1.27","1330166.96","166364.88","1072285.55","841776.91","207892.75","22615.89","conventional","GreatLakes"
"42","311503.06","4867.45","2016-03-06 00:00:00","1.27","241128.23","295.4","65211.98","64019.55","1189.08","3.35","conventional","HartfordSpringfield"
"48","317932.59","2330.83","2016-01-24 00:00:00","1.27","234916.68","304.1","80380.98","75964.48","4411.43","5.07","conventional","HartfordSpringfield"
"10","138921.48","10968.01","2016-10-16 00:00:00","1.27","60049.75","1952.54","65951.18","35703.64","30247.54","0","conventional","Indianapolis"
"17","167401.86","13732.36","2016-08-28 00:00:00","1.27","78138.81","2802.01","72728.68","49838.22","21877.06","1013.4","conventional","Indianapolis"
"19","169421.1","15863.47","2016-08-14 00:00:00","1.27","79507.42","4255.36","69794.85","39950.23","28559.62","1285","conventional","Indianapolis"
"21","159573.77","16079.16","2016-07-31 00:00:00","1.27","80211.44","6277.21","57005.96","34005.49","22328.62","671.85","conventional","Indianapolis"
"7","70881.52","1606.9","2016-11-06 00:00:00","1.27","34663.27","236.33","34375.02","9517.5","24857.52","0","conventional","Louisville"
"18","2840526.38","684458.46","2016-08-21 00:00:00","1.27","1180365.78","96330.92","879371.22","774039.71","94491.42","10840.09","conventional","Midsouth"
"43","419881.8","14691.73","2016-02-28 00:00:00","1.27","293977.44","820.82","110391.81","100246.61","10145.2","0","conventional","Philadelphia"
"3","80731.39","22112.25","2016-12-04 00:00:00","1.27","22668.13","1314.12","34636.89","30145.94","4345.12","145.83","conventional","Pittsburgh"
"4","67448.86","17971.93","2016-11-27 00:00:00","1.27","18776.67","1117.3","29582.96","25667.72","3915.24","0","conventional","Pittsburgh"
"5","85227.73","21811.65","2016-11-20 00:00:00","1.27","24291.5","1050.73","38073.85","33341.58","4732.27","0","conventional","Pittsburgh"
"10","87503.46","23294.4","2016-10-16 00:00:00","1.27","24183.85","994.89","39030.32","34191.83","4838.49","0","conventional","Pittsburgh"
"14","91298.63","28022.65","2016-09-18 00:00:00","1.27","40377.82","1331.35","21566.81","20132.05","1434.76","0","conventional","Pittsburgh"
"51","90521.74","1511.68","2016-01-03 00:00:00","1.27","61042.3","1389.95","26577.81","16737.31","9620.5","220","conventional","Pittsburgh"
"14","278129.66","92754.42","2016-09-18 00:00:00","1.27","82984.73","15056.66","87333.85","82483.06","4723.01","127.78","conventional","RaleighGreensboro"
"16","287328.36","90299.49","2016-09-04 00:00:00","1.27","90747.57","19654.54","86626.76","84861.81","1764.95","0","conventional","RaleighGreensboro"
"19","295307.02","69869.89","2016-08-14 00:00:00","1.27","113633.79","23428.58","88374.76","86927.7","1447.06","0","conventional","RaleighGreensboro"
"13","210791.27","88120.08","2016-09-25 00:00:00","1.27","66843.58","4599","51228.61","51224.17","4.44","0","conventional","RichmondNorfolk"
"18","456755.06","181120.39","2016-08-21 00:00:00","1.27","217955.81","10652.53","47026.33","46759.13","8.87","258.33","conventional","Sacramento"
"10","443367.98","133020.51","2016-10-16 00:00:00","1.27","139616.39","14087.91","156643.17","137002.06","16987.77","2653.34","conventional","SanDiego"
"47","805039.06","236160.56","2016-01-31 00:00:00","1.27","431120.43","57834.69","79923.38","79401.44","382.4","139.54","conventional","SanFrancisco"
"31","72636.09","951.3","2016-05-22 00:00:00","1.27","40672.39","600.23","30412.17","29287.17","0","1125","conventional","Syracuse"
"43","64336.75","861.71","2016-02-28 00:00:00","1.27","39219.33","8","24247.71","23555.99","691.72","0","conventional","Syracuse"
"5","24989702.75","8531160.52","2016-11-20 00:00:00","1.27","8033510.82","407567.78","8017463.63","6207080.46","1765673.77","44709.4","conventional","TotalUS"
"11","28857581.98","9552502.48","2016-10-09 00:00:00","1.27","9579338.98","490956.88","9234783.64","6849126.9","2316377.99","69278.75","conventional","TotalUS"
"0","115508.29","5924.57","2017-12-31 00:00:00","1.27","62632.07","25","46926.65","37397.52","9529.13","0","conventional","BuffaloRochester"
"45","728402.35","61491.2","2017-02-19 00:00:00","1.27","461727.3","133540.34","71643.51","64795.3","1514.44","5333.77","conventional","Chicago"
"29","3714237.95","596035.19","2017-06-11 00:00:00","1.27","1338515.62","248948.07","1530739.07","867501.26","619111.8","44126.01","conventional","GreatLakes"
"4","231977","39382","2017-12-03 00:00:00","1.27","127730","91","64773","57036","7738","0","conventional","HarrisburgScranton"
"40","181489.14","12342.94","2017-03-26 00:00:00","1.27","68119.93","1326.07","99700.2","42285.27","57404.1","10.83","conventional","Indianapolis"
"33","82244.67","2266.19","2017-05-14 00:00:00","1.27","37229.4","247.88","42501.2","16236.09","26265.11","0","conventional","Louisville"
"27","3147519.14","673327.18","2017-06-25 00:00:00","1.27","1319522.05","27318.06","1127351.85","903265.11","187611.42","36475.32","conventional","Midsouth"
"5","176817","96043","2017-11-26 00:00:00","1.27","12239","1145","67390","57613","8817","960","conventional","NewOrleansMobile"
"6","207295","118191","2017-11-19 00:00:00","1.27","14363","1729","73013","63649","8597","767","conventional","NewOrleansMobile"
"26","302052.69","177146.52","2017-07-02 00:00:00","1.27","24028.95","64","100813.22","93220.64","4992.58","2600","conventional","NewOrleansMobile"
"37","268722.38","156177.03","2017-04-16 00:00:00","1.27","33661.51","241","78642.84","59163.58","9889.26","9590","conventional","NewOrleansMobile"
"50","356960.5","148500.59","2017-01-15 00:00:00","1.27","72248.12","175.19","136036.6","69128.81","66907.79","0","conventional","Orlando"
"3","93436.57","34239.68","2017-12-10 00:00:00","1.27","19312.09","1573.33","38311.47","31900.28","6411.19","0","conventional","Pittsburgh"
"20","106928.65","44556.63","2017-08-13 00:00:00","1.27","26086.43","1284.85","35000.74","26432.21","7035.2","1533.33","conventional","Pittsburgh"
"1","248315.51","77545.43","2017-12-24 00:00:00","1.27","71380.7","3882.23","95507.15","92648.3","2858.85","0","conventional","RaleighGreensboro"
"45","286847.49","74958.58","2017-02-19 00:00:00","1.27","112011.72","8812.48","91064.71","90004.05","1060.66","0","conventional","RaleighGreensboro"
"50","277248.48","73384.69","2017-01-15 00:00:00","1.27","111891.62","8946.58","83025.59","80590.42","2435.17","0","conventional","RaleighGreensboro"
"31","532494.25","183306.26","2017-05-28 00:00:00","1.27","147790.18","22850.74","178547.07","172875.87","21.92","5649.28","conventional","SanDiego"
"32","481522.42","164861.65","2017-05-21 00:00:00","1.27","134099.68","20302.32","162258.77","158571.01","65.33","3622.43","conventional","SanDiego"
"7","875104","289970","2017-11-12 00:00:00","1.27","496390","2439","86306","84463","73","1770","conventional","SanFrancisco"
"15","4685091.86","2583311.02","2017-09-17 00:00:00","1.27","836032.28","7144.13","1258604.43","897888.6","358252.41","2463.42","conventional","SouthCentral"
"38","145196.59","77305.55","2017-04-09 00:00:00","1.27","12263.89","83.21","55543.94","55522.64","21.3","0","conventional","StLouis"
"4","381605","249846","2017-12-03 00:00:00","1.27","34029","805","96925","67280","29645","0","conventional","Tampa"
"51","351707.78","131948.41","2017-01-08 00:00:00","1.27","75346.27","100.07","144313.03","80554.92","63758.11","0","conventional","Tampa"
"6","151057.53","12749.59","2018-02-11 00:00:00","1.27","74595.11","84.21","63628.62","41236.05","21391.46","1001.11","conventional","BuffaloRochester"
"8","158637.92","8099.96","2018-01-28 00:00:00","1.27","76070.49","96.23","74371.24","12060.74","62156.06","154.44","conventional","BuffaloRochester"
"10","5927016.73","2098762.55","2018-01-14 00:00:00","1.27","2356359.93","151045.33","1320848.92","1226559.09","25390.97","68898.86","conventional","California"
"2","279661.71","72847.8","2018-03-11 00:00:00","1.27","98059.2","6212.37","102542.34","96038.19","6503.04","1.11","conventional","Charlotte"
"4","208279.53","2534.14","2018-02-25 00:00:00","1.27","86121.81","63728.61","55894.97","27041.98","11484.9","17368.09","conventional","GrandRapids"
"3","3654450.88","753405.33","2018-03-04 00:00:00","1.27","984160.83","246085.46","1670799.26","1303661.73","309332.66","57804.87","conventional","GreatLakes"
"4","194729.14","103082.9","2018-02-25 00:00:00","1.27","11763.72","428.58","79453.94","43722.7","35617.91","113.33","conventional","Jacksonville"
"6","2051389.99","169218.18","2018-02-11 00:00:00","1.27","1319012.42","1222.29","561937.1","539237.71","21409.81","1289.58","conventional","NewYork"
"9","2135242.76","46444.43","2018-01-21 00:00:00","1.27","1642533.16","1165.1","445100.07","423570.05","21523.99","6.03","conventional","NewYork"
"2","5214137.33","412621.66","2018-03-11 00:00:00","1.27","3066433.39","6214.63","1728867.65","1436116.22","279239.21","13512.22","conventional","Northeast"
"8","4199974.24","2420770.45","2018-01-28 00:00:00","1.27","355406.02","16642.51","1407155.26","901796.49","485922.1","19436.67","conventional","Southeast"
"5","7668.48","71.07","2015-11-22 00:00:00","1.27","394.69","0","7202.72","7202.72","0","0","organic","Boston"
"9","8471.24","11.38","2015-10-25 00:00:00","1.27","407.12","0","8052.74","6608.59","1444.15","0","organic","Boston"
"32","16389.19","283.38","2015-05-17 00:00:00","1.27","10504.29","0","5601.52","1797.12","3804.4","0","organic","CincinnatiDayton"
"39","13809.65","344.26","2015-03-29 00:00:00","1.27","12693.87","0","771.52","690","81.52","0","organic","CincinnatiDayton"
"11","4403.09","463.25","2015-10-11 00:00:00","1.27","2759.23","0","1180.61","349.52","831.09","0","organic","Columbus"
"24","11076.72","9757.92","2015-07-12 00:00:00","1.27","444.54","0","874.26","874.26","0","0","organic","DallasFtWorth"
"9","30032.31","1813.92","2015-10-25 00:00:00","1.27","6320.58","36.17","21861.64","447.68","21413.96","0","organic","Denver"
"43","36086.54","15769.31","2015-03-01 00:00:00","1.27","11650.03","14.93","8652.27","1970","6682.27","0","organic","Denver"
"1","9253.24","4463.03","2015-12-20 00:00:00","1.27","88.26","0","4701.95","3278.23","1423.72","0","organic","Houston"
"41","12371.76","9740.17","2015-03-15 00:00:00","1.27","688.26","0","1943.33","1943.33","0","0","organic","Houston"
"35","40141.38","8483.62","2015-04-26 00:00:00","1.27","21190.25","1.64","10465.87","0","10465.87","0","organic","Portland"
"50","7598.26","4243.14","2015-01-11 00:00:00","1.27","3033.84","0","321.28","321.28","0","0","organic","Sacramento"
"2","12242.29","1084.4","2015-12-13 00:00:00","1.27","5007.42","3.24","6147.23","674.51","5472.72","0","organic","SanDiego"
"49","41482.48","26336.41","2015-01-18 00:00:00","1.27","14789.4","0","356.67","356.67","0","0","organic","SanFrancisco"
"24","59760.16","42967.8","2015-07-12 00:00:00","1.27","5971.21","0","10821.15","7288.89","3532.26","0","organic","SouthCentral"
"49","65242.77","32913.28","2015-01-18 00:00:00","1.27","6344.03","0","25985.46","25780","205.46","0","organic","SouthCentral"
"35","389892.07","183001.34","2015-04-26 00:00:00","1.27","163634.35","524.42","42731.96","9833.16","32898.8","0","organic","West"
"31","11405.47","2303.59","2016-05-22 00:00:00","1.27","3734.43","0","5367.45","1262.52","4104.93","0","organic","Atlanta"
"10","20504.41","11563.74","2016-10-16 00:00:00","1.27","89.18","0","8851.49","2710","6141.49","0","organic","DallasFtWorth"
"45","15673.4","6386.7","2016-02-14 00:00:00","1.27","573.59","0","8713.11","7072.31","1640.8","0","organic","DallasFtWorth"
"46","14931.85","7123.02","2016-02-07 00:00:00","1.27","778.11","0","7030.72","6954.58","76.14","0","organic","DallasFtWorth"
"38","10988.01","597.82","2016-04-03 00:00:00","1.27","6688.79","0","3701.4","760","2941.4","0","organic","Detroit"
"35","4243.55","131.5","2016-04-24 00:00:00","1.27","1812.03","0","2300.02","1236.12","1063.9","0","organic","Indianapolis"
"0","3439.46","259.84","2016-12-25 00:00:00","1.27","79.86","11.92","3087.84","1003.33","2084.51","0","organic","Jacksonville"
"1","2966.96","257.99","2016-12-18 00:00:00","1.27","57.07","2.38","2649.52","596.67","2052.85","0","organic","Jacksonville"
"30","5931.42","851.52","2016-05-29 00:00:00","1.27","16.57","0","5063.33","5043.33","20","0","organic","MiamiFtLauderdale"
"37","4008.89","622.48","2016-04-10 00:00:00","1.27","20.85","0","3365.56","3365.56","0","0","organic","NewOrleansMobile"
"41","4261.47","617.29","2016-03-13 00:00:00","1.27","24.21","0","3619.97","3619.97","0","0","organic","NewOrleansMobile"
"0","5601.65","475.04","2016-12-25 00:00:00","1.27","37.97","0","5088.64","2863.33","2225.31","0","organic","Orlando"
"4","6626.94","297.36","2016-11-27 00:00:00","1.27","1879.28","170.95","4279.35","1538.56","2740.79","0","organic","RichmondNorfolk"
"38","49342.12","614.81","2016-04-03 00:00:00","1.27","24201.33","50.91","24475.07","968.39","23506.68","0","organic","Seattle"
"34","3665.51","29.45","2016-05-01 00:00:00","1.27","1749.21","0","1886.85","0","1886.85","0","organic","Spokane"
"40","1045450.41","105069.07","2016-03-20 00:00:00","1.27","352698.21","9425.64","578257.49","252881.52","325375.97","0","organic","TotalUS"
"31","321890.92","69931.66","2016-05-22 00:00:00","1.27","137437.19","546.57","113975.5","52117.86","61857.64","0","organic","West"
"38","226558.02","35134.68","2016-04-03 00:00:00","1.27","77837.8","115.48","113470.06","44860.97","68609.09","0","organic","West"
"48","184872.75","28542.09","2016-01-24 00:00:00","1.27","50418.71","133","105778.95","43105.63","62673.32","0","organic","West"
"49","190161.43","28881.17","2016-01-17 00:00:00","1.27","58843.29","69.26","102367.71","20133.83","82233.88","0","organic","West"
"37","16411.1","1593.09","2017-04-16 00:00:00","1.27","7034.18","0","7783.83","278.87","7504.96","0","organic","Atlanta"
"40","16209.23","1653.21","2017-03-26 00:00:00","1.27","5804.09","0","8751.93","146.67","8605.26","0","organic","Atlanta"
"29","4375.53","24.54","2017-06-11 00:00:00","1.27","636.65","0","3714.34","558.63","3155.71","0","organic","Boise"
"30","4579.54","72.25","2017-06-04 00:00:00","1.27","651.54","0","3855.75","635.33","3220.42","0","organic","Boise"
"32","3897.02","15.84","2017-05-21 00:00:00","1.27","659.85","0","3221.33","557.73","2663.6","0","organic","Boise"
"33","4103.97","7.94","2017-05-14 00:00:00","1.27","681.17","0","3414.86","527.77","2887.09","0","organic","Boise"
"20","10212.38","4.73","2017-08-13 00:00:00","1.27","416.02","0","9791.63","5319.01","4472.62","0","organic","BuffaloRochester"
"6","6745.48","14.35","2017-11-19 00:00:00","1.27","611.5","0","6119.63","6119.63","0","0","organic","GrandRapids"
"23","6483.93","4.15","2017-07-23 00:00:00","1.27","667.54","0","5812.24","5767.7","44.54","0","organic","GrandRapids"
"46","4273.25","93.8","2017-02-12 00:00:00","1.27","3515.56","0","663.89","663.89","0","0","organic","GrandRapids"
"28","9207.8","135.37","2017-06-18 00:00:00","1.27","1892.44","0","7179.99","421.08","6758.91","0","organic","Indianapolis"
"41","17048.64","2548.8","2017-03-19 00:00:00","1.27","4383.36","0","10116.48","7885.12","2231.36","0","organic","LasVegas"
"49","77418.61","10912.94","2017-01-22 00:00:00","1.27","21788.2","3.12","44714.35","41824.67","2889.68","0","organic","LosAngeles"
"27","11077.27","94.3","2017-06-25 00:00:00","1.27","2957.15","0","8025.82","2124.45","5901.37","0","organic","Nashville"
"49","8066.77","436.2","2017-01-22 00:00:00","1.27","2878.14","180.28","4572.15","2901.02","1671.13","0","organic","RichmondNorfolk"
"28","149975.22","38471.13","2017-06-18 00:00:00","1.27","9716.75","0","101787.34","94445.95","7341.39","0","organic","SouthCentral"
"4","11398.35","761.52","2018-02-25 00:00:00","1.27","168.93","0","10467.9","2567.55","7900.35","0","organic","BuffaloRochester"
"2","34517.3","1080.28","2018-03-11 00:00:00","1.27","12488.67","0","20948.35","15617.99","5330.36","0","organic","CincinnatiDayton"
"1","10422.05","20.41","2018-03-18 00:00:00","1.27","2115.89","0","8285.75","4797.98","3487.77","0","organic","Nashville"
"3","156527.16","1999.5","2018-03-04 00:00:00","1.27","37762.97","24.38","116740.31","2489.87","114116.48","133.96","organic","Seattle"
"9","3159.8","92.12","2018-01-21 00:00:00","1.27","73.17","0","2994.51","2117.69","876.82","0","organic","Syracuse"
"5","55979.78","1184.27","2015-11-22 00:00:00","1.26","48067.99","43.61","6683.91","6556.47","127.44","0","conventional","Albany"
"23","96617","1042.1","2015-07-19 00:00:00","1.26","82049.4","2238.02","11287.48","11103.49","183.99","0","conventional","Albany"
"33","120427.91","1420.43","2015-05-10 00:00:00","1.26","102000.52","185.66","16821.3","16535.55","285.75","0","conventional","Albany"
"29","794310.29","62585.45","2015-06-07 00:00:00","1.26","462951.05","43720.95","225052.84","221165.85","3626.41","260.58","conventional","BaltimoreWashington"
"33","855205.82","79192.07","2015-05-10 00:00:00","1.26","507104.15","44390.54","224519.06","215572.03","8947.03","0","conventional","BaltimoreWashington"
"42","657745.9","55284.8","2015-03-08 00:00:00","1.26","367670.93","42267.91","192522.26","188374.49","4147.77","0","conventional","BaltimoreWashington"
"30","565160.95","4128.35","2015-05-31 00:00:00","1.26","418105.36","108.6","142818.64","142515.32","303.32","0","conventional","Boston"
"32","534488.54","4285.68","2015-05-17 00:00:00","1.26","380514.08","162.66","149526.12","147667.72","1858.4","0","conventional","Boston"
"37","408485.16","3575.89","2015-04-12 00:00:00","1.26","294164.23","106.09","110638.95","108644.33","1994.62","0","conventional","Boston"
"10","156565.98","22805.02","2015-10-18 00:00:00","1.26","54518.85","44707.32","34534.79","31176.68","3358.11","0","conventional","Charlotte"
"50","159942.68","31586.35","2015-01-11 00:00:00","1.26","38118.77","40801.77","49435.79","38822.26","10613.53","0","conventional","Charlotte"
"24","772151.2","22933.92","2015-07-12 00:00:00","1.26","545739.34","109149.46","94328.48","90428.86","2536.23","1363.39","conventional","Chicago"
"30","803571.87","50563.81","2015-05-31 00:00:00","1.26","518850.04","132732.66","101425.36","99122.66","2299.08","3.62","conventional","Chicago"
"30","600377.94","127747.5","2015-05-31 00:00:00","1.26","365471.2","18725.02","88434.22","52816.05","35618.17","0","conventional","Denver"
"50","178735.25","34535.57","2015-01-11 00:00:00","1.26","78778.96","582.3","64838.42","63840.09","998.33","0","conventional","HarrisburgScranton"
"17","292827.27","3882.25","2015-08-30 00:00:00","1.26","241162.58","593.94","47188.5","46616.28","572.22","0","conventional","HartfordSpringfield"
"32","164076.81","18666.08","2015-05-17 00:00:00","1.26","89510.92","16162.78","39737.03","21260.58","16314.28","2162.17","conventional","Indianapolis"
"17","116109","64015.75","2015-08-30 00:00:00","1.26","19572.08","657.28","31863.89","20460.51","11403.38","0","conventional","Jacksonville"
"15","331077.9","197328.71","2015-09-13 00:00:00","1.26","64770.61","17.92","68960.66","42655.4","26305.26","0","conventional","MiamiFtLauderdale"
"28","437896.64","273373.33","2015-06-14 00:00:00","1.26","55875.2","9215.34","99432.77","72754.69","26678.08","0","conventional","MiamiFtLauderdale"
"12","1342963.26","19623.48","2015-10-04 00:00:00","1.26","1060768.61","1078.17","261493","208106.11","53386.89","0","conventional","NewYork"
"31","4661457.29","112425.95","2015-05-24 00:00:00","1.26","3212552.24","7774.83","1328704.27","1206950.37","120720.48","1033.42","conventional","Northeast"
"39","3497026.98","96169.31","2015-03-29 00:00:00","1.26","2543290.15","5707.16","851860.36","769079.25","82778.21","2.9","conventional","Northeast"
"30","250040.49","174419.44","2015-05-31 00:00:00","1.26","19641.65","73.35","55906.05","38303.2","17602.85","0","conventional","Orlando"
"45","204812.28","139189.15","2015-02-15 00:00:00","1.26","21210.42","37.33","44375.38","20733.73","23641.65","0","conventional","Orlando"
"11","373650.83","13073.44","2015-10-11 00:00:00","1.26","256350.83","550.69","103675.87","83281.81","20392.37","1.69","conventional","Philadelphia"
"17","381319.43","14942.34","2015-08-30 00:00:00","1.26","269812.12","654.66","95910.31","86293.69","9570.66","45.96","conventional","Philadelphia"
"4","54779.61","1443.95","2015-11-29 00:00:00","1.26","35859.3","958.7","16517.66","7946.78","8570.88","0","conventional","Pittsburgh"
"44","70345.39","1496.07","2015-02-22 00:00:00","1.26","42829.11","1187.76","24832.45","19166.04","5666.41","0","conventional","Pittsburgh"
"9","343757.21","98792.01","2015-10-25 00:00:00","1.26","190021.02","12903","42041.18","42041.18","0","0","conventional","Sacramento"
"18","405274.71","112710.34","2015-08-23 00:00:00","1.26","233164.62","12415.75","46984","46984","0","0","conventional","Sacramento"
"25","550810.62","161220.26","2015-07-05 00:00:00","1.26","305122.62","17131.92","67335.82","67335.82","0","0","conventional","Sacramento"
"26","423984.04","143118.33","2015-06-28 00:00:00","1.26","210343.54","13590.1","56932.07","56932.07","0","0","conventional","Sacramento"
"31","403793.79","110289.47","2015-05-24 00:00:00","1.26","232223.44","12830.34","48450.54","48450.54","0","0","conventional","Sacramento"
"41","779754.03","204467.41","2015-03-15 00:00:00","1.26","455307.39","25349.5","94629.73","93761.35","862.22","6.16","conventional","SanFrancisco"
"38","466120.48","148128.23","2015-04-05 00:00:00","1.26","238612.85","9791.26","69588.14","69293.36","210.54","84.24","conventional","Seattle"
"48","420124.11","118569.87","2015-01-25 00:00:00","1.26","228985.5","11119.33","61449.41","61054.23","370.74","24.44","conventional","Seattle"
"10","143944.11","53413.73","2015-10-18 00:00:00","1.26","34898.38","25.38","55606.62","51312.19","4287.69","6.74","conventional","StLouis"
"21","184501.15","79291.85","2015-08-02 00:00:00","1.26","43745.86","4","61459.44","61457.2","0","2.24","conventional","StLouis"
"27","198137.18","84699.66","2015-06-21 00:00:00","1.26","38461.41","51.04","74925.07","74925.07","0","0","conventional","StLouis"
"9","48971.6","935.77","2015-10-25 00:00:00","1.26","30448.48","18.45","17568.9","16893.34","675.56","0","conventional","Syracuse"
"10","48655.18","748.89","2015-10-18 00:00:00","1.26","28155.56","21.65","19729.08","19364.64","364.44","0","conventional","Syracuse"
"47","57424.15","1321.47","2015-02-01 00:00:00","1.26","30243.88","14.24","25844.56","25793.45","51.11","0","conventional","Syracuse"
"43","87822.43","805.41","2016-02-28 00:00:00","1.26","72159.95","63.13","14793.94","13739.89","1054.05","0","conventional","Albany"
"49","119972.41","1202.52","2016-01-17 00:00:00","1.26","100613.46","51.22","18105.21","17980.53","124.68","0","conventional","Albany"
"8","408314.87","162367.8","2016-10-30 00:00:00","1.26","69366.17","160.28","176420.62","94305.34","82115.28","0","conventional","Atlanta"
"12","440044.4","182418.33","2016-10-02 00:00:00","1.26","69411.24","140.88","188073.95","104367.67","83706.28","0","conventional","Atlanta"
"13","435756.8","174532.18","2016-09-25 00:00:00","1.26","77098.81","131.95","183993.86","109841.32","73830.32","322.22","conventional","Atlanta"
"3","473428.36","4371.95","2016-12-04 00:00:00","1.26","393748.18","3449.16","71859.07","71377.77","307.69","173.61","conventional","Boston"
"29","634989.55","8833.67","2016-06-05 00:00:00","1.26","417995.15","51385.74","156774.99","155072.41","120.91","1581.67","conventional","Boston"
"26","160806.44","1326.74","2016-06-26 00:00:00","1.26","74746.95","83.37","84649.38","81949.38","0","2700","conventional","BuffaloRochester"
"24","233262.16","43387.69","2016-07-10 00:00:00","1.26","79103.57","40460.56","70310.34","62603.71","4548.85","3157.78","conventional","Charlotte"
"31","203492.89","37008.26","2016-05-22 00:00:00","1.26","95769.19","20859.76","49855.68","45579.73","3940.95","335","conventional","Charlotte"
"10","256744.34","83560.9","2016-10-16 00:00:00","1.26","51486.24","6767.11","114930.09","112344.57","2581.96","3.56","conventional","Detroit"
"26","183547.1","2370.43","2016-06-26 00:00:00","1.26","104539.76","14725.39","61911.52","49679.16","4816.94","7415.42","conventional","GrandRapids"
"27","216299.96","3034.67","2016-06-19 00:00:00","1.26","130169.29","18998.81","64097.19","49222.23","4610.79","10264.17","conventional","GrandRapids"
"2","202600.72","27491.67","2016-12-11 00:00:00","1.26","115422.37","112.85","59573.83","57170.42","2403.41","0","conventional","HarrisburgScranton"
"14","220697.92","75557.67","2016-09-18 00:00:00","1.26","73638.24","176.87","71325.14","69128.89","2196.25","0","conventional","HarrisburgScranton"
"27","267235.79","41124.61","2016-06-19 00:00:00","1.26","132642.19","298.49","93170.5","86477.48","1092.3","5600.72","conventional","HarrisburgScranton"
"31","296893.56","3701.05","2016-05-22 00:00:00","1.26","224262.53","521.9","68408.08","66397.8","940.28","1070","conventional","HartfordSpringfield"
"50","284119.04","3361.85","2016-01-10 00:00:00","1.26","213814.5","238.17","66704.52","64792.83","1911.69","0","conventional","HartfordSpringfield"
"14","153211.68","16666.21","2016-09-18 00:00:00","1.26","67688.59","2707.32","66149.56","40788.78","25360.78","0","conventional","Indianapolis"
"13","158194.1","58289.9","2016-09-25 00:00:00","1.26","21092.67","145.41","78666.12","29683.13","48982.99","0","conventional","Jacksonville"
"4","57765.51","1047.06","2016-11-27 00:00:00","1.26","26662.61","141.29","29914.55","10325.65","19588.9","0","conventional","Louisville"
"14","87633.41","2114.94","2016-09-18 00:00:00","1.26","48962.95","565.29","35990.23","13498.21","22492.02","0","conventional","Louisville"
"31","497819.63","273987.6","2016-05-22 00:00:00","1.26","103459.89","257.43","120114.71","56006.36","54738.35","9370","conventional","MiamiFtLauderdale"
"23","2940448.51","582052.07","2016-07-17 00:00:00","1.26","1272165.13","137997.09","948234.22","794533.1","82513.33","71187.79","conventional","Midsouth"
"6","225721.51","133593.96","2016-11-13 00:00:00","1.26","30401.95","102.91","61622.69","45125.04","15814.59","683.06","conventional","NewOrleansMobile"
"1","1241381.71","14178.17","2016-12-18 00:00:00","1.26","954802.6","15428.57","256972.37","215851.19","39174.98","1946.2","conventional","NewYork"
"15","1558413.54","239517.85","2016-09-11 00:00:00","1.26","883865.63","2148.56","432881.5","384183.89","48239.8","457.81","conventional","NewYork"
"27","485945.76","53199.36","2016-06-19 00:00:00","1.26","322695.72","27247.57","82803.11","80128.11","0","2675","conventional","NorthernNewEngland"
"44","409152.46","14147.11","2016-02-21 00:00:00","1.26","268801.73","1816.34","124387.28","114098.2","10289.08","0","conventional","Philadelphia"
"0","80688.76","21519.08","2016-12-25 00:00:00","1.26","23868.08","961.58","34340.02","30455.29","3884.73","0","conventional","Pittsburgh"
"6","86306.22","22929.76","2016-11-13 00:00:00","1.26","26629.2","1041.38","35705.88","31047.93","4657.95","0","conventional","Pittsburgh"
"38","87991.76","1591.51","2016-04-03 00:00:00","1.26","57684.4","1735.56","26980.29","15060.75","11919.54","0","conventional","Pittsburgh"
"1","197054.39","60411.01","2016-12-18 00:00:00","1.26","60081.51","8199.68","68362.19","66189.15","2173.04","0","conventional","RaleighGreensboro"
"8","105608.34","43905.8","2016-10-30 00:00:00","1.26","21234.24","183.65","40284.65","39530.35","754.3","0","conventional","Roanoke"
"9","107231.19","40459.99","2016-10-23 00:00:00","1.26","29276.45","171.82","37322.93","35715.71","1607.22","0","conventional","Roanoke"
"24","489099.02","164624.96","2016-07-10 00:00:00","1.26","231260.34","20004.7","73209.02","72950.16","8.86","250","conventional","Sacramento"
"10","371149.3","116452.65","2016-10-16 00:00:00","1.26","117544.17","214.87","136937.61","36245.73","100691.88","0","conventional","Tampa"
"7","4245702.35","1493574.72","2016-11-06 00:00:00","1.26","867974.26","119469.87","1764683.5","1168746.58","593225.94","2710.98","conventional","West"
"8","3852439.62","1398732.86","2016-10-30 00:00:00","1.26","762970.93","113342.82","1577393.01","1029899.7","545279.86","2213.45","conventional","West"
"7","113586","4509","2017-11-12 00:00:00","1.26","96748","213","12115","8006","4109","0","conventional","Albany"
"39","481933.74","226289.9","2017-04-02 00:00:00","1.26","48770.22","139.77","206733.85","150546.84","52857.01","3330","conventional","Atlanta"
"49","663735.14","4741.15","2017-01-22 00:00:00","1.26","526892.92","11138.94","120962.13","118685.31","2276.82","0","conventional","Boston"
"2","108352.42","7563.23","2017-12-17 00:00:00","1.26","57326.4","39.68","43423.11","38800.9","4622.21","0","conventional","BuffaloRochester"
"6","4782021","1879513","2017-11-19 00:00:00","1.26","1360694","107055","1434759","1328429","47615","58715","conventional","California"
"20","5862368.39","2346710.99","2017-08-13 00:00:00","1.26","2079376.28","190313.03","1245968.09","1160556.19","32819.18","52592.72","conventional","California"
"36","5637299.78","2027854.71","2017-04-23 00:00:00","1.26","1521895.03","162006.91","1925543.13","1849562.53","6322.77","69657.83","conventional","California"
"2","189529.04","58017.31","2017-12-17 00:00:00","1.26","56564.52","3658.03","71289.18","66708.48","4580.7","0","conventional","Charlotte"
"4","220837","58826","2017-12-03 00:00:00","1.26","94262","4556","63193","59298","3895","0","conventional","Charlotte"
"44","241552.96","50330.36","2017-02-26 00:00:00","1.26","118606.57","13181.85","59434.18","54950.63","4483.55","0","conventional","Charlotte"
"18","176231.47","86236.44","2017-08-27 00:00:00","1.26","19787.99","1022.34","69184.7","62542.31","6049.02","593.37","conventional","Columbus"
"36","166919.21","70224.87","2017-04-23 00:00:00","1.26","19859.62","1525.47","75309.25","72832.23","2452.44","24.58","conventional","Columbus"
"40","153513.23","68172.26","2017-03-26 00:00:00","1.26","23491.33","1510.88","60338.76","57572.53","2766.23","0","conventional","Columbus"
"30","361513.16","77883.8","2017-06-04 00:00:00","1.26","57322.69","35156.7","191149.97","174009.46","12147.98","4992.53","conventional","Detroit"
"51","174079.23","1225.77","2017-01-08 00:00:00","1.26","102134.85","3082.6","67636.01","60761.6","6851.61","22.8","conventional","GrandRapids"
"8","3225071.95","696600.38","2017-11-05 00:00:00","1.26","1043530.21","144063.19","1340878.17","823843.88","510854.52","6179.77","conventional","GreatLakes"
"11","1029556.13","476686.67","2017-10-15 00:00:00","1.26","149935.14","1866.1","401068.22","310037.28","91030.94","0","conventional","Houston"
"2","143975.58","18371.92","2017-12-17 00:00:00","1.26","58045.77","9259.69","58298.2","48938.01","9311.33","48.86","conventional","Indianapolis"
"3","167890.91","9368.9","2017-12-10 00:00:00","1.26","83042.64","1754.24","73725.13","37305.23","36372.75","47.15","conventional","Indianapolis"
"8","194103.11","8575.56","2017-11-05 00:00:00","1.26","86633.97","752.93","98140.65","35477.95","62594.13","68.57","conventional","Indianapolis"
"39","166588.45","11375.5","2017-04-02 00:00:00","1.26","61512.67","1452.17","92248.11","45777.12","46455.38","15.61","conventional","Indianapolis"
"4","152697","87017","2017-12-03 00:00:00","1.26","9779","273","55628","41484","13951","193","conventional","Jacksonville"
"35","240227.67","150982.37","2017-04-30 00:00:00","1.26","24978.55","121.15","64145.6","26376.03","37214.57","555","conventional","Jacksonville"
"19","261684.23","109201.66","2017-08-20 00:00:00","1.26","44715.5","7342.47","100424.6","34087.48","65960.46","376.66","conventional","LasVegas"
"35","93663.48","2431.03","2017-04-30 00:00:00","1.26","48499.45","203.94","42529.06","18452.22","23931.06","145.78","conventional","Louisville"
"35","832704.2","511842.97","2017-04-30 00:00:00","1.26","127586.28","121.3","193153.65","79251.87","113901.78","0","conventional","MiamiFtLauderdale"
"44","553803.5","328098.98","2017-02-26 00:00:00","1.26","90099.4","97.02","135508.1","76060.43","59447.67","0","conventional","MiamiFtLauderdale"
"1","2494315.29","589482.87","2017-12-24 00:00:00","1.26","939519.27","19763.67","945549.48","824335.49","118291.12","2922.87","conventional","Midsouth"
"26","3218961.84","663114.75","2017-07-02 00:00:00","1.26","1257956.68","30426.63","1267463.78","1026992.74","187005.45","53465.59","conventional","Midsouth"
"10","269443.25","159833.64","2017-10-22 00:00:00","1.26","24349.84","1576.11","83683.66","73112.43","10571.23","0","conventional","NewOrleansMobile"
"25","267928.19","156935.51","2017-07-09 00:00:00","1.26","23221.13","28.96","87742.59","80324.72","5261.2","2156.67","conventional","NewOrleansMobile"
"2","394608.36","8588.72","2017-12-17 00:00:00","1.26","304318.64","2955.36","78745.64","18037.88","60707.76","0","conventional","NorthernNewEngland"
"45","262109.86","149730.42","2017-02-19 00:00:00","1.26","40603.49","58.48","71717.47","40951.55","30721.48","44.44","conventional","Orlando"
"24","106344.95","44572.1","2017-07-16 00:00:00","1.26","26346.56","1538.54","33887.75","25479.25","6868.5","1540","conventional","Pittsburgh"
"27","120211.37","47201.63","2017-06-25 00:00:00","1.26","29968.8","1660.34","41380.6","30778.72","8391.6","2210.28","conventional","Pittsburgh"
"48","107225.04","34693.77","2017-01-29 00:00:00","1.26","30342.44","1353.22","40835.61","35389.28","5446.33","0","conventional","Pittsburgh"
"1","1576731.65","694864.33","2017-12-24 00:00:00","1.26","411212.79","4508.17","466146.36","357357.71","108754.39","34.26","conventional","Plains"
"7","1625590","765204","2017-11-12 00:00:00","1.26","344953","3663","511771","398551","113198","22","conventional","Plains"
"48","296249.39","89311.71","2017-01-29 00:00:00","1.26","113615.4","9272.33","84049.95","81864.06","2185.89","0","conventional","RaleighGreensboro"
"7","200521","58938","2017-11-12 00:00:00","1.26","69122","982","71479","69009","2411","59","conventional","RichmondNorfolk"
"21","234101.85","60135.26","2017-08-06 00:00:00","1.26","90862.57","1893.69","81210.33","74984.01","2762.99","3463.33","conventional","RichmondNorfolk"
"22","229911.14","61959.41","2017-07-30 00:00:00","1.26","85046.12","1831.32","81074.29","74994.56","4529.73","1550","conventional","RichmondNorfolk"
"40","258325.55","79200.67","2017-03-26 00:00:00","1.26","90219.05","2473.42","86432.41","85387.4","695.01","350","conventional","RichmondNorfolk"
"38","145899.12","32290.75","2017-04-09 00:00:00","1.26","47113.7","54.65","66440.02","65146.93","1180.59","112.5","conventional","Roanoke"
"42","143644.79","31344.32","2017-03-12 00:00:00","1.26","50614.07","161.29","61525.11","59939.46","1585.65","0","conventional","Roanoke"
"4","500180","113961","2017-12-03 00:00:00","1.26","107904","680","277636","231869","45507","260","conventional","Seattle"
"25","214965.37","107971.62","2017-07-09 00:00:00","1.26","10695.31","123.97","96174.47","94133.65","2005.56","35.26","conventional","StLouis"
"32","34397651.15","12120948.7","2017-05-21 00:00:00","1.26","10213231.95","621603.57","11441866.93","8508442.17","2718685.22","214739.54","conventional","TotalUS"
"2","80611.01","28399.47","2018-03-11 00:00:00","1.26","2279.82","12280.5","37651.22","28668.38","8931.77","51.07","conventional","Boise"
"4","490292.38","55979.65","2018-02-25 00:00:00","1.26","235447.72","314.32","198550.69","173945.98","22558.04","2046.67","conventional","Philadelphia"
"9","460708.82","192219.39","2018-01-21 00:00:00","1.26","122174.21","17624.92","128690.3","121675.53","4729.22","2285.55","conventional","SanDiego"
"10","709903.13","109322.06","2018-01-14 00:00:00","1.26","214002.35","1034.16","385544.56","136005.01","248487.47","1052.08","conventional","Seattle"
"10","6986.04","19.93","2015-10-18 00:00:00","1.26","488.69","0","6477.42","6387.39","90.03","0","organic","Boston"
"11","7698.58","12.33","2015-10-11 00:00:00","1.26","386.4","0","7299.85","7299.85","0","0","organic","Boston"
"32","11088.2","476.58","2015-05-17 00:00:00","1.26","4780.37","4975.49","855.76","855.76","0","0","organic","Charlotte"
"48","10191.82","220.4","2015-01-25 00:00:00","1.26","8150.22","0","1821.2","377.77","1443.43","0","organic","CincinnatiDayton"
"8","29803.99","5850.87","2015-11-01 00:00:00","1.26","6277.42","29.31","17646.39","506.71","17139.68","0","organic","Denver"
"18","10518.1","8896.86","2015-08-23 00:00:00","1.26","94.67","0","1526.57","1466.67","59.9","0","organic","Houston"
"31","12358.51","11145.09","2015-05-24 00:00:00","1.26","366.75","0","846.67","846.67","0","0","organic","Houston"
"34","8532.45","7306.33","2015-05-03 00:00:00","1.26","252.79","0","973.33","973.33","0","0","organic","Houston"
"35","12066.11","10739.01","2015-04-26 00:00:00","1.26","480.43","0","846.67","846.67","0","0","organic","Houston"
"36","13856.85","12200.72","2015-04-19 00:00:00","1.26","522.8","0","1133.33","1133.33","0","0","organic","Houston"
"37","12380.68","11423.99","2015-04-12 00:00:00","1.26","490.02","0","466.67","466.67","0","0","organic","Houston"
"44","10792.32","9480.2","2015-02-22 00:00:00","1.26","595.45","0","716.67","716.67","0","0","organic","Houston"
"50","7561","6142.35","2015-01-11 00:00:00","1.26","818.65","0","600","600","0","0","organic","Houston"
"36","8170.13","422.67","2015-04-19 00:00:00","1.26","4874.84","474.62","2398","1910","488","0","organic","RichmondNorfolk"
"48","11132.08","9245.07","2015-01-25 00:00:00","1.26","470.05","0","1416.96","1416.96","0","0","organic","SanDiego"
"22","62027.52","47466.03","2015-07-26 00:00:00","1.26","5752.63","0","8808.86","7114.14","1694.72","0","organic","SouthCentral"
"10","7031.45","1817.97","2015-10-18 00:00:00","1.26","1798.19","0","3415.29","56.67","3358.62","0","organic","StLouis"
"4","174210.66","22168.11","2015-11-29 00:00:00","1.26","57717.17","102.49","94222.89","1722.92","92499.97","0","organic","West"
"20","2649.65","0","2016-08-07 00:00:00","1.26","547.56","0","2102.09","1143.84","958.25","0","organic","Boise"
"26","5744.45","0","2016-06-26 00:00:00","1.26","2173.59","0","3570.86","678.82","2892.04","0","organic","Boise"
"51","7629.12","6.01","2016-01-03 00:00:00","1.26","1010.59","0","6612.52","6612.52","0","0","organic","Boston"
"51","10777.27","4802.52","2016-01-03 00:00:00","1.26","397.26","0","5577.49","5384.85","192.64","0","organic","DallasFtWorth"
"26","18307.22","716.67","2016-06-26 00:00:00","1.26","8879.63","0","8710.92","1000.2","7710.72","0","organic","Detroit"
"41","12076.42","728.62","2016-03-13 00:00:00","1.26","6293.44","0","5054.36","725.9","4328.46","0","organic","Detroit"
"31","141771.45","3108.88","2016-05-22 00:00:00","1.26","90216.06","62.5","48384.01","14127.21","34256.8","0","organic","GreatLakes"
"32","4772.79","72.55","2016-05-15 00:00:00","1.26","1915.81","0","2784.43","1416.26","1368.17","0","organic","Indianapolis"
"40","3222.83","124.06","2016-03-20 00:00:00","1.26","1194","0","1904.77","856.67","1048.1","0","organic","Indianapolis"
"25","6402.23","1794.82","2016-07-03 00:00:00","1.26","126.06","8.4","4472.95","4472.95","0","0","organic","Jacksonville"
"17","104270.76","14056.73","2016-08-28 00:00:00","1.26","25916.53","6.38","64291.12","63624.45","666.67","0","organic","LosAngeles"
"4","3129.1","1.25","2016-11-27 00:00:00","1.26","987.17","0","2140.68","566.67","1574.01","0","organic","Louisville"
"23","2918.73","6.67","2016-07-17 00:00:00","1.26","1366.68","0","1545.38","210","1335.38","0","organic","Louisville"
"32","14199.98","734","2016-05-15 00:00:00","1.26","5261.02","0","8204.96","2141.29","6063.67","0","organic","Nashville"
"39","3468.78","516.41","2016-03-27 00:00:00","1.26","9.02","0","2943.35","2943.35","0","0","organic","NewOrleansMobile"
"40","3553.39","648.58","2016-03-20 00:00:00","1.26","3.02","0","2901.79","2901.79","0","0","organic","NewOrleansMobile"
"31","7645.75","3.81","2016-05-22 00:00:00","1.26","249.99","0","7391.95","7391.95","0","0","organic","NorthernNewEngland"
"1","5670.99","457.64","2016-12-18 00:00:00","1.26","50.66","0","5162.69","3026.67","2136.02","0","organic","Orlando"
"19","9274.44","100.12","2016-08-14 00:00:00","1.26","3811.78","0","5362.54","1314.48","4048.06","0","organic","Roanoke"
"46","33199.26","557.91","2016-02-07 00:00:00","1.26","13292.78","29.22","19319.35","7549.44","11769.91","0","organic","Seattle"
"49","42107.7","560.56","2016-01-17 00:00:00","1.26","15954.79","6.67","25585.68","163.14","25422.54","0","organic","Seattle"
"20","138004.86","44893.49","2016-08-07 00:00:00","1.26","5386.67","0","87724.7","52854.44","34870.26","0","organic","SouthCentral"
"1","54712.86","3375.85","2016-12-18 00:00:00","1.26","8448.31","315.77","42572.93","19398.71","23174.22","0","organic","Southeast"
"37","1179603.03","108747.34","2016-04-10 00:00:00","1.26","400281.85","12154.73","658419.11","368458.82","289960.29","0","organic","TotalUS"
"39","16943.34","1252.51","2017-04-02 00:00:00","1.26","6359.96","0","9330.87","636.1","8694.77","0","organic","Atlanta"
"5","5280.35","216.85","2017-11-26 00:00:00","1.26","57.94","0","5005.56","4509.48","496.08","0","organic","BuffaloRochester"
"24","12764.97","4.78","2017-07-16 00:00:00","1.26","446.42","0","12313.77","7111.69","5202.08","0","organic","BuffaloRochester"
"17","9273.64","124.6","2017-09-03 00:00:00","1.26","825.16","0","8323.88","8305.42","18.46","0","organic","GrandRapids"
"51","4079.99","325.5","2017-01-08 00:00:00","1.26","108.5","0","3645.99","1050","2595.99","0","organic","Jacksonville"
"26","5513.09","0","2017-07-02 00:00:00","1.26","1338.51","0","4174.58","30.22","4144.36","0","organic","Louisville"
"51","5077.97","189.58","2017-01-08 00:00:00","1.26","0","0","4888.39","3309.59","1578.8","0","organic","NewOrleansMobile"
"49","6741.5","527.11","2017-01-22 00:00:00","1.26","78.21","0","6136.18","3583.33","2552.85","0","organic","Orlando"
"50","7323.72","539.1","2017-01-15 00:00:00","1.26","112.35","0","6672.27","3426.67","3245.6","0","organic","Orlando"
"51","6429.15","521.24","2017-01-08 00:00:00","1.26","35.6","0","5872.31","2883.33","2988.98","0","organic","Orlando"
"48","4306.29","71.23","2017-01-29 00:00:00","1.26","1070.47","0","3164.59","123.23","3041.36","0","organic","Spokane"
"36","296559.24","43410.75","2017-04-23 00:00:00","1.26","50687.37","368.72","202092.4","92126.06","109966.34","0","organic","West"
"2","26620.79","820.89","2018-03-11 00:00:00","1.26","10737.83","0","15062.07","12641.49","2420.58","0","organic","Columbus"
"8","8251.66","45.63","2018-01-28 00:00:00","1.26","737.22","0","7468.81","7468.81","0","0","organic","GrandRapids"
"2","40506.15","8456.51","2018-03-11 00:00:00","1.26","165.94","0","31883.7","31440.37","443.33","0","organic","Houston"
"11","98765.23","1404.78","2018-01-07 00:00:00","1.26","33170.68","11.77","64178","2054.96","62104.14","18.9","organic","Seattle"
"11","19702.51","257.05","2018-01-07 00:00:00","1.26","4243.68","151.13","15050.65","14269.86","780.79","0","organic","SouthCarolina"
"39","663677.32","58098.15","2015-03-29 00:00:00","1.25","398050.87","43759.68","163768.62","158964.08","4804.54","0","conventional","BaltimoreWashington"
"45","637319.34","49751.74","2015-02-15 00:00:00","1.25","361677.37","45900.05","179990.18","174864.87","5125.31","0","conventional","BaltimoreWashington"
"26","560494.92","4688.28","2015-06-28 00:00:00","1.25","403230.6","9120.3","143455.74","142574.63","881.11","0","conventional","Boston"
"29","562542.86","4034.11","2015-06-07 00:00:00","1.25","421007.42","93.05","137408.28","137224.94","183.34","0","conventional","Boston"
"41","417750.36","6085.75","2015-03-15 00:00:00","1.25","308996.7","111.59","102556.32","101931.87","624.45","0","conventional","Boston"
"42","159386.69","29980.15","2015-03-08 00:00:00","1.25","39244.64","36249.61","53912.29","52537.96","1374.33","0","conventional","Charlotte"
"49","152671.15","26462.87","2015-01-18 00:00:00","1.25","40475.81","38677.39","47055.08","33996.73","13058.35","0","conventional","Charlotte"
"20","731125.01","18237.36","2015-08-09 00:00:00","1.25","526303.06","104796.41","81788.18","79510.48","1904.8","372.9","conventional","Chicago"
"14","241532.74","3716.84","2015-09-20 00:00:00","1.25","179938.31","270.67","57606.92","52877.17","4729.75","0","conventional","HartfordSpringfield"
"25","339064.22","4847.8","2015-07-05 00:00:00","1.25","250696.56","11793.14","71726.72","67565.11","4161.61","0","conventional","HartfordSpringfield"
"27","341628.84","4030.52","2015-06-21 00:00:00","1.25","258200.71","10100.06","69297.55","67505.16","1792.39","0","conventional","HartfordSpringfield"
"33","370924.13","5262.94","2015-05-10 00:00:00","1.25","288462.56","390.91","76807.72","73455.49","3352.23","0","conventional","HartfordSpringfield"
"34","329589.03","4005.44","2015-05-03 00:00:00","1.25","255378.5","539","69666.09","66957.03","2709.06","0","conventional","HartfordSpringfield"
"37","251083.39","3432.34","2015-04-12 00:00:00","1.25","182584.86","133.93","64932.26","63103.19","1829.07","0","conventional","HartfordSpringfield"
"50","138617.04","3024.88","2015-01-11 00:00:00","1.25","100509.97","1771.71","33310.48","18466.87","14765.56","78.05","conventional","Indianapolis"
"6","90999.05","57764.9","2015-11-15 00:00:00","1.25","7319.36","998.99","24915.8","12498.87","12406.71","10.22","conventional","Jacksonville"
"7","94495.69","62219.27","2015-11-08 00:00:00","1.25","7707.94","411.4","24157.08","12761.19","11395.89","0","conventional","Jacksonville"
"10","92599.79","57713.02","2015-10-18 00:00:00","1.25","9666.15","834.92","24385.7","14116.28","10269.42","0","conventional","Jacksonville"
"18","111825.39","60641.9","2015-08-23 00:00:00","1.25","19269.77","731.09","31182.63","20588.04","10594.59","0","conventional","Jacksonville"
"19","107523.14","60507.19","2015-08-16 00:00:00","1.25","16156.31","697.22","30162.42","19619.87","10514.58","27.97","conventional","Jacksonville"
"22","112997.27","69032.32","2015-07-26 00:00:00","1.25","19637.03","619.03","23708.89","18522.5","5186.39","0","conventional","Jacksonville"
"3","340513.61","247061.97","2015-12-06 00:00:00","1.25","34861.19","83.27","58507.18","25297.27","33209.91","0","conventional","MiamiFtLauderdale"
"9","307072.85","212163.19","2015-10-25 00:00:00","1.25","35901.59","42.02","58966.05","33429.62","25527.63","8.8","conventional","MiamiFtLauderdale"
"35","476017.06","341780.74","2015-04-26 00:00:00","1.25","41476.06","120.02","92640.24","63701.43","28442.98","495.83","conventional","MiamiFtLauderdale"
"39","370065.74","261045.75","2015-03-29 00:00:00","1.25","32977.11","87.26","75955.62","47569.63","28385.99","0","conventional","MiamiFtLauderdale"
"46","348210.5","249833.46","2015-02-08 00:00:00","1.25","35897.43","34.5","62445.11","36164.82","26280.29","0","conventional","MiamiFtLauderdale"
"4","219689.9","2897.91","2015-11-29 00:00:00","1.25","181977.84","88.58","34725.57","34725.57","0","0","conventional","NorthernNewEngland"
"21","417082.92","2279.1","2015-08-02 00:00:00","1.25","347110.01","1637.61","66056.2","66056.2","0","0","conventional","NorthernNewEngland"
"22","402791.86","2558.33","2015-07-26 00:00:00","1.25","324258.79","2452.04","73522.7","73518.43","4.27","0","conventional","NorthernNewEngland"
"9","210265.79","138110.06","2015-10-25 00:00:00","1.25","24182.08","91.29","47882.36","29737.38","18128.16","16.82","conventional","Orlando"
"17","238269.85","123335.43","2015-08-30 00:00:00","1.25","51487.73","173.11","63273.58","44694.9","18578.68","0","conventional","Orlando"
"39","216925.45","150612.51","2015-03-29 00:00:00","1.25","18785.42","128.97","47398.55","29215.6","18182.95","0","conventional","Orlando"
"0","308546.88","9778.07","2015-12-27 00:00:00","1.25","208945.03","530.89","89292.89","82776.35","6513.36","3.18","conventional","Philadelphia"
"13","368779.77","14983.22","2015-09-27 00:00:00","1.25","255352.91","497.49","97946.15","82669.93","15276.22","0","conventional","Philadelphia"
"14","361361.6","14832.84","2015-09-20 00:00:00","1.25","251090.34","580.3","94858.12","84698.03","10160.09","0","conventional","Philadelphia"
"16","399061.75","16018.81","2015-09-06 00:00:00","1.25","284480.15","633.36","97929.43","89096.28","8827.37","5.78","conventional","Philadelphia"
"25","460459.45","16232.83","2015-07-05 00:00:00","1.25","306535.67","1024.11","136666.84","122252.96","14370.22","43.66","conventional","Philadelphia"
"0","73109.9","1241.48","2015-12-27 00:00:00","1.25","45856.11","951.32","25060.99","17512.17","7392.15","156.67","conventional","Pittsburgh"
"39","69747.2","2566.52","2015-03-29 00:00:00","1.25","51530.22","1503.84","14146.62","14034.79","108.32","3.51","conventional","Pittsburgh"
"43","65484.37","841.5","2015-03-01 00:00:00","1.25","39074.28","1225.82","24342.77","19985.54","4357.23","0","conventional","Pittsburgh"
"47","112065.73","2685.5","2015-02-01 00:00:00","1.25","75345.64","2164.35","31870.24","20561.48","11308.76","0","conventional","Pittsburgh"
"14","353231.58","79142.8","2015-09-20 00:00:00","1.25","220538.2","12364.88","41185.7","41185.7","0","0","conventional","Sacramento"
"23","491653.57","197532.38","2015-07-19 00:00:00","1.25","192075.86","11882.66","90162.67","90074.05","88.62","0","conventional","Seattle"
"33","218562.94","125846.03","2015-05-10 00:00:00","1.25","33050.99","42.85","59623.07","59620.93","0","2.14","conventional","StLouis"
"24","75144.87","577.45","2015-07-12 00:00:00","1.25","43147.8","2809.38","28610.24","28512.46","97.78","0","conventional","Syracuse"
"46","51557.01","1093.76","2015-02-08 00:00:00","1.25","26366.48","14.2","24082.57","23658.13","424.44","0","conventional","Syracuse"
"41","257172.84","173099.66","2015-03-15 00:00:00","1.25","19983.36","62.96","64026.86","46495.52","17531.34","0","conventional","Tampa"
"6","408260.87","185966.29","2016-11-13 00:00:00","1.25","63348.63","180.57","158765.38","92308.66","66233.39","223.33","conventional","Atlanta"
"24","183741.31","1425.12","2016-07-10 00:00:00","1.25","88105.93","46.25","94164.01","89911.51","0","4252.5","conventional","BuffaloRochester"
"0","155793.03","36125.58","2016-12-25 00:00:00","1.25","50792.48","7324.64","61550.33","51247.91","10232.98","69.44","conventional","Charlotte"
"28","209095.62","42196.82","2016-06-12 00:00:00","1.25","74895.5","46176.97","45826.33","40822.06","3825.94","1178.33","conventional","Charlotte"
"29","209797.27","37431.02","2016-06-05 00:00:00","1.25","77700.5","41412.18","53253.57","45859.12","6333.06","1061.39","conventional","Charlotte"
"12","266892.47","83699.68","2016-10-02 00:00:00","1.25","49320.17","7837.66","126034.96","118414.21","7604.7","16.05","conventional","Detroit"
"23","3267857.63","429390.43","2016-07-17 00:00:00","1.25","1441657.56","291136.56","1105673.08","754051.14","256758.81","94863.13","conventional","GreatLakes"
"23","249117.51","37155.26","2016-07-17 00:00:00","1.25","99016.77","207.3","112738.18","100384.09","1258.61","11095.48","conventional","HarrisburgScranton"
"35","342796.24","4251.65","2016-04-24 00:00:00","1.25","277215.89","684.59","60644.11","59633.06","982.75","28.3","conventional","HartfordSpringfield"
"19","85551.19","2056.05","2016-08-14 00:00:00","1.25","54112.88","772.12","28610.14","17081.33","11518.81","10","conventional","Louisville"
"20","515183.39","253093.31","2016-08-07 00:00:00","1.25","125026.64","114.92","136948.52","80129.25","46177.6","10641.67","conventional","MiamiFtLauderdale"
"26","540206.17","283281.44","2016-06-26 00:00:00","1.25","130937.32","165.68","125821.73","78005.81","32132.03","15683.89","conventional","MiamiFtLauderdale"
"11","233898.8","114410.24","2016-10-09 00:00:00","1.25","41719.96","401.91","77366.69","49871.41","16720.28","10775","conventional","NewOrleansMobile"
"7","92657.44","24892.26","2016-11-06 00:00:00","1.25","27433.78","1137.26","39194.14","34250.04","4944.1","0","conventional","Pittsburgh"
"8","86820.55","25336.21","2016-10-30 00:00:00","1.25","21347.76","1150.23","38986.35","33736.01","5198.95","51.39","conventional","Pittsburgh"
"23","113655.96","1416.4","2016-07-17 00:00:00","1.25","54927.04","1132.71","56179.81","39074.78","10590.03","6515","conventional","Pittsburgh"
"21","1716384.76","658829.43","2016-07-31 00:00:00","1.25","526275.28","7471.62","523808.43","471473.75","17633.77","34700.91","conventional","Plains"
"11","213460.34","90443.54","2016-10-09 00:00:00","1.25","66361.81","4535.47","52119.52","51541.32","578.2","0","conventional","RichmondNorfolk"
"26","464446.2","147821.55","2016-06-26 00:00:00","1.25","228939.76","20249.04","67435.85","66812.24","0","623.61","conventional","Sacramento"
"5","369682.4","135337.58","2016-11-20 00:00:00","1.25","120005.93","14499.34","99839.55","85261.69","14192.86","385","conventional","SanDiego"
"11","473046.6","143507.8","2016-10-09 00:00:00","1.25","142805.42","15433.41","171299.97","150537.8","20262.17","500","conventional","SanDiego"
"13","327724.02","148997.66","2016-09-25 00:00:00","1.25","68555.28","6099.85","104071.23","73929.02","30142.21","0","conventional","SouthCarolina"
"7","139697.75","64239.09","2016-11-06 00:00:00","1.25","10904.36","98.22","64456.08","45157.29","19079.35","219.44","conventional","StLouis"
"21","330277.63","134859.19","2016-07-31 00:00:00","1.25","87238.79","23.31","108156.34","68165.92","30100.42","9890","conventional","Tampa"
"41","460990.81","215046.31","2017-03-19 00:00:00","1.25","50085.35","147.93","195711.22","120153.69","72091.97","3465.56","conventional","Atlanta"
"3","127279.28","7934.47","2017-12-10 00:00:00","1.25","63389.74","61.68","55893.39","51672.86","4220.53","0","conventional","BuffaloRochester"
"35","5889669.2","2197824.46","2017-04-30 00:00:00","1.25","1689225.61","157508.63","1845110.5","1770413.98","2532.7","72163.82","conventional","California"
"46","206762.31","58973.85","2017-02-12 00:00:00","1.25","74076.16","8886.98","64825.32","59465.37","5142.17","217.78","conventional","Charlotte"
"1","298146.18","50834.19","2017-12-24 00:00:00","1.25","57335.28","15610.47","174366.24","156973.49","16351.25","1041.5","conventional","Detroit"
"19","388250.81","113908.85","2017-08-20 00:00:00","1.25","34529.25","26555.78","213256.93","191985.02","8146.65","13125.26","conventional","Detroit"
"21","400745.99","101371.87","2017-08-06 00:00:00","1.25","45320.08","41542.27","212511.77","185661.19","7330.96","19519.62","conventional","Detroit"
"2","162923.49","2042.43","2017-12-17 00:00:00","1.25","74185.34","48181.44","38514.28","21582.27","3918.17","13013.84","conventional","GrandRapids"
"48","267917.78","64322.44","2017-01-29 00:00:00","1.25","129735.77","1855.78","72003.79","70448.34","1418.77","136.68","conventional","HarrisburgScranton"
"43","373924.25","8437.42","2017-03-05 00:00:00","1.25","316785.84","265.3","48435.69","46650.51","1785.18","0","conventional","HartfordSpringfield"
"51","369468.59","5105.33","2017-01-08 00:00:00","1.25","315473.05","306.22","48583.99","47415.32","1168.67","0","conventional","HartfordSpringfield"
"14","949769.71","470511.08","2017-09-24 00:00:00","1.25","145808.34","1812.37","331637.92","262287.19","69350.73","0","conventional","Houston"
"4","182891","8806","2017-12-03 00:00:00","1.25","103238","2338","68510","23489","44956","64","conventional","Indianapolis"
"41","168330.5","12798.54","2017-03-19 00:00:00","1.25","60511.72","1516.39","93503.85","41713.27","51729.38","61.2","conventional","Indianapolis"
"51","4691937.5","203756.33","2017-01-08 00:00:00","1.25","3517891.27","29359.1","940930.8","882013.66","58723.55","193.59","conventional","Northeast"
"44","434201.49","9612.04","2017-02-26 00:00:00","1.25","363051.67","5133.05","56404.73","56404.73","0","0","conventional","NorthernNewEngland"
"50","421262.96","13397.71","2017-01-15 00:00:00","1.25","330248.49","6370.03","71246.73","71246.73","0","0","conventional","NorthernNewEngland"
"44","307685.6","172780.16","2017-02-26 00:00:00","1.25","46592.5","70.6","88242.34","53501.63","34737.38","3.33","conventional","Orlando"
"25","116575.48","45339.5","2017-07-09 00:00:00","1.25","30916.91","1471.62","38847.45","30093.41","6444.04","2310","conventional","Pittsburgh"
"26","124868.74","50926.04","2017-07-02 00:00:00","1.25","30335.71","1779.51","41827.48","33133.21","6770.1","1924.17","conventional","Pittsburgh"
"43","1601599.81","734909.69","2017-03-05 00:00:00","1.25","421271.9","9572.98","435845.24","393722.61","36578.51","5544.12","conventional","Plains"
"11","546932.09","150707.93","2017-10-15 00:00:00","1.25","240106.11","11215.37","144902.68","91834.79","52424.48","643.41","conventional","Portland"
"25","309542.11","92214.73","2017-07-09 00:00:00","1.25","91091.46","5985.39","120250.53","113413.21","1835.65","5001.67","conventional","RaleighGreensboro"
"31","288112.58","85850.86","2017-05-28 00:00:00","1.25","104655.78","2662.62","94943.32","88523.34","6414.46","5.52","conventional","RichmondNorfolk"
"36","262771.53","64102.11","2017-04-23 00:00:00","1.25","92451.08","2142.77","104075.57","103485.2","577.83","12.54","conventional","RichmondNorfolk"
"6","409476","146119","2017-11-19 00:00:00","1.25","102909","14767","145681","133210","9919","2552","conventional","SanDiego"
"41","460355.92","150847.61","2017-03-19 00:00:00","1.25","132525.61","19948.07","157034.63","154726.89","1291.35","1016.39","conventional","SanDiego"
"32","628075.85","126440.43","2017-05-21 00:00:00","1.25","172836.79","745.56","328053.07","327052.45","154.61","846.01","conventional","Seattle"
"5","269322","125872","2017-11-26 00:00:00","1.25","47631","2004","93815","72283","19651","1882","conventional","SouthCarolina"
"4","80838","2791","2017-12-03 00:00:00","1.25","57129","47","20871","19354","1517","0","conventional","Syracuse"
"35","534175.65","339907.64","2017-04-30 00:00:00","1.25","84557.74","49.7","109660.57","54629.6","55030.97","0","conventional","Tampa"
"41","31595125.23","10975689.78","2017-03-19 00:00:00","1.25","9622711.73","638217.85","10358505.87","8202242.37","2000176.08","156087.42","conventional","TotalUS"
"22","5688357.24","1992527.59","2017-07-30 00:00:00","1.25","1603136.43","106461.23","1986231.99","973013.15","1003906.67","9312.17","conventional","West"
"3","988572.63","102687.68","2018-03-04 00:00:00","1.25","619501.22","5269.13","261114.6","256822.62","4225.31","66.67","conventional","BaltimoreWashington"
"5","80833.06","39772.8","2018-02-18 00:00:00","1.25","2363.06","8575.65","30121.55","21029.36","9032.9","59.29","conventional","Boise"
"9","88727.77","49711.32","2018-01-21 00:00:00","1.25","2157.11","6343.03","30516.31","22463.22","8026.61","26.48","conventional","Boise"
"5","277022.82","67138.92","2018-02-18 00:00:00","1.25","129856.77","111.37","79915.76","71649","6605.65","1661.11","conventional","HarrisburgScranton"
"10","277616.71","80067.78","2018-01-14 00:00:00","1.25","121405.45","189.01","75954.47","62453.61","13500.86","0","conventional","HarrisburgScranton"
"5","3135330.32","709218.57","2018-02-18 00:00:00","1.25","1150144.86","24776.61","1251190.28","1015372.21","224403.31","11414.76","conventional","Midsouth"
"9","6137752.61","441673.49","2018-01-21 00:00:00","1.25","4447691.02","16607.82","1231780.28","990188.67","241571.32","20.29","conventional","Northeast"
"10","2033823.81","891358.6","2018-01-14 00:00:00","1.25","572445.19","6526.08","563493.94","436555.79","126910.37","27.78","conventional","Plains"
"6","507333.47","87666.45","2018-02-11 00:00:00","1.25","146006.56","17712.54","255947.92","156038.59","99378.83","530.5","conventional","Portland"
"4","405689.01","178666.56","2018-02-25 00:00:00","1.25","70216.92","3960.77","152844.76","119270.49","30146.09","3428.18","conventional","SouthCarolina"
"0","165209.29","80921.04","2018-03-25 00:00:00","1.25","7515.78","518.71","76253.76","65742.81","10499.14","11.81","conventional","StLouis"
"40","16507","10883.75","2015-03-22 00:00:00","1.25","4512.52","758.37","352.36","352.36","0","0","organic","BaltimoreWashington"
"40","13781.05","376.93","2015-03-22 00:00:00","1.25","13270.16","0","133.96","106.67","27.29","0","organic","CincinnatiDayton"
"12","28692.21","1368.83","2015-10-04 00:00:00","1.25","5986.74","30.75","21305.89","739.33","20566.56","0","organic","Denver"
"32","11026.61","10234.81","2015-05-17 00:00:00","1.25","351.8","0","440","440","0","0","organic","Houston"
"38","11676.65","10220.11","2015-04-05 00:00:00","1.25","469.87","0","986.67","986.67","0","0","organic","Houston"
"46","9077.59","7272.68","2015-02-08 00:00:00","1.25","704.91","0","1100","1100","0","0","organic","Houston"
"40","41439.59","22334.06","2015-03-22 00:00:00","1.25","12861.93","0","6243.6","6243.6","0","0","organic","LosAngeles"
"51","54495.54","47721.51","2015-01-04 00:00:00","1.25","1723.4","0","5050.63","5050.63","0","0","organic","LosAngeles"
"35","6631.49","5848.51","2015-04-26 00:00:00","1.25","488.5","0","294.48","294.48","0","0","organic","MiamiFtLauderdale"
"29","6725.04","316.05","2015-06-07 00:00:00","1.25","3217.52","0","3191.47","498.8","2692.67","0","organic","Nashville"
"8","55167.3","7748.21","2015-11-01 00:00:00","1.25","20764.48","418.71","26235.9","9127.53","17108.37","0","organic","Seattle"
"6","5712.92","1627.01","2015-11-15 00:00:00","1.25","1240.67","10.7","2834.54","227.2","2607.34","0","organic","StLouis"
"9","16790.96","979.33","2016-10-23 00:00:00","1.25","5629.25","0","10182.38","11.25","10171.13","0","organic","Atlanta"
"34","11049.83","2003.78","2016-05-01 00:00:00","1.25","4136.67","0","4909.38","897.94","4011.44","0","organic","Atlanta"
"33","256669.13","19169.71","2016-05-08 00:00:00","1.25","147864.84","0","89634.58","89474.61","159.97","0","organic","California"
"41","13252.99","308.89","2016-03-13 00:00:00","1.25","8663.98","0","4280.12","540","3740.12","0","organic","CincinnatiDayton"
"45","4607.55","499.91","2016-02-14 00:00:00","1.25","2710.71","0","1396.93","210","1186.93","0","organic","Columbus"
"3","21047.85","6160.17","2016-12-04 00:00:00","1.25","124.16","0","14763.52","14743.93","19.59","0","organic","DallasFtWorth"
"11","28837.82","13182.39","2016-10-09 00:00:00","1.25","267.34","0","15388.09","6930","8458.09","0","organic","DallasFtWorth"
"39","17408.68","8355.74","2016-03-27 00:00:00","1.25","658.68","0","8394.26","7234.13","1160.13","0","organic","DallasFtWorth"
"49","14648.09","7988.39","2016-01-17 00:00:00","1.25","617.54","0","6042.16","6016.61","25.55","0","organic","DallasFtWorth"
"28","19250.46","822.13","2016-06-12 00:00:00","1.25","8482.74","0","9945.59","1020","8925.59","0","organic","Detroit"
"7","175323.06","3560.85","2016-11-06 00:00:00","1.25","63234.05","0","108528.16","25403.29","83124.87","0","organic","GreatLakes"
"41","13002.96","7387.57","2016-03-13 00:00:00","1.25","79.1","0","5536.29","4624.65","911.64","0","organic","Houston"
"17","6033.01","528.46","2016-08-28 00:00:00","1.25","1507.87","0","3996.68","1002.92","2993.76","0","organic","Indianapolis"
"29","3998.08","141.1","2016-06-05 00:00:00","1.25","1769.38","0","2087.6","1003.89","1083.71","0","organic","Indianapolis"
"38","12425.65","3094.18","2016-04-03 00:00:00","1.25","4671.88","0","4659.59","3985.21","674.38","0","organic","LasVegas"
"24","3026.31","5.33","2016-07-10 00:00:00","1.25","1700.78","0","1320.2","166.67","1153.53","0","organic","Louisville"
"27","4623.06","507.64","2016-06-19 00:00:00","1.25","5.73","0","4109.69","4093.02","16.67","0","organic","NewOrleansMobile"
"38","13281.61","7693.54","2016-04-03 00:00:00","1.25","1683.6","0","3904.47","3146.03","758.44","0","organic","PhoenixTucson"
"50","30581.35","1551.96","2016-01-10 00:00:00","1.25","12122.49","15.05","16891.85","22.3","16869.55","0","organic","Portland"
"11","10827.2","291.08","2016-10-09 00:00:00","1.25","3653.4","402.77","6479.95","3082.61","3397.34","0","organic","RichmondNorfolk"
"38","21630.01","1640.08","2016-04-03 00:00:00","1.25","13036.06","0","6953.87","3636.46","3317.41","0","organic","SanDiego"
"44","16903.84","1307.06","2016-02-21 00:00:00","1.25","8403.84","4.79","7188.15","6474.65","713.5","0","organic","SanDiego"
"34","54382.38","490.82","2016-05-01 00:00:00","1.25","27880.71","167.12","25843.73","280.71","25563.02","0","organic","Seattle"
"39","84351.3","29009.17","2016-03-27 00:00:00","1.25","6132.83","8.49","49200.81","39989.57","9211.24","0","organic","SouthCentral"
"35","1475457.53","225429.09","2016-04-24 00:00:00","1.25","524511.95","8687.81","716828.68","555986.43","160842.25","0","organic","TotalUS"
"32","50809.3","6329.81","2016-05-15 00:00:00","1.25","28751.94","572.18","15155.37","5948.7","9206.67","0","organic","WestTexNewMexico"
"41","2665.45","6.42","2017-03-19 00:00:00","1.25","539.13","0","2119.9","454.72","1665.18","0","organic","Boise"
"28","28462.96","8640.24","2017-06-18 00:00:00","1.25","2043.28","54.52","17724.92","7228.37","10496.55","0","organic","Denver"
"34","36724.25","10306.19","2017-05-07 00:00:00","1.25","14.17","0","26403.89","25913.73","490.16","0","organic","Houston"
"30","8668.35","152.13","2017-06-04 00:00:00","1.25","1385.07","0","7131.15","1178.64","5952.51","0","organic","Indianapolis"
"50","4618.57","338.85","2017-01-15 00:00:00","1.25","97.16","14.57","4167.99","1172.22","2995.77","0","organic","Jacksonville"
"35","127255.45","10894.08","2017-04-30 00:00:00","1.25","29816.95","1.59","86542.83","83579.29","2963.54","0","organic","LosAngeles"
"36","127222.31","12241.09","2017-04-23 00:00:00","1.25","29711.25","0","85269.97","75004.87","10265.1","0","organic","LosAngeles"
"41","135636.51","11812.81","2017-03-19 00:00:00","1.25","38905.35","19.1","84899.25","69061.91","15837.34","0","organic","LosAngeles"
"22","5816.2","228.57","2017-07-30 00:00:00","1.25","118.74","0","5468.89","5458.89","10","0","organic","NewOrleansMobile"
"2","80744.59","872.8","2017-12-17 00:00:00","1.25","24764.43","28.57","55078.79","22511.93","32512.02","54.84","organic","Seattle"
"50","48313.72","447.27","2017-01-15 00:00:00","1.25","11513.38","1.32","36351.75","690.75","35661","0","organic","Seattle"
"23","6588.03","0","2017-07-23 00:00:00","1.25","164.12","0","6423.91","3009.25","3414.66","0","organic","Syracuse"
"6","8859.53","11.55","2018-02-11 00:00:00","1.25","2034.77","0","6813.21","6813.21","0","0","organic","GrandRapids"
"11","11449.3","12.71","2018-01-07 00:00:00","1.25","3013.06","0","8423.53","8423.53","0","0","organic","GrandRapids"
"2","4685.01","168.95","2018-03-11 00:00:00","1.25","61.01","0","4455.05","775.9","3679.15","0","organic","Syracuse"
"10","4343.09","116.19","2018-01-14 00:00:00","1.25","64.16","0","4162.74","1986.09","2176.65","0","organic","Syracuse"
"11","4764.47","59.95","2018-01-07 00:00:00","1.25","133.89","0","4570.63","3125.05","1445.58","0","organic","Syracuse"
"50","41195.08","1002.85","2015-01-11 00:00:00","1.24","31640.34","127.12","8424.77","8036.04","388.73","0","conventional","Albany"
"11","653560.14","34707.02","2015-10-11 00:00:00","1.24","392008.6","58490.1","168354.42","163669.01","4685.41","0","conventional","BaltimoreWashington"
"17","734721.29","48455.25","2015-08-30 00:00:00","1.24","458207.46","42754.34","185304.24","181968.79","3158.9","176.55","conventional","BaltimoreWashington"
"41","693698.13","53400.14","2015-03-15 00:00:00","1.24","395837.01","46596.22","197864.76","193130.9","4733.86","0","conventional","BaltimoreWashington"
"27","543504.66","3582.45","2015-06-21 00:00:00","1.24","404908.53","8899.2","126114.48","125821.15","293.33","0","conventional","Boston"
"19","178525.52","32128.6","2015-08-16 00:00:00","1.24","42068.1","41343.26","62985.56","60769.22","2216.34","0","conventional","Charlotte"
"21","179321.9","30200.32","2015-08-02 00:00:00","1.24","48686.77","39734.9","60699.91","58627.67","2072.24","0","conventional","Charlotte"
"23","797060.27","20534.84","2015-07-19 00:00:00","1.24","560871.56","116910.43","98743.44","92362.71","3531.27","2849.46","conventional","Chicago"
"25","937317.45","28422.72","2015-07-05 00:00:00","1.24","661207.19","118634.7","129052.84","126579.11","2236.49","237.24","conventional","Chicago"
"27","804902.52","34715.08","2015-06-21 00:00:00","1.24","536926.08","122239.65","111021.71","107242.86","1658.76","2120.09","conventional","Chicago"
"29","824216.23","51410.51","2015-06-07 00:00:00","1.24","544663.98","122929.34","105212.4","99942.37","4693.09","576.94","conventional","Chicago"
"35","779868.01","46749.43","2015-04-26 00:00:00","1.24","543002.3","97410.38","92705.9","88341.96","3573.83","790.11","conventional","Chicago"
"36","832529.06","52850.1","2015-04-19 00:00:00","1.24","594214.84","93303.25","92160.87","89276.61","2780.32","103.94","conventional","Chicago"
"37","710718.98","45103.98","2015-04-12 00:00:00","1.24","488323.33","83137.77","94153.9","91664.47","2475.13","14.3","conventional","Chicago"
"2","117645.69","3809.88","2015-12-13 00:00:00","1.24","69582.68","3264.07","40989.06","38257.02","2231.37","500.67","conventional","GrandRapids"
"46","132621.01","1155.67","2015-02-08 00:00:00","1.24","74113.5","4855.23","52496.61","48150.41","4209.37","136.83","conventional","GrandRapids"
"49","182604.68","30928.18","2015-01-18 00:00:00","1.24","85410.46","535.87","65730.17","64180.88","1549.29","0","conventional","HarrisburgScranton"
"2","238558.16","4439.86","2015-12-13 00:00:00","1.24","186550.43","332.83","47235.04","46493.47","741.57","0","conventional","HartfordSpringfield"
"35","158499.41","12319.28","2015-04-26 00:00:00","1.24","88398.02","16641.02","41141.09","23192.65","14397.12","3551.32","conventional","Indianapolis"
"15","102870.89","55192.87","2015-09-13 00:00:00","1.24","19471.72","461.14","27745.16","18430.6","9314.56","0","conventional","Jacksonville"
"21","112332.05","63302.99","2015-08-02 00:00:00","1.24","19717.01","759.06","28552.99","19135.05","9417.94","0","conventional","Jacksonville"
"30","128105.43","86553.01","2015-05-31 00:00:00","1.24","7980.5","615.86","32956.06","22617.48","10338.58","0","conventional","Jacksonville"
"33","125605.25","85005.28","2015-05-10 00:00:00","1.24","8543.63","625.5","31430.84","22038.43","9392.41","0","conventional","Jacksonville"
"42","112487.2","77300.18","2015-03-08 00:00:00","1.24","8997.99","745.39","25443.64","19549.59","5894.05","0","conventional","Jacksonville"
"45","105176.25","70695.14","2015-02-15 00:00:00","1.24","9457.72","595.88","24427.51","15354.4","9073.11","0","conventional","Jacksonville"
"10","333933.98","224505.79","2015-10-18 00:00:00","1.24","42454.42","24.92","66948.85","40518.51","26421.51","8.83","conventional","MiamiFtLauderdale"
"17","362232.28","212188.58","2015-08-30 00:00:00","1.24","66569.74","73.73","83400.23","59815.95","23581.37","2.91","conventional","MiamiFtLauderdale"
"18","372525.3","218751.04","2015-08-23 00:00:00","1.24","70677.18","63.85","83033.23","58853.12","24165.63","14.48","conventional","MiamiFtLauderdale"
"19","360308.77","213812.79","2015-08-16 00:00:00","1.24","61634.91","31.89","84829.18","62035.11","22794.07","0","conventional","MiamiFtLauderdale"
"22","379954.31","233056.82","2015-07-26 00:00:00","1.24","63065.93","76.64","83754.92","63018.58","20736.34","0","conventional","MiamiFtLauderdale"
"24","402706.71","235985.01","2015-07-12 00:00:00","1.24","79717.36","87.27","86917.07","61873.39","24836.74","206.94","conventional","MiamiFtLauderdale"
"32","450603.36","323238.36","2015-05-17 00:00:00","1.24","36762.19","136.17","90466.64","64400.34","26066.3","0","conventional","MiamiFtLauderdale"
"44","369819.98","256141.1","2015-02-22 00:00:00","1.24","35032.65","67.64","78578.59","51870.47","26708.12","0","conventional","MiamiFtLauderdale"
"25","4855273.71","122190.4","2015-07-05 00:00:00","1.24","3328289.46","92678.08","1312115.77","1208641.02","102680.02","794.73","conventional","Northeast"
"34","4597313.41","129459.52","2015-05-03 00:00:00","1.24","3365962.7","13487.57","1088403.62","954844.81","132615.75","943.06","conventional","Northeast"
"35","311879.23","1960.76","2015-04-26 00:00:00","1.24","253562.76","79.62","56276.09","56259.03","17.06","0","conventional","NorthernNewEngland"
"6","200715.34","129533.08","2015-11-15 00:00:00","1.24","20681.56","109.39","50391.31","27742.9","22648.41","0","conventional","Orlando"
"7","202954.88","132375.83","2015-11-08 00:00:00","1.24","21007.3","92.19","49479.56","31369.94","18109.62","0","conventional","Orlando"
"10","204526.46","131126.38","2015-10-18 00:00:00","1.24","24094.4","71.02","49234.66","32915.51","16319.15","0","conventional","Orlando"
"21","240821.52","130990.19","2015-08-02 00:00:00","1.24","49482.92","88.69","60259.72","43472.9","16786.82","0","conventional","Orlando"
"43","392412.07","16329.41","2015-03-01 00:00:00","1.24","267027.05","1528.3","107527.31","93745.13","13782.18","0","conventional","Philadelphia"
"6","64518.82","1179.87","2015-11-15 00:00:00","1.24","42966.81","979.92","19392.22","13712.24","5679.98","0","conventional","Pittsburgh"
"42","198900.07","41324.65","2015-03-08 00:00:00","1.24","54059.83","37877.54","65638.05","65493.35","144.7","0","conventional","RaleighGreensboro"
"50","205760.67","43986.78","2015-01-11 00:00:00","1.24","54185.12","41272.69","66316.08","50818.2","15497.88","0","conventional","RaleighGreensboro"
"15","384192.52","101189.96","2015-09-13 00:00:00","1.24","220364.77","15102.86","47534.93","47530.56","4.37","0","conventional","Sacramento"
"37","382583.75","119295.38","2015-04-12 00:00:00","1.24","208546.45","13073.16","41668.76","41625.86","42.9","0","conventional","Sacramento"
"41","453589.67","173278.26","2015-03-15 00:00:00","1.24","189014.61","12217.98","79078.82","79057.76","8.42","12.64","conventional","Seattle"
"42","439846.35","170637.19","2015-03-08 00:00:00","1.24","190973.9","8269.01","69966.25","69941.69","8.24","16.32","conventional","Seattle"
"45","57869.58","24008.4","2015-02-15 00:00:00","1.24","22723.92","2683.92","8453.34","8319.63","133.71","0","conventional","Spokane"
"14","165255.03","77969.04","2015-09-20 00:00:00","1.24","37269.87","58.84","49957.28","47579.68","2357.32","20.28","conventional","StLouis"
"43","179277.41","93746.89","2015-03-01 00:00:00","1.24","39403.61","100.73","46026.18","46019.51","6.67","0","conventional","StLouis"
"50","235231.08","142237.71","2015-01-11 00:00:00","1.24","36017.93","56.25","56919.19","19605.39","37313.8","0","conventional","Tampa"
"1","144634.01","35761.88","2016-12-18 00:00:00","1.24","46276.63","7942.68","54652.82","44604.56","10048.26","0","conventional","Charlotte"
"9","594392.87","100519.86","2016-10-23 00:00:00","1.24","166315.87","19086.52","308470.62","67816.03","240555.98","98.61","conventional","Denver"
"13","274937.38","89632.07","2016-09-25 00:00:00","1.24","50863.12","8202.35","126239.84","124695.62","1542.45","1.77","conventional","Detroit"
"24","3327062.2","478536.66","2016-07-10 00:00:00","1.24","1500516.86","328564.87","1019443.81","686496.96","228290.63","104656.22","conventional","GreatLakes"
"20","267082.86","56263.05","2016-08-07 00:00:00","1.24","109039.94","538.07","101241.8","96274.55","1282.25","3685","conventional","HarrisburgScranton"
"26","277479.27","38571.49","2016-06-26 00:00:00","1.24","141142.92","592.96","97171.9","91756.81","984.7","4430.39","conventional","HarrisburgScranton"
"28","250231.06","43253.79","2016-06-12 00:00:00","1.24","114426.76","124.76","92425.75","85233.81","1541.94","5650","conventional","HarrisburgScranton"
"32","416264.79","5224.33","2016-05-15 00:00:00","1.24","353742.7","778.99","56518.77","55425.49","1053.23","40.05","conventional","HartfordSpringfield"
"12","75004.32","1351.94","2016-10-02 00:00:00","1.24","37151.83","487.06","36013.49","12611.79","23401.7","0","conventional","Louisville"
"21","86030.88","2355.37","2016-07-31 00:00:00","1.24","53669.84","1144.87","28860.8","13632","13603.6","1625.2","conventional","Louisville"
"23","516716.17","241386.54","2016-07-17 00:00:00","1.24","136077.96","190.34","139061.33","79192.74","43113.59","16755","conventional","MiamiFtLauderdale"
"24","566889.77","277354.34","2016-07-10 00:00:00","1.24","142734.5","151.43","146649.5","87649.94","46987.06","12012.5","conventional","MiamiFtLauderdale"
"4","129937.75","50379.42","2016-11-27 00:00:00","1.24","12290.64","177.21","67090.48","55387.15","11098.89","604.44","conventional","Nashville"
"42","1455656.4","18107.83","2016-03-06 00:00:00","1.24","1074827.27","2066.31","360654.99","317977.04","42677.95","0","conventional","NewYork"
"0","325634.21","12140.61","2016-12-25 00:00:00","1.24","257987.85","2878.28","52627.47","52623.03","4.44","0","conventional","NorthernNewEngland"
"50","343406.89","2398.06","2016-01-10 00:00:00","1.24","270035.12","11133.28","59840.43","59836.86","3.57","0","conventional","NorthernNewEngland"
"21","320002.63","137791.44","2016-07-31 00:00:00","1.24","80412.78","90.9","101707.51","59130.82","33276.69","9300","conventional","Orlando"
"28","293811.97","143222.68","2016-06-12 00:00:00","1.24","64910.71","142.01","85536.57","44014.87","32645.03","8876.67","conventional","Orlando"
"15","499659.75","73604.41","2016-09-11 00:00:00","1.24","218301.79","955.35","206798.2","197316.1","9482.1","0","conventional","Philadelphia"
"26","478874.92","15053.53","2016-06-26 00:00:00","1.24","279488.3","21092.23","163240.86","150878.19","9866.32","2496.35","conventional","Philadelphia"
"14","1641724.15","826479.75","2016-09-18 00:00:00","1.24","439168.23","5721.42","370354.75","326207.49","38375.04","5772.22","conventional","Plains"
"0","208041","57636.61","2016-12-25 00:00:00","1.24","63983.54","6997.22","79423.63","76469.05","2793.47","161.11","conventional","RaleighGreensboro"
"2","215138.05","77872.1","2016-12-11 00:00:00","1.24","51720.67","8646.12","76899.16","75275.83","1623.33","0","conventional","RaleighGreensboro"
"25","565017.74","163405.3","2016-07-03 00:00:00","1.24","303029.74","24533.11","74049.59","74049.59","0","0","conventional","Sacramento"
"49","732860.83","141712.96","2016-01-17 00:00:00","1.24","474840.29","36599.56","79708.02","79192.95","508.86","6.21","conventional","SanFrancisco"
"10","3233029.42","1219511.41","2016-10-16 00:00:00","1.24","791521.66","10217.86","1211778.49","420581.32","790113.56","1083.61","conventional","Southeast"
"40","72560.52","784.13","2016-03-20 00:00:00","1.24","46256.94","10.73","25508.72","25508.72","0","0","conventional","Syracuse"
"23","518682.51","285745.92","2017-07-23 00:00:00","1.24","65016.24","150.97","167769.38","115065.44","45903.96","6799.98","conventional","Atlanta"
"46","925574.66","190311.92","2017-02-12 00:00:00","1.24","538660.08","8822.74","187779.92","166227.16","19425.37","2127.39","conventional","BaltimoreWashington"
"44","599178.18","11751.2","2017-02-26 00:00:00","1.24","489161.87","5887.27","92377.84","88862.29","3515.55","0","conventional","Boston"
"31","182566.46","81187.49","2017-05-28 00:00:00","1.24","20819.14","1809.22","78750.61","56749.77","21930.47","70.37","conventional","Columbus"
"15","982833.04","562493.44","2017-09-17 00:00:00","1.24","181711.95","1213.92","237413.73","161740.2","75613.75","59.78","conventional","DallasFtWorth"
"43","3197341.66","563498.27","2017-03-05 00:00:00","1.24","1313704.16","195550.24","1124588.99","720629.17","364409.43","39550.39","conventional","GreatLakes"
"1","234520.01","63831.1","2017-12-24 00:00:00","1.24","66599.45","6232.61","97856.85","60969.97","36710.21","176.67","conventional","LasVegas"
"47","2544483.08","172265.9","2017-02-05 00:00:00","1.24","1744342.19","279630.35","348244.64","290463.93","50135.53","7645.18","conventional","NewYork"
"20","554390.58","8993.96","2017-08-13 00:00:00","1.24","476884.89","5005.47","63506.26","19689.02","39173.91","4643.33","conventional","NorthernNewEngland"
"35","479827.89","312135.12","2017-04-30 00:00:00","1.24","64372.82","47.64","103272.31","53232.75","50039.56","0","conventional","Orlando"
"48","364048.79","153528.1","2017-01-29 00:00:00","1.24","72365.95","196.49","137958.25","70535.42","67422.83","0","conventional","Orlando"
"14","685443.39","337495.18","2017-09-24 00:00:00","1.24","155470.63","2333.48","190144.1","132493.63","57632.7","17.77","conventional","PhoenixTucson"
"2","253164.73","79511.53","2017-12-17 00:00:00","1.24","70218.88","3459.14","99975.18","97660.72","2310.02","4.44","conventional","RaleighGreensboro"
"27","297426.95","92985.13","2017-06-25 00:00:00","1.24","87499.38","6296.21","110646.23","105884.61","1991.62","2770","conventional","RaleighGreensboro"
"5","163351","43700","2017-11-26 00:00:00","1.24","63665","1021","54964","51601","3363","0","conventional","RichmondNorfolk"
"36","146324.59","27263.3","2017-04-23 00:00:00","1.24","41988.7","75.47","76997.12","73624.88","3372.24","0","conventional","Roanoke"
"5","384465","146577","2017-11-26 00:00:00","1.24","114715","17443","105730","93366","9153","3211","conventional","SanDiego"
"20","499110.51","188851.61","2017-08-13 00:00:00","1.24","165179.35","23999.56","121079.99","113037.67","7028.31","1014.01","conventional","SanDiego"
"42","445311.34","157513.94","2017-03-12 00:00:00","1.24","139859.05","22386","125552.35","122585.47","1039.66","1927.22","conventional","SanDiego"
"25","380517.93","171133.29","2017-07-09 00:00:00","1.24","76166.58","2472.14","130745.92","94038.84","26927.08","9780","conventional","SouthCarolina"
"17","4677784.49","2610726.8","2017-09-03 00:00:00","1.24","799483.48","11103.09","1256471.12","925948.98","319844.34","10677.8","conventional","SouthCentral"
"35","4698266.8","2790480.21","2017-04-30 00:00:00","1.24","656888.72","4042.59","1246855.28","695716.33","513525.29","37613.66","conventional","Southeast"
"3","59965.39","2531.03","2017-12-10 00:00:00","1.24","34341.79","32.29","23060.28","19843.38","3216.9","0","conventional","Syracuse"
"50","425887.79","176596.61","2017-01-15 00:00:00","1.24","89720.14","152.26","159418.78","81860.82","77557.96","0","conventional","Tampa"
"5","24686675","9175316","2017-11-26 00:00:00","1.24","7312239","379637","7819483","5571801","2156887","90795","conventional","TotalUS"
"30","37352360.59","13248334.78","2017-06-04 00:00:00","1.24","10157565.24","667066.51","13279394.06","10103007.01","2946264.52","230122.53","conventional","TotalUS"
"40","32555119.32","11737559.6","2017-03-26 00:00:00","1.24","9664310.82","611105.54","10542143.36","8498317.81","1844371.94","199453.61","conventional","TotalUS"
"4","281655.48","63582.79","2018-02-25 00:00:00","1.24","127685.46","166.92","90220.31","78774.1","9426.21","2020","conventional","HarrisburgScranton"
"4","3349766.24","786103.03","2018-02-25 00:00:00","1.24","1219846.07","25950.6","1317866.54","1104688","201778.2","11400.34","conventional","Midsouth"
"5","1413687.38","87283.86","2018-02-18 00:00:00","1.24","909950.56","885.94","415567.02","392965.43","20809.09","1792.5","conventional","NewYork"
"6","5694136.21","565852.47","2018-02-11 00:00:00","1.24","3782154.05","14275.87","1331853.82","1134698.11","186733.68","10422.03","conventional","Northeast"
"5","443312.68","67616.46","2018-02-18 00:00:00","1.24","233345.32","236.22","142114.68","117913.98","22366.81","1833.89","conventional","Philadelphia"
"0","362959.17","91484.37","2018-03-25 00:00:00","1.24","120803.28","5307.11","145364.41","139121.67","6242.74","0","conventional","RaleighGreensboro"
"3","459124.87","144401.02","2018-03-04 00:00:00","1.24","122241.79","18028.76","174453.3","165182.9","6458.18","2812.22","conventional","SanDiego"
"10","423919.68","190128.64","2018-01-14 00:00:00","1.24","82399.03","3424.35","147967.66","105934.11","39865.79","2167.76","conventional","SouthCarolina"
"8","208484.39","97083.74","2018-01-28 00:00:00","1.24","7111.09","464.04","103825.52","81101.21","22724.31","0","conventional","StLouis"
"4","68888.16","7676.62","2018-02-25 00:00:00","1.24","31987.77","94.31","29129.46","20766.25","8363.21","0","conventional","Syracuse"
"49","195207.6","123138.29","2015-01-18 00:00:00","1.24","58616.16","0","13453.15","13453.15","0","0","organic","California"
"51","142349.77","107490.73","2015-01-04 00:00:00","1.24","25711.96","2.93","9144.15","9144.15","0","0","organic","California"
"43","10963.48","271.44","2015-03-01 00:00:00","1.24","9758.15","0","933.89","696.67","237.22","0","organic","CincinnatiDayton"
"46","10351.99","225.93","2015-02-08 00:00:00","1.24","8949.13","0","1176.93","963.33","213.6","0","organic","CincinnatiDayton"
"47","12276.58","6669.52","2015-02-01 00:00:00","1.24","1653.73","0","3953.33","3953.33","0","0","organic","DallasFtWorth"
"23","11938.2","447.33","2015-07-19 00:00:00","1.24","6816.25","0","4674.62","270","4404.62","0","organic","Detroit"
"39","9207.99","7514.43","2015-03-29 00:00:00","1.24","836.89","0","856.67","856.67","0","0","organic","Houston"
"40","11997.73","9802.17","2015-03-22 00:00:00","1.24","1065.56","0","1130","1130","0","0","organic","Houston"
"48","11398.91","9698.27","2015-01-25 00:00:00","1.24","893.97","0","806.67","806.67","0","0","organic","Houston"
"29","2299.74","14.16","2015-06-07 00:00:00","1.24","972.02","0","1313.56","437.41","876.15","0","organic","Louisville"
"32","130073.74","9323.58","2015-05-17 00:00:00","1.24","71859.63","19399.4","29491.13","20651.92","8839.21","0","organic","Midsouth"
"0","27118.17","1189.96","2015-12-27 00:00:00","1.24","10909.14","10.05","15009.02","6705.83","8303.19","0","organic","Portland"
"49","51904.44","11894.56","2015-01-18 00:00:00","1.24","30078.32","4.7","9926.86","303.33","9623.53","0","organic","Portland"
"29","9207.05","290.65","2015-06-07 00:00:00","1.24","3796.02","435.65","4684.73","1820","2864.73","0","organic","RichmondNorfolk"
"34","378778.68","208996.22","2015-05-03 00:00:00","1.24","121444.88","242.71","48094.87","10896.11","37198.76","0","organic","West"
"47","1660.38","23.98","2016-01-31 00:00:00","1.24","425.27","0","1211.13","223.33","987.8","0","organic","Boise"
"34","225346.56","16747.64","2016-05-01 00:00:00","1.24","132440.93","0","76157.99","76042.95","115.04","0","organic","California"
"29","42580.14","105.86","2016-06-05 00:00:00","1.24","41327.69","0","1146.59","1146.59","0","0","organic","Chicago"
"30","14695.59","459.73","2016-05-29 00:00:00","1.24","8442.84","0","5793.02","923.63","4869.39","0","organic","CincinnatiDayton"
"39","30425.9","8689.45","2016-03-27 00:00:00","1.24","2179.12","25.57","19531.76","659.66","18872.1","0","organic","Denver"
"48","13050.86","1591.6","2016-01-24 00:00:00","1.24","5173.38","0","6285.88","736.67","5549.21","0","organic","Detroit"
"30","161868.25","3502.16","2016-05-29 00:00:00","1.24","119123.75","163.81","39078.53","15448.47","23630.06","0","organic","GreatLakes"
"40","131022.13","3227.12","2016-03-20 00:00:00","1.24","75092.85","6.13","52696.03","11483.08","41212.95","0","organic","GreatLakes"
"39","12911.19","5639.73","2016-03-27 00:00:00","1.24","450.28","0","6821.18","4669.85","2151.33","0","organic","Houston"
"45","14196.18","6478.08","2016-02-14 00:00:00","1.24","52.39","0","7665.71","5084.44","2581.27","0","organic","Houston"
"45","3182.4","368.91","2016-02-14 00:00:00","1.24","1277.17","0","1536.32","590","946.32","0","organic","Indianapolis"
"10","2470.03","12.88","2016-10-16 00:00:00","1.24","1256.9","0","1200.25","170","1030.25","0","organic","Louisville"
"26","3244.63","0","2016-06-26 00:00:00","1.24","1754.77","0","1489.86","123.33","1366.53","0","organic","Louisville"
"25","6525.8","1109.37","2016-07-03 00:00:00","1.24","55.4","0","5361.03","5321.03","40","0","organic","MiamiFtLauderdale"
"51","15211.54","7202.5","2016-01-03 00:00:00","1.24","76.06","0","7932.98","4887.58","3045.4","0","organic","MiamiFtLauderdale"
"15","10718.92","95.49","2016-09-11 00:00:00","1.24","3700.54","275.86","6647.03","3156.59","3490.44","0","organic","RichmondNorfolk"
"51","5024.11","81.06","2016-01-03 00:00:00","1.24","2303.95","0","2639.1","476.28","2162.82","0","organic","Roanoke"
"26","12445.56","1132.67","2016-06-26 00:00:00","1.24","2938.21","603.44","7771.24","5690.33","2080.91","0","organic","SouthCarolina"
"6","144227.54","38610.17","2016-11-13 00:00:00","1.24","4360.85","0","101256.52","92828","8428.52","0","organic","SouthCentral"
"41","86860.92","33069.76","2016-03-13 00:00:00","1.24","7254.38","0","46536.78","39531.89","7004.89","0","organic","SouthCentral"
"43","89262.56","28679.61","2016-02-28 00:00:00","1.24","6947.04","2.79","53633.12","38914.83","14718.29","0","organic","SouthCentral"
"21","4221.4","22.71","2016-07-31 00:00:00","1.24","82.02","0","4116.67","4060","56.67","0","organic","Tampa"
"38","26121.58","11723.26","2017-04-09 00:00:00","1.24","530.28","0","13868.04","13741.99","126.05","0","organic","DallasFtWorth"
"35","42857.03","24513.67","2017-04-30 00:00:00","1.24","3402.45","97.18","14843.73","14722.9","120.83","0","organic","Denver"
"45","4037.72","111","2017-02-19 00:00:00","1.24","1233.6","0","2693.12","1370.45","1322.67","0","organic","Indianapolis"
"52","3707.67","245.43","2017-01-01 00:00:00","1.24","38.31","2.39","3421.54","910","2511.54","0","organic","Jacksonville"
"38","17575.92","1623.51","2017-04-09 00:00:00","1.24","3932.58","0","12019.83","11935.27","84.56","0","organic","LasVegas"
"45","9098.81","522.24","2017-02-19 00:00:00","1.24","3373.76","263.72","4939.09","2202.97","2736.12","0","organic","RichmondNorfolk"
"37","10898.43","382.64","2017-04-16 00:00:00","1.24","2457.06","0","8058.73","2881.64","5177.09","0","organic","Roanoke"
"0","82749.14","1450.69","2017-12-31 00:00:00","1.24","29692","23.44","51583.01","1469.39","50019.56","94.06","organic","Seattle"
"40","11292.61","1579.74","2017-03-26 00:00:00","1.24","513.18","0","9199.69","903.33","8296.36","0","organic","StLouis"
"41","274558.89","38225.62","2017-03-19 00:00:00","1.24","50707.86","64.73","185560.68","106162.68","79398","0","organic","West"
"43","25777.67","2208.27","2017-02-19 00:00:00","1.24","5671.84","35.6","17861.96","17821.27","40.69","0","organic","WestTexNewMexico"
"2","12744.6","763.9","2018-03-11 00:00:00","1.24","91.2","0","11889.5","1124.44","10765.06","0","organic","BuffaloRochester"
"30","95123.62","922.37","2015-05-31 00:00:00","1.23","70469.69","50.55","23681.01","23222.49","458.52","0","conventional","Albany"
"49","657741.34","49947.16","2015-01-18 00:00:00","1.23","393359.6","40576.08","173858.5","169390.88","4467.62","0","conventional","BaltimoreWashington"
"44","355432.28","3232.68","2015-02-22 00:00:00","1.23","251341.3","142.33","100715.97","100498.19","217.78","0","conventional","Boston"
"49","401331.33","4383.76","2015-01-18 00:00:00","1.23","287778.52","132.53","109036.52","108668.74","367.78","0","conventional","Boston"
"3","108457.82","1737.71","2015-12-06 00:00:00","1.23","58197.34","167.12","48355.65","48355.65","0","0","conventional","BuffaloRochester"
"8","118541.11","2181.17","2015-11-01 00:00:00","1.23","61874.92","186.4","54298.62","52956.4","1342.22","0","conventional","BuffaloRochester"
"22","173896.82","30901.1","2015-07-26 00:00:00","1.23","39607.94","39260.71","64127.07","62053.65","2073.42","0","conventional","Charlotte"
"39","178788.49","34498.06","2015-03-29 00:00:00","1.23","50741.07","40688.42","52860.94","51856.01","1004.93","0","conventional","Charlotte"
"31","887105.04","57568.25","2015-05-24 00:00:00","1.23","611797.34","113475.77","104263.68","101615.53","2639.11","9.04","conventional","Chicago"
"32","817870.17","54087.8","2015-05-17 00:00:00","1.23","569043.02","109205.15","85534.2","82689.93","2813.47","30.8","conventional","Chicago"
"33","835938.63","55587.31","2015-05-10 00:00:00","1.23","545784.15","141250.98","93316.19","88847.94","4468.25","0","conventional","Chicago"
"36","434025.46","306881.48","2015-04-19 00:00:00","1.23","38958.56","41.04","88144.38","58121.16","30023.22","0","conventional","MiamiFtLauderdale"
"1","1139347.98","13998.35","2015-12-20 00:00:00","1.23","867406.68","803.83","257139.12","212615.2","44523.92","0","conventional","NewYork"
"9","1048045.86","18035.94","2015-10-25 00:00:00","1.23","790163.44","540.63","239305.85","192750.44","46555.41","0","conventional","NewYork"
"11","3307828.65","88376.7","2015-10-11 00:00:00","1.23","2383018.56","4364.98","832068.41","721415.51","110651.17","1.73","conventional","Northeast"
"47","4298883.17","133613","2015-02-01 00:00:00","1.23","3149375.34","9191.41","1006703.42","896750.09","109953.33","0","conventional","Northeast"
"19","372516","2067.21","2015-08-16 00:00:00","1.23","304465.27","775","65208.52","65208.52","0","0","conventional","NorthernNewEngland"
"15","221548.25","113374.88","2015-09-13 00:00:00","1.23","51291.97","43.61","56837.79","37653.91","19183.88","0","conventional","Orlando"
"19","240185.69","128769.54","2015-08-16 00:00:00","1.23","46941.6","91.62","64382.93","45260.21","19122.72","0","conventional","Orlando"
"32","243265.56","168886.63","2015-05-17 00:00:00","1.23","19797.32","173.63","54407.98","38066.02","16341.96","0","conventional","Orlando"
"33","257032.99","185586.2","2015-05-10 00:00:00","1.23","19590.84","138.92","51717.03","35990.16","15726.87","0","conventional","Orlando"
"35","257307.97","179052.54","2015-04-26 00:00:00","1.23","21351.58","93.98","56809.87","38167.83","18294.82","347.22","conventional","Orlando"
"36","231777.27","157931.42","2015-04-19 00:00:00","1.23","18812.23","205.89","54827.73","35504.7","19323.03","0","conventional","Orlando"
"46","204396.56","137587.02","2015-02-08 00:00:00","1.23","24318.2","99.17","42392.17","18229.35","24162.82","0","conventional","Orlando"
"4","275091.78","11335.64","2015-11-29 00:00:00","1.23","195284.31","533.71","67938.12","62262.05","5676.07","0","conventional","Philadelphia"
"5","320058.33","12680.14","2015-11-22 00:00:00","1.23","226193.52","591.76","80592.91","74840.49","5752.42","0","conventional","Philadelphia"
"10","70132.85","1700.52","2015-10-18 00:00:00","1.23","43226.31","1465.61","23740.41","13949.01","9791.4","0","conventional","Pittsburgh"
"19","87687.64","1314.23","2015-08-16 00:00:00","1.23","53769.39","1381.07","31222.95","21335.31","9887.64","0","conventional","Pittsburgh"
"25","115579.5","1635.6","2015-07-05 00:00:00","1.23","67122.02","5316.06","41505.82","31488.54","10017.28","0","conventional","Pittsburgh"
"40","68499.85","2604.56","2015-03-22 00:00:00","1.23","46711","1370.01","17814.28","10044.46","7769.82","0","conventional","Pittsburgh"
"41","71906.75","2450.87","2015-03-15 00:00:00","1.23","44600.81","1291.66","23563.41","17661.43","5901.98","0","conventional","Pittsburgh"
"45","363889.04","140491.93","2015-02-15 00:00:00","1.23","153003.62","16459.01","53934.48","51454.09","2472.63","7.76","conventional","Portland"
"10","217581.17","49804.3","2015-10-18 00:00:00","1.23","64754.24","53069.24","49953.39","48619.54","1333.85","0","conventional","RaleighGreensboro"
"19","241120.74","50360.32","2015-08-16 00:00:00","1.23","59216.72","47919.71","83623.99","83231.2","392.79","0","conventional","RaleighGreensboro"
"20","234070.7","42925.31","2015-08-09 00:00:00","1.23","65067.83","44441.11","81636.45","81028.63","607.82","0","conventional","RaleighGreensboro"
"39","238992.24","56270.21","2015-03-29 00:00:00","1.23","71237.73","44155","67329.3","66273.35","1055.95","0","conventional","RaleighGreensboro"
"24","411928.38","130109.66","2015-07-12 00:00:00","1.23","218611.12","6078.13","57129.47","56976.69","0","152.78","conventional","Sacramento"
"38","404333.75","120613.18","2015-04-05 00:00:00","1.23","214547.09","15099.24","54074.24","54049.06","25.18","0","conventional","Sacramento"
"36","818816.7","134592.31","2015-04-19 00:00:00","1.23","584922.85","25208.79","74092.75","72532.18","1560.57","0","conventional","SanFrancisco"
"44","776336.17","165066.61","2015-02-22 00:00:00","1.23","502502.44","27811.91","80955.21","80088.91","823.33","42.97","conventional","SanFrancisco"
"45","696515.27","176265.06","2015-02-15 00:00:00","1.23","414826.51","27243.31","78180.39","77306.88","824.45","49.06","conventional","SanFrancisco"
"12","151219.39","64603.33","2015-10-04 00:00:00","1.23","36643.05","51.42","49921.59","46870.06","3051.53","0","conventional","StLouis"
"45","169118.65","88022.48","2015-02-15 00:00:00","1.23","33530.37","41.17","47524.63","47493.52","31.11","0","conventional","StLouis"
"7","55560.09","645.86","2015-11-08 00:00:00","1.23","37788.65","12.84","17112.74","16690.52","422.22","0","conventional","Syracuse"
"22","59947.27","878.02","2015-07-26 00:00:00","1.23","41541.46","334.92","17192.87","17192.87","0","0","conventional","Syracuse"
"9","422281.05","171215.14","2016-10-23 00:00:00","1.23","67824.33","166.14","183075.44","110435.47","72639.97","0","conventional","Atlanta"
"11","452109.18","187260.61","2016-10-09 00:00:00","1.23","69425.23","156.52","195266.82","95659.91","99113.85","493.06","conventional","Atlanta"
"27","169756.02","1776.91","2016-06-19 00:00:00","1.23","80406.95","57.85","87514.31","84829.31","0","2685","conventional","BuffaloRochester"
"25","974278.32","55651.48","2016-07-03 00:00:00","1.23","584813.49","184518.62","149294.73","143295.47","378.93","5620.33","conventional","Chicago"
"5","2637621.79","482408.81","2016-11-20 00:00:00","1.23","1176230.69","109089.43","869892.86","583552.66","283781.81","2558.39","conventional","GreatLakes"
"25","287688.42","41551.5","2016-07-03 00:00:00","1.23","129783.55","762.14","115591.23","103961.69","867.73","10761.81","conventional","HarrisburgScranton"
"29","267225.88","40843.23","2016-06-05 00:00:00","1.23","134735.41","191.75","91455.49","84588.68","5236.81","1630","conventional","HarrisburgScranton"
"20","151751.97","70054.07","2016-08-07 00:00:00","1.23","30914.44","331.08","50452.38","21944.34","24593.04","3915","conventional","Jacksonville"
"21","152777.16","67403.11","2016-07-31 00:00:00","1.23","31854.3","440.28","53079.47","25243.34","23054.74","4781.39","conventional","Jacksonville"
"9","2133563.24","768315.72","2016-10-23 00:00:00","1.23","427296.47","44807.45","893143.6","840269.44","32386.79","20487.37","conventional","LosAngeles"
"9","75593.36","1616.09","2016-10-23 00:00:00","1.23","37427.37","314.87","36235.03","10839.29","25395.74","0","conventional","Louisville"
"18","565825.46","296954.65","2016-08-21 00:00:00","1.23","128877.47","95.35","139897.99","82057.39","51085.6","6755","conventional","MiamiFtLauderdale"
"0","2180512.1","461611.36","2016-12-25 00:00:00","1.23","873785.28","33980.02","811135.44","680183.89","126818.99","4132.56","conventional","Midsouth"
"39","4239016.69","99223.9","2016-03-27 00:00:00","1.23","2932815.39","104253.64","1102723.76","1021991.63","80732.13","0","conventional","Northeast"
"10","311363.97","104391.1","2016-10-16 00:00:00","1.23","87927.74","151.73","118893.4","24825.29","94068.11","0","conventional","Orlando"
"20","327167.52","143759.32","2016-08-07 00:00:00","1.23","84662.03","114.73","98631.44","52784.9","35583.76","10262.78","conventional","Orlando"
"50","413224.5","14091.36","2016-01-10 00:00:00","1.23","271291.13","700.17","127141.84","115949.34","11192.5","0","conventional","Philadelphia"
"16","93887.78","18723.14","2016-09-04 00:00:00","1.23","37833.25","1349.45","35981.94","34860.32","902.45","219.17","conventional","Pittsburgh"
"44","84755.36","1353.29","2016-02-21 00:00:00","1.23","57902.7","1371.78","24127.59","18779.08","5348.51","0","conventional","Pittsburgh"
"50","110155.55","1767.42","2016-01-10 00:00:00","1.23","67788.68","1611.68","38987.77","23259.21","15711.89","16.67","conventional","Pittsburgh"
"5","455618.12","80040.96","2016-11-20 00:00:00","1.23","114101.18","13948.69","247527.29","246808.48","500.84","217.97","conventional","Portland"
"11","118935.46","46103.44","2016-10-09 00:00:00","1.23","34296.85","198.7","38336.47","35482.55","2853.92","0","conventional","Roanoke"
"3","531803.4","75095.01","2016-12-04 00:00:00","1.23","131322.74","196.84","325188.81","324725.56","191.83","271.42","conventional","Seattle"
"11","556874.5","74612.15","2016-10-09 00:00:00","1.23","138352.51","2177.05","341732.79","309380.23","31923.27","429.29","conventional","Seattle"
"9","79477.96","8981.32","2016-10-23 00:00:00","1.23","34481.19","19.05","35996.4","35886.49","44.63","65.28","conventional","Spokane"
"11","69593.63","980.44","2016-10-09 00:00:00","1.23","46378.32","56.22","22178.65","22178.65","0","0","conventional","Syracuse"
"32","71440","1015.43","2016-05-15 00:00:00","1.23","41631.44","695.37","28097.76","28097.76","0","0","conventional","Syracuse"
"33","85623.78","1143.94","2016-05-08 00:00:00","1.23","51234.94","411.23","32833.67","32833.67","0","0","conventional","Syracuse"
"28","311068.54","136835.25","2016-06-12 00:00:00","1.23","76895.26","50.3","97287.73","57317.02","29525.43","10445.28","conventional","Tampa"
"12","29615008.49","9534915.56","2016-10-02 00:00:00","1.23","9123897.74","490123.01","10466072.18","7408765.9","2981275.76","76030.52","conventional","TotalUS"
"21","31201590.22","10168972.37","2016-07-31 00:00:00","1.23","10423957.83","783937.09","9824722.93","8193011.02","1431744.52","199967.39","conventional","TotalUS"
"31","523993.71","273538.26","2017-05-28 00:00:00","1.23","50236.52","354.25","199864.68","131064.06","57827.85","10972.77","conventional","Atlanta"
"38","465350.2","223170.21","2017-04-09 00:00:00","1.23","48912.66","124.1","193143.23","107369.32","78978.91","6795","conventional","Atlanta"
"7","81827","37876","2017-11-12 00:00:00","1.23","2047","4630","37274","32441","4811","21","conventional","Boise"
"7","639092","15689","2017-11-12 00:00:00","1.23","533027","5720","84655","74568","10086","0","conventional","Boston"
"5","102658","6353","2017-11-26 00:00:00","1.23","50509","26","45769","40451","5319","0","conventional","BuffaloRochester"
"50","776820.81","78836.36","2017-01-15 00:00:00","1.23","480071.92","142550.33","75362.2","67302.01","1595.12","6465.07","conventional","Chicago"
"5","165103","3566","2017-11-26 00:00:00","1.23","62154","475","98908","15934","82960","14","conventional","CincinnatiDayton"
"19","211279.9","93230.93","2017-08-20 00:00:00","1.23","20982.37","988.74","96077.86","88136.74","7448.32","492.8","conventional","Columbus"
"39","174975.95","75024.52","2017-04-02 00:00:00","1.23","25021.32","1682.51","73247.6","70290.37","2942.03","15.2","conventional","Columbus"
"17","1043009.46","589764.93","2017-09-03 00:00:00","1.23","185508.07","1205.42","266531.04","188278.36","76730.16","1522.52","conventional","DallasFtWorth"
"32","750701.05","145486.51","2017-05-21 00:00:00","1.23","205774.79","16548.73","382891.02","90426.22","292464.8","0","conventional","Denver"
"33","781305.34","166017.34","2017-05-14 00:00:00","1.23","223913.99","18080.9","373293.11","215216.26","158076.85","0","conventional","Denver"
"37","813466.54","164060.81","2017-04-16 00:00:00","1.23","178842.29","23776.1","446787.34","103004.69","343777.65","5","conventional","Denver"
"6","2983690","581511","2017-11-19 00:00:00","1.23","991256","155562","1255362","810002","438664","6697","conventional","GreatLakes"
"45","139949.65","72634.25","2017-02-19 00:00:00","1.23","18683.75","89.88","48541.77","19864.06","28137.71","540","conventional","Jacksonville"
"9","102915.21","3751.03","2017-10-29 00:00:00","1.23","44115.78","56.48","54991.92","13041.14","41950.78","0","conventional","Louisville"
"6","642013","418092","2017-11-19 00:00:00","1.23","65920","2026","155975","80040","75936","0","conventional","MiamiFtLauderdale"
"2","2483817.57","586473.42","2017-12-17 00:00:00","1.23","918892.91","16966.89","961484.35","853140.03","106279.96","2064.36","conventional","Midsouth"
"50","3034320.24","693675.19","2017-01-15 00:00:00","1.23","1293221.45","43787.1","1003636.5","876946.57","125271.44","1418.49","conventional","Midsouth"
"47","6724196.61","624600.42","2017-02-05 00:00:00","1.23","4684187.02","375904.92","1039504.25","943595.66","84785.68","11122.91","conventional","Northeast"
"34","544200.61","8809.36","2017-05-07 00:00:00","1.23","334984.45","4090.47","196316.33","41452.28","154825.16","38.89","conventional","NorthernNewEngland"
"3","575854.08","23492.14","2017-12-10 00:00:00","1.23","418502.09","518.51","133341.34","113064.75","20276.59","0","conventional","Philadelphia"
"6","187293","48360","2017-11-19 00:00:00","1.23","70014","1097","67821","64562","3227","32","conventional","RichmondNorfolk"
"30","151097.89","35865.04","2017-06-04 00:00:00","1.23","51698.26","76.74","63457.85","58885.96","4011.89","560","conventional","Roanoke"
"41","141618.19","28859.6","2017-03-19 00:00:00","1.23","52182.42","79.96","60496.21","59561.05","935.16","0","conventional","Roanoke"
"7","442150","120349","2017-11-12 00:00:00","1.23","268009","984","52808","48720","546","3542","conventional","Sacramento"
"26","584480.72","200562.02","2017-07-02 00:00:00","1.23","165727.23","23222.54","194968.93","191413.75","47.57","3507.61","conventional","SanDiego"
"50","848267.19","211588.95","2017-01-15 00:00:00","1.23","566260.12","2752.49","67665.63","60288.11","5710.02","1667.5","conventional","SanFrancisco"
"6","295766","136349","2017-11-19 00:00:00","1.23","49469","2736","107212","81408","23870","1933","conventional","SouthCarolina"
"7","340345","165782","2017-11-12 00:00:00","1.23","55018","2954","116591","90110","24929","1552","conventional","SouthCarolina"
"9","3856643.75","2294505.56","2017-10-29 00:00:00","1.23","395328.65","9660.73","1157148.81","722262.44","425157.58","9728.79","conventional","Southeast"
"6","152206","70695","2017-11-19 00:00:00","1.23","6761","374","74375","58388","15987","0","conventional","StLouis"
"31","220314.55","79848.31","2017-05-28 00:00:00","1.23","14664.64","490.82","125310.78","102547.24","17838.96","4924.58","conventional","StLouis"
"44","369337.81","209754.73","2017-02-26 00:00:00","1.23","61504.6","54.62","98023.86","60609.67","37414.19","0","conventional","Tampa"
"37","35182320.78","12311055.17","2017-04-16 00:00:00","1.23","10069354.29","650017.26","12151894.06","9399104.79","2544942.74","207846.53","conventional","TotalUS"
"9","5130982.78","1612273.73","2017-10-29 00:00:00","1.23","1432411.64","88098.88","1998198.53","1043034.52","950954.44","4209.57","conventional","West"
"0","986038.75","108250.52","2018-03-25 00:00:00","1.23","591934.75","4205.03","281648.45","277508.08","2777.04","1363.33","conventional","BaltimoreWashington"
"4","151330.38","12862.56","2018-02-25 00:00:00","1.23","69046.27","64.77","69356.78","43442.45","25218.77","695.56","conventional","BuffaloRochester"
"3","1931495.66","62328.7","2018-03-04 00:00:00","1.23","1324579.73","754.74","543832.49","511679.31","29854.29","2298.89","conventional","NewYork"
"8","5680957.63","418911.03","2018-01-28 00:00:00","1.23","3730287.55","8112.22","1523646.83","1278588.12","242866.49","2192.22","conventional","Northeast"
"8","537883.88","90381.5","2018-01-28 00:00:00","1.23","256525.12","390.07","190587.19","183977.34","6289.85","320","conventional","Philadelphia"
"2","134625.32","40798.11","2018-03-11 00:00:00","1.23","15527.17","1089.04","77211","48023.13","29181.2","6.67","conventional","Pittsburgh"
"3","120612.82","35950.34","2018-03-04 00:00:00","1.23","14351.56","954.03","69356.89","43202.37","26151.19","3.33","conventional","Pittsburgh"
"8","119606.35","37562.68","2018-01-28 00:00:00","1.23","19312.87","1415.85","61314.95","42492.34","18822.61","0","conventional","Pittsburgh"
"5","447962.28","152250.41","2018-02-18 00:00:00","1.23","119244.74","18614.87","157852.26","147616.58","7409.57","2826.11","conventional","SanDiego"
"0","4454904.4","2489234.81","2018-03-25 00:00:00","1.23","333310.56","18460.82","1613898.21","1117431.16","484934.57","11532.48","conventional","Southeast"
"4","4302561.08","2378306.98","2018-02-25 00:00:00","1.23","346795.18","16966.25","1560492.67","1104205.56","445832.46","10454.65","conventional","Southeast"
"5","4082887.98","2267185.54","2018-02-18 00:00:00","1.23","315802.19","16241.89","1483658.36","996473.57","475690.59","11494.2","conventional","Southeast"
"44","11254.29","258.35","2015-02-22 00:00:00","1.23","9998.18","0","997.76","403.33","594.43","0","organic","CincinnatiDayton"
"33","46949.06","19400.27","2015-05-10 00:00:00","1.23","8573.27","45.43","18930.09","3274.03","15656.06","0","organic","Denver"
"30","9890.95","8711.9","2015-05-31 00:00:00","1.23","189.05","0","990","990","0","0","organic","Houston"
"3","43059.51","9738.84","2015-12-06 00:00:00","1.23","11520.76","1.57","21798.34","21632.95","165.39","0","organic","LosAngeles"
"48","38078.07","28037.64","2015-01-25 00:00:00","1.23","1355.8","0","8684.63","8684.63","0","0","organic","LosAngeles"
"23","7731.85","266.76","2015-07-19 00:00:00","1.23","4409.88","0","3055.21","1228.95","1826.26","0","organic","Nashville"
"25","7148.26","338.26","2015-07-05 00:00:00","1.23","4695.24","0","2114.76","326.67","1788.09","0","organic","Nashville"
"46","57669.71","16202.53","2015-02-08 00:00:00","1.23","32480.02","6.22","8980.94","710","8270.94","0","organic","Portland"
"37","6492.79","344.8","2015-04-12 00:00:00","1.23","3395.88","524.9","2227.21","915.26","1311.95","0","organic","RichmondNorfolk"
"1","11727.34","1099.57","2015-12-20 00:00:00","1.23","5048.8","0","5578.97","592.32","4986.65","0","organic","SanDiego"
"51","19089.36","17522.46","2015-01-04 00:00:00","1.23","735.22","2.87","828.81","828.81","0","0","organic","SanDiego"
"5","3886.59","96.19","2015-11-22 00:00:00","1.23","1743.54","0","2046.86","6.67","2040.19","0","organic","Spokane"
"8","242525.92","37553.46","2015-11-01 00:00:00","1.23","78353.97","535.26","126083.23","25674.73","100408.5","0","organic","West"
"19","7117.91","20.93","2016-08-14 00:00:00","1.23","589.79","0","6507.19","6502.36","4.83","0","organic","Boston"
"10","16206.87","660.88","2016-10-16 00:00:00","1.23","6583.77","0","8962.22","1830.5","7131.72","0","organic","CincinnatiDayton"
"40","7457.89","315.11","2016-03-20 00:00:00","1.23","3453.23","4.32","3685.23","408.25","3276.98","0","organic","Columbus"
"27","160564.92","4587.03","2016-06-19 00:00:00","1.23","89031.53","140.23","66806.13","17993.87","48812.26","0","organic","GreatLakes"
"23","114343.02","14443.34","2016-07-17 00:00:00","1.23","30091.66","3.18","69804.84","69782.74","22.1","0","organic","LosAngeles"
"25","116296.31","16982.26","2016-07-03 00:00:00","1.23","37943.18","6.32","61364.55","59745.31","1619.24","0","organic","LosAngeles"
"27","110087.71","15800.4","2016-06-19 00:00:00","1.23","36039.49","11.01","58236.81","58189.62","47.19","0","organic","LosAngeles"
"1","2237.49","2.53","2016-12-18 00:00:00","1.23","928.65","0","1306.31","433.33","872.98","0","organic","Louisville"
"17","3998.13","7.91","2016-08-28 00:00:00","1.23","2027.99","0","1962.23","460","1502.23","0","organic","Louisville"
"27","49843.09","7923.86","2016-06-19 00:00:00","1.23","26690.89","18.5","15209.84","1979.12","13230.72","0","organic","Portland"
"41","6650.92","269.77","2016-03-13 00:00:00","1.23","2965.04","245.79","3170.32","1382.53","1787.79","0","organic","RichmondNorfolk"
"37","19988.34","1574.7","2016-04-10 00:00:00","1.23","9821.03","0","8592.61","6862.17","1730.44","0","organic","SanDiego"
"25","11068.68","908.7","2016-07-03 00:00:00","1.23","3010.9","683.06","6466.02","4096.13","2369.89","0","organic","SouthCarolina"
"40","79411.38","27908.44","2016-03-20 00:00:00","1.23","6978.58","11.26","44513.1","35287.48","9225.62","0","organic","SouthCentral"
"11","8098.83","320.93","2016-10-09 00:00:00","1.23","1234.08","0","6543.82","1153.33","5390.49","0","organic","StLouis"
"12","6734.06","572.55","2016-10-02 00:00:00","1.23","704.25","0","5457.26","892.77","4564.49","0","organic","StLouis"
"1","173890.1","27404.62","2016-12-18 00:00:00","1.23","34331.66","185.11","111968.71","27269.38","84699.33","0","organic","West"
"47","216330.45","26543.86","2016-01-31 00:00:00","1.23","55055.64","81.03","134649.92","46628.66","88021.26","0","organic","West"
"41","11754.42","1756.42","2017-03-19 00:00:00","1.23","4656.72","0","5341.28","125.41","5215.87","0","organic","Atlanta"
"36","3316.33","11.93","2017-04-23 00:00:00","1.23","570.15","0","2734.25","340.94","2393.31","0","organic","Boise"
"37","3493.39","35.67","2017-04-16 00:00:00","1.23","568.06","0","2889.66","374.5","2515.16","0","organic","Boise"
"52","10798.25","351.72","2017-01-01 00:00:00","1.23","8558.19","0","1888.34","293.33","1595.01","0","organic","CincinnatiDayton"
"49","4964.5","296.3","2017-01-22 00:00:00","1.23","67.34","20.81","4580.05","1396.67","3183.38","0","organic","Jacksonville"
"47","17104.45","1662.7","2017-02-05 00:00:00","1.23","4924.57","0","10517.18","10505.41","11.77","0","organic","LasVegas"
"48","4472.77","255.33","2017-01-29 00:00:00","1.23","8.07","0","4209.37","2085.56","2123.81","0","organic","MiamiFtLauderdale"
"51","6214.43","421.41","2017-01-08 00:00:00","1.23","6.73","0","5786.29","3260","2526.29","0","organic","MiamiFtLauderdale"
"24","5447.12","157.91","2017-07-16 00:00:00","1.23","128.12","0","5161.09","5157.76","3.33","0","organic","NewOrleansMobile"
"47","18884.1","5981.39","2017-02-05 00:00:00","1.23","5129.05","0","7773.66","7773.66","0","0","organic","PhoenixTucson"
"30","54996.69","4687.9","2017-06-04 00:00:00","1.23","5471.44","38.34","44799.01","131.68","44667.33","0","organic","Portland"
"44","30803.34","3411.42","2017-02-26 00:00:00","1.23","5012.15","25.84","22353.93","516.54","21837.39","0","organic","Portland"
"51","50943.98","537.65","2017-01-08 00:00:00","1.23","11503.88","6.58","38895.87","583.94","38311.93","0","organic","Seattle"
"52","41381.43","486.56","2017-01-01 00:00:00","1.23","11213.59","2.63","29678.65","510.07","29168.58","0","organic","Seattle"
"52","66616.54","22474.95","2017-01-01 00:00:00","1.23","4797.17","17.37","39327.05","37358.81","1968.24","0","organic","SouthCentral"
"39","13548.83","1692.44","2017-04-02 00:00:00","1.23","637.88","0","11218.51","1363.58","9854.93","0","organic","StLouis"
"43","8150.41","1233.15","2017-03-05 00:00:00","1.23","462.58","0","6454.68","382.99","6071.69","0","organic","StLouis"
"4","4486.61","21.96","2017-12-03 00:00:00","1.23","134.36","0","4330.29","2945.07","1385.22","0","organic","Syracuse"
"37","329223.21","47412.22","2017-04-16 00:00:00","1.23","51720.12","200.73","229890.14","116527.51","113362.63","0","organic","West"
"35","29765.63","2233.24","2017-04-16 00:00:00","1.23","4805.48","17.29","22709.62","21441.99","1267.63","0","organic","WestTexNewMexico"
"41","24969.3","2292.42","2017-03-05 00:00:00","1.23","4876.69","52.82","17747.37","17114.89","632.48","0","organic","WestTexNewMexico"
"5","12131.04","542.58","2018-02-18 00:00:00","1.23","103.62","0","11484.84","5283.46","6201.38","0","organic","BuffaloRochester"
"9","7288.58","309.8","2018-01-21 00:00:00","1.23","119.81","0","6858.97","3581.4","3277.57","0","organic","BuffaloRochester"
"2","52514.65","1549.8","2018-03-11 00:00:00","1.23","20242.92","0","30687.37","27074.68","3612.69","0","organic","Detroit"
"3","10713.61","283.05","2018-03-04 00:00:00","1.23","1481.74","0","8706.42","6217","2489.42","0","organic","Indianapolis"
"6","4815.48","69.81","2018-02-11 00:00:00","1.23","56.64","0","4689.03","1972.88","2716.15","0","organic","Syracuse"
"35","49585.46","875.65","2015-04-26 00:00:00","1.22","35841.75","89.62","12778.44","12076.83","701.61","0","conventional","Albany"
"51","40873.28","2819.5","2015-01-04 00:00:00","1.22","28287.42","49.9","9716.46","9186.93","529.53","0","conventional","Albany"
"47","490022.14","6082.88","2015-02-01 00:00:00","1.22","373452.06","272.81","110214.39","109900.93","313.46","0","conventional","Boston"
"12","146737.74","23648.94","2015-10-04 00:00:00","1.22","44671.1","40366.93","38050.77","30388.81","7661.96","0","conventional","Charlotte"
"45","156798.51","28227.83","2015-02-15 00:00:00","1.22","38591.73","40430.51","49548.44","40419.97","9128.47","0","conventional","Charlotte"
"39","757271.96","25629.52","2015-03-29 00:00:00","1.22","545317.99","84865.54","101458.91","97284.77","4163.46","10.68","conventional","Chicago"
"48","745439.17","26117.56","2015-01-25 00:00:00","1.22","488218.44","145882.24","85220.93","75867.61","9265.81","87.51","conventional","Chicago"
"38","157721.54","4487.21","2015-04-05 00:00:00","1.22","92044.84","5487.61","55701.88","50462.56","5165.79","73.53","conventional","GrandRapids"
"30","260058.34","42572.44","2015-05-31 00:00:00","1.22","125281.89","804.17","91399.84","87880.67","2341.73","1177.44","conventional","HarrisburgScranton"
"45","187671.77","28592.73","2015-02-15 00:00:00","1.22","85311.1","503.53","73264.41","72146.24","1118.17","0","conventional","HarrisburgScranton"
"39","241495.12","3980.5","2015-03-29 00:00:00","1.22","184277.87","217.08","53019.67","50509.85","2509.82","0","conventional","HartfordSpringfield"
"18","131935.23","4293.59","2015-08-23 00:00:00","1.22","77251.43","10288.24","40101.97","23701.08","14786.36","1614.53","conventional","Indianapolis"
"22","144476.44","3840.1","2015-07-26 00:00:00","1.22","84797.31","7897.34","47941.69","27526.1","19119.03","1296.56","conventional","Indianapolis"
"9","98097.37","61125.82","2015-10-25 00:00:00","1.22","8956.16","796.53","27218.86","19339.98","7878.88","0","conventional","Jacksonville"
"24","110964.6","62590.29","2015-07-12 00:00:00","1.22","18465.56","584.22","29324.53","19289.35","10035.18","0","conventional","Jacksonville"
"32","120930.26","81751.17","2015-05-17 00:00:00","1.22","8351.79","524.46","30302.84","19947.77","10355.07","0","conventional","Jacksonville"
"6","368996.48","258624.78","2015-11-15 00:00:00","1.22","42921.48","21.31","67428.91","34369.92","33058.99","0","conventional","MiamiFtLauderdale"
"7","329065.04","223219.98","2015-11-08 00:00:00","1.22","37562.72","21.15","68261.19","36440.1","31818.17","2.92","conventional","MiamiFtLauderdale"
"21","371660.15","219518.15","2015-08-02 00:00:00","1.22","66230.77","66.26","85844.97","63761.3","22083.67","0","conventional","MiamiFtLauderdale"
"16","1340925.56","19894.27","2015-09-06 00:00:00","1.22","1074698.43","1295.45","245037.41","201210.17","43820.11","7.13","conventional","NewYork"
"17","1251081.11","18628.2","2015-08-30 00:00:00","1.22","982355.97","1530.58","248566.36","208604.73","39872.77","88.86","conventional","NewYork"
"33","2118593.92","27734.02","2015-05-10 00:00:00","1.22","1711900.09","4590.52","374369.29","316975.34","57393.95","0","conventional","NewYork"
"4","2593780.51","71191.69","2015-11-29 00:00:00","1.22","1964333.5","3025.26","555230.06","513647.72","41582.34","0","conventional","Northeast"
"40","3520408.65","118765","2015-03-22 00:00:00","1.22","2526519.62","5436.84","869687.19","782209.83","87477.36","0","conventional","Northeast"
"22","239841.95","128204.96","2015-07-26 00:00:00","1.22","51179.38","71.27","60386.34","44878.7","15507.64","0","conventional","Orlando"
"24","245528.89","133073.61","2015-07-12 00:00:00","1.22","53986.68","73.35","58395.25","41732.15","16663.1","0","conventional","Orlando"
"28","256149.75","141946.09","2015-06-14 00:00:00","1.22","36946.34","2083.82","75173.5","56501.85","18663.64","8.01","conventional","Orlando"
"34","548556.66","27871.95","2015-05-03 00:00:00","1.22","393975.99","1834.71","124874.01","106616.53","18018.59","238.89","conventional","Philadelphia"
"1","68972.79","1176.24","2015-12-20 00:00:00","1.22","40726.41","1003.63","26066.51","17094.03","8749.15","223.33","conventional","Pittsburgh"
"9","69191.72","2301.4","2015-10-25 00:00:00","1.22","40984.47","1289.08","24616.77","13587.31","11029.46","0","conventional","Pittsburgh"
"38","432729.65","160806.41","2015-04-05 00:00:00","1.22","178795.8","19335.81","73791.63","73228.59","144.25","418.79","conventional","Portland"
"9","199222.68","52737.98","2015-10-25 00:00:00","1.22","50170.35","50086.92","46227.43","44925.95","1301.48","0","conventional","RaleighGreensboro"
"14","216519.33","50149.22","2015-09-20 00:00:00","1.22","63790.55","47238.12","55341.44","52100.42","3241.02","0","conventional","RaleighGreensboro"
"21","243248.66","49760.49","2015-08-02 00:00:00","1.22","64419.93","44520.15","84548.09","84232.28","315.81","0","conventional","RaleighGreensboro"
"49","204504.99","48613.54","2015-01-18 00:00:00","1.22","55881.05","39543.93","60466.47","46298.95","14167.52","0","conventional","RaleighGreensboro"
"28","431791.38","149611.03","2015-06-14 00:00:00","1.22","209926.36","13867.94","58386.05","58386.05","0","0","conventional","Sacramento"
"41","380761.14","113759.19","2015-03-15 00:00:00","1.22","204089.22","14830.61","48082.12","48082.12","0","0","conventional","Sacramento"
"49","367047.36","83097.77","2015-01-18 00:00:00","1.22","238956.51","5672.46","39320.62","39320.62","0","0","conventional","Sacramento"
"2","616016.46","127080.03","2015-12-13 00:00:00","1.22","384958.63","34069.96","69907.84","69022.62","781.91","103.31","conventional","SanFrancisco"
"49","753746.51","107566.95","2015-01-18 00:00:00","1.22","554501.21","12868.74","78809.61","78241.87","515.56","52.18","conventional","SanFrancisco"
"32","474081.77","176144.77","2015-05-17 00:00:00","1.22","196907.32","13149.8","87879.88","86751.2","1074.06","54.62","conventional","Seattle"
"39","452743.21","162078.03","2015-03-29 00:00:00","1.22","205582.46","9896.09","75186.63","74523.35","658.45","4.83","conventional","Seattle"
"25","91195.99","43121.13","2015-07-05 00:00:00","1.22","30059.65","6422.29","11592.92","11245.14","347.78","0","conventional","Spokane"
"29","69776.51","632.01","2015-06-07 00:00:00","1.22","41825.39","31.87","27287.24","27287.24","0","0","conventional","Syracuse"
"6","236178.67","138482.7","2015-11-15 00:00:00","1.22","32425.9","51.52","65218.55","43524.24","21691.49","2.82","conventional","Tampa"
"30","273609.96","181641.14","2015-05-31 00:00:00","1.22","18121.91","203.98","73642.93","57879.61","15763.32","0","conventional","Tampa"
"42","259317.73","166383.8","2015-03-08 00:00:00","1.22","19097.27","68.37","73768.29","55747.85","18020.44","0","conventional","Tampa"
"36","86433.63","898.63","2016-04-17 00:00:00","1.22","70042.6","25","15467.4","14642.65","712.25","112.5","conventional","Albany"
"48","96089.13","545.37","2016-01-24 00:00:00","1.22","70802.56","68.41","24672.79","23926.35","746.44","0","conventional","Albany"
"4","372144.31","161631.62","2016-11-27 00:00:00","1.22","55595.26","167.47","154749.96","89194.82","65518.75","36.39","conventional","Atlanta"
"4","51941.45","23774.54","2016-11-27 00:00:00","1.22","2187.17","5526.29","20453.45","20442.18","0","11.27","conventional","Boise"
"2","510800.58","3711.2","2016-12-11 00:00:00","1.22","409645.98","5052.84","92390.56","90449.44","1634.18","306.94","conventional","Boston"
"43","154057.74","1658.99","2016-02-28 00:00:00","1.22","78720.64","36.18","73641.93","72861.93","780","0","conventional","BuffaloRochester"
"14","5471565.28","1888694.03","2016-09-18 00:00:00","1.22","1934688.42","112714.97","1535467.86","1434869.76","59481.09","41117.01","conventional","California"
"21","5947160.29","1922055.35","2016-07-31 00:00:00","1.22","2069409.78","244730.21","1710964.95","1581210.71","95425.63","34328.61","conventional","California"
"0","616653.72","67145.99","2016-12-25 00:00:00","1.22","352087.3","110167.01","87253.42","81570.81","955.34","4727.27","conventional","Chicago"
"18","603007.72","150776.14","2016-08-21 00:00:00","1.22","190694.58","13732.79","247804.21","119819.7","127269.23","715.28","conventional","Denver"
"19","272099.07","49712.54","2016-08-14 00:00:00","1.22","114887.12","193.77","107305.64","98315.72","6769.92","2220","conventional","HarrisburgScranton"
"1","304051.46","4769.87","2016-12-18 00:00:00","1.22","256345.63","995.37","41940.59","41573.47","224.83","142.29","conventional","HartfordSpringfield"
"15","364052.46","84826.25","2016-09-11 00:00:00","1.22","225724.26","197.17","53304.78","52152.39","1137.39","15","conventional","HartfordSpringfield"
"23","165453.6","77112.26","2016-07-17 00:00:00","1.22","34464.53","413.3","53463.51","25220.88","23917.91","4324.72","conventional","Jacksonville"
"12","246512.99","93430.04","2016-10-02 00:00:00","1.22","45096.89","5876.68","102109.38","58716.07","43393.31","0","conventional","LasVegas"
"17","558828.81","290432.64","2016-08-28 00:00:00","1.22","131832.78","259.19","136304.2","86796.76","48344.38","1163.06","conventional","MiamiFtLauderdale"
"34","1536109.56","16424.04","2016-05-01 00:00:00","1.22","1106990.04","11518.08","401177.4","321936.31","79106.38","134.71","conventional","NewYork"
"1","3686005.68","140720.26","2016-12-18 00:00:00","1.22","2795230.71","36711.66","713343.05","651338.34","59782.7","2222.01","conventional","Northeast"
"2","247659.65","84080.08","2016-12-11 00:00:00","1.22","48772.35","67.56","114739.66","61197.81","53441.85","100","conventional","Orlando"
"22","336366.84","145903.25","2016-07-24 00:00:00","1.22","92078.03","142.03","98243.53","53516.79","34306.74","10420","conventional","Orlando"
"32","474934.47","14393.49","2016-05-15 00:00:00","1.22","313358.88","10279.83","136902.27","121275.31","15195.02","431.94","conventional","Philadelphia"
"47","88551.72","2259.16","2016-01-31 00:00:00","1.22","61619.09","1456.3","23217.17","17454.05","5763.12","0","conventional","Pittsburgh"
"49","94971.15","1565.32","2016-01-17 00:00:00","1.22","56551.43","1254.56","35599.84","23178.32","12421.52","0","conventional","Pittsburgh"
"17","1693969.47","823545.19","2016-08-28 00:00:00","1.22","462409.58","5248.8","402765.9","358451.47","31890.92","12423.51","conventional","Plains"
"22","1807152.43","650651.58","2016-07-24 00:00:00","1.22","565159.06","7416.64","583925.15","527519.74","18858.31","37547.1","conventional","Plains"
"4","404389.56","72973.18","2016-11-27 00:00:00","1.22","104741.59","11472.92","215201.87","214541.32","501.88","158.67","conventional","Portland"
"6","487762.79","90571.72","2016-11-13 00:00:00","1.22","119196.88","15746.23","262247.96","261272.14","376.61","599.21","conventional","Portland"
"10","121791.92","42680.86","2016-10-16 00:00:00","1.22","32596.5","130.07","46384.49","43935.83","2448.66","0","conventional","Roanoke"
"1","643518.28","173909.85","2016-12-18 00:00:00","1.22","401462.31","3063.29","65082.83","52370.05","11823.61","889.17","conventional","SanFrancisco"
"35","68819","1000.49","2016-04-24 00:00:00","1.22","39959.75","586.42","27272.34","27268.73","3.61","0","conventional","Syracuse"
"2","289765.21","99668.86","2016-12-11 00:00:00","1.22","60413.89","27.84","129654.62","72901.02","56753.6","0","conventional","Tampa"
"22","353863.19","143082.31","2016-07-24 00:00:00","1.22","97554.75","24.75","113201.38","71808.87","29197.51","12195","conventional","Tampa"
"13","30305112.89","10548061.13","2016-09-25 00:00:00","1.22","9255913.78","492604.3","10008533.68","7440444.59","2476400.79","91688.3","conventional","TotalUS"
"29","6177216.24","2302944.62","2017-06-11 00:00:00","1.22","1517908.04","188258.15","2168105.43","2095827.24","5598.97","66679.22","conventional","California"
"39","5719811.06","1856672.56","2017-04-02 00:00:00","1.22","1580307.3","150682.37","2132148.83","2059479.45","16199.12","56470.26","conventional","California"
"9","165260.84","72722.59","2017-10-29 00:00:00","1.22","18568.73","808.97","73160.55","68103.78","4974.53","82.24","conventional","Columbus"
"22","170792.43","87045.12","2017-07-30 00:00:00","1.22","20908.3","1144.77","61694.24","52483.91","8793.66","416.67","conventional","Columbus"
"26","392513.77","65065.41","2017-07-02 00:00:00","1.22","63951.02","42737.51","220759.83","183724.24","16727.64","20307.95","conventional","Detroit"
"2","3023285.74","605188.35","2017-12-17 00:00:00","1.22","1037403.48","314592.44","1066101.47","773430.02","248878.18","43793.27","conventional","GreatLakes"
"24","299858.79","131681.44","2017-07-16 00:00:00","1.22","54114.55","6343.2","107719.6","36179.33","71540.27","0","conventional","LasVegas"
"21","2742628.31","1359069.5","2017-08-06 00:00:00","1.22","414552.66","109001.34","860004.81","793163.78","20822.11","46018.92","conventional","LosAngeles"
"37","100089.52","2109.81","2017-04-16 00:00:00","1.22","47637.85","213.91","50127.95","18406.86","31705.47","15.62","conventional","Louisville"
"9","674788.56","450543.04","2017-10-29 00:00:00","1.22","71919.22","223.75","152102.55","75333.68","76768.87","0","conventional","MiamiFtLauderdale"
"48","3151000.47","740797","2017-01-29 00:00:00","1.22","1363481.75","43527.67","1003194.05","845213.44","153112.84","4867.77","conventional","Midsouth"
"9","399421.97","257257.1","2017-10-29 00:00:00","1.22","33771.93","570.11","107822.83","77035.93","30786.9","0","conventional","Orlando"
"15","731289.23","375755.8","2017-09-17 00:00:00","1.22","152686.3","2172.41","200674.72","139237.45","61433.94","3.33","conventional","PhoenixTucson"
"26","314536.29","95259.45","2017-07-02 00:00:00","1.22","93112.35","6531.77","119632.72","112838.17","2159.55","4635","conventional","RaleighGreensboro"
"51","305194.22","91874.42","2017-01-08 00:00:00","1.22","105089.17","10444.52","97786.11","95734.55","2051.56","0","conventional","RaleighGreensboro"
"38","260512.01","81759.61","2017-04-09 00:00:00","1.22","90074.43","2229.61","86448.36","85939.37","508.99","0","conventional","RichmondNorfolk"
"35","162420.79","30906.47","2017-04-30 00:00:00","1.22","45408.59","58.54","86047.19","80694.54","5352.65","0","conventional","Roanoke"
"38","461063.08","145442.79","2017-04-09 00:00:00","1.22","128010.28","23321.76","164288.25","160950.36","2652.89","685","conventional","SanDiego"
"39","455329.05","144114.57","2017-04-02 00:00:00","1.22","131344.17","20997.79","158872.52","154152.27","4013.58","706.67","conventional","SanDiego"
"38","961954.91","216253.69","2017-04-09 00:00:00","1.22","667301.58","4849.32","73550.32","72736.07","125.64","688.61","conventional","SanFrancisco"
"51","953770.46","196279.04","2017-01-08 00:00:00","1.22","665608.45","2547.79","89335.18","80425.68","6315.06","2594.44","conventional","SanFrancisco"
"1","294202.67","133334.86","2017-12-24 00:00:00","1.22","48531.59","2380.74","109955.48","84037.13","23046.13","2872.22","conventional","SouthCarolina"
"16","4926555.69","2756276.03","2017-09-10 00:00:00","1.22","771799.51","12730.06","1385750.09","1011681.68","365700.82","8367.59","conventional","SouthCentral"
"42","32020573.94","11228357.23","2017-03-12 00:00:00","1.22","9575227.17","727233.05","10489756.49","8207585.25","2124294.41","157876.83","conventional","TotalUS"
"13","598455.99","357909.12","2017-10-01 00:00:00","1.22","121221.98","517.3","118807.59","62874.85","55932.74","0","conventional","WestTexNewMexico"
"14","584045.7","363596.75","2017-09-24 00:00:00","1.22","99990.28","415.7","120042.97","68799.49","51236.81","6.67","conventional","WestTexNewMexico"
"3","91070.8","44454.46","2018-03-04 00:00:00","1.22","1835.89","10101.52","34678.93","26585.16","8061.36","32.41","conventional","Boise"
"8","800274.4","14384.54","2018-01-28 00:00:00","1.22","680080.04","2656.9","103152.92","77511.92","25561","80","conventional","Boston"
"2","3953699.57","741349.12","2018-03-11 00:00:00","1.22","1112605.39","380229.8","1719515.26","1237310.02","410612.84","71592.4","conventional","GreatLakes"
"2","279645.04","65731.37","2018-03-11 00:00:00","1.22","115236.06","174.48","98503.13","87461.84","9219.07","1822.22","conventional","HarrisburgScranton"
"11","746903.16","513398.84","2018-01-07 00:00:00","1.22","68558.71","1946.21","162999.4","75200.98","87798.42","0","conventional","MiamiFtLauderdale"
"3","5318554.52","364721.28","2018-03-04 00:00:00","1.22","3542626.1","6184.77","1405022.37","1101807.62","291485.87","11728.88","conventional","Northeast"
"7","7508650.27","480603.9","2018-02-04 00:00:00","1.22","5402444.45","14403.38","1611198.54","1275859.94","329682.23","5656.37","conventional","Northeast"
"6","116882.18","33543.27","2018-02-11 00:00:00","1.22","21090.24","1094.97","61153.7","37660.14","23490.23","3.33","conventional","Pittsburgh"
"11","567488.01","107127.71","2018-01-07 00:00:00","1.22","220686.01","14535.35","225138.94","156850.43","67977.85","310.66","conventional","Portland"
"4","636462.47","86796.33","2018-02-25 00:00:00","1.22","173328.81","710.13","375627.2","113771.59","260807.35","1048.26","conventional","Seattle"
"8","435490.6","209197.71","2018-01-28 00:00:00","1.22","72212.81","3511.52","150568.56","109267.86","38526.25","2774.45","conventional","SouthCarolina"
"5","172847.28","100935.83","2018-02-18 00:00:00","1.22","7745.41","388.29","63777.75","46000.98","17776.77","0","conventional","StLouis"
"42","16026.95","1579.22","2015-03-08 00:00:00","1.22","11705.02","0","2742.71","0","2742.71","0","organic","Atlanta"
"43","16227.56","1683.31","2015-03-01 00:00:00","1.22","12002.83","0","2541.42","0","2541.42","0","organic","Atlanta"
"50","26008.88","12258.26","2015-01-11 00:00:00","1.22","7094.53","490.24","6165.85","6165.85","0","0","organic","BaltimoreWashington"
"7","7507.69","13.29","2015-11-08 00:00:00","1.22","486.67","0","7007.73","6990.96","16.77","0","organic","Boston"
"38","16010.39","279.01","2015-04-05 00:00:00","1.22","12842.34","0","2889.04","547.77","2341.27","0","organic","CincinnatiDayton"
"41","12310.3","237.38","2015-03-15 00:00:00","1.22","11231.53","0","841.39","96.67","744.72","0","organic","CincinnatiDayton"
"45","10742.08","264.74","2015-02-15 00:00:00","1.22","9452.15","0","1025.19","780","245.19","0","organic","CincinnatiDayton"
"32","45514.57","19911.52","2015-05-17 00:00:00","1.22","8929.9","18.89","16654.26","4177.16","12477.1","0","organic","Denver"
"33","4550.92","36.97","2015-05-10 00:00:00","1.22","1045.22","0","3468.73","346.49","3122.24","0","organic","GrandRapids"
"34","143144.15","4609.7","2015-05-03 00:00:00","1.22","106059.64","9.31","32465.5","8315.3","24150.2","0","organic","GreatLakes"
"17","14045.27","11507.69","2015-08-30 00:00:00","1.22","50.99","0","2486.59","1906.67","579.92","0","organic","Houston"
"27","11429.63","9667.42","2015-06-21 00:00:00","1.22","465.54","0","1296.67","1296.67","0","0","organic","Houston"
"51","8938.32","7009.77","2015-01-04 00:00:00","1.22","671.88","0","1256.67","1256.67","0","0","organic","Houston"
"50","43116.44","18893.87","2015-01-11 00:00:00","1.22","19745.21","0","4477.36","480","3997.36","0","organic","Portland"
"43","45355.38","25103.48","2015-03-01 00:00:00","1.22","19850.03","0","401.87","401.87","0","0","organic","Sacramento"
"47","13195.65","7103.9","2015-02-01 00:00:00","1.22","5624.41","0","467.34","467.34","0","0","organic","Sacramento"
"3","9990.29","738.64","2016-12-04 00:00:00","1.22","2945.08","0","6306.57","20","6286.57","0","organic","Atlanta"
"32","7017.73","346.52","2016-05-15 00:00:00","1.22","3729.33","5.72","2936.16","754.84","2181.32","0","organic","Columbus"
"25","110335.56","3912.39","2016-07-03 00:00:00","1.22","57062.77","3.22","49357.18","17772.03","31585.15","0","organic","GreatLakes"
"37","13473.17","3233.23","2016-04-10 00:00:00","1.22","4726.02","0","5513.92","4028.39","1485.53","0","organic","LasVegas"
"35","2986.31","15.89","2016-04-24 00:00:00","1.22","1609.69","0","1360.73","339.17","1021.56","0","organic","Louisville"
"21","4361.66","2.63","2016-07-31 00:00:00","1.22","22.36","0","4336.67","4260","76.67","0","organic","MiamiFtLauderdale"
"36","126949.67","5761.44","2016-04-17 00:00:00","1.22","64793.81","2005.02","54389.4","28323.2","26066.2","0","organic","Midsouth"
"32","5778.15","0","2016-05-15 00:00:00","1.22","220.55","0","5557.6","5557.6","0","0","organic","NorthernNewEngland"
"15","43084.05","4820.4","2016-09-11 00:00:00","1.22","5901.42","0","32362.23","6677.17","25685.06","0","organic","Portland"
"31","56942.79","1810.73","2016-05-22 00:00:00","1.22","32672.86","6.71","22452.49","123.33","22329.16","0","organic","Portland"
"49","29446.62","1345.36","2016-01-17 00:00:00","1.22","11419.3","0","16681.96","27.85","16654.11","0","organic","Portland"
"41","7169.41","102.82","2016-03-13 00:00:00","1.22","3612.57","0","3454.02","917.94","2536.08","0","organic","Roanoke"
"35","19360.95","1677.44","2016-04-24 00:00:00","1.22","9129.99","3.17","8550.35","8543.3","7.05","0","organic","SanDiego"
"42","39782","583.7","2016-03-06 00:00:00","1.22","17846.08","14.43","21337.79","521.41","20816.38","0","organic","Seattle"
"5","120110.49","31129","2016-11-20 00:00:00","1.22","2922.52","0","86058.97","83113.68","2945.29","0","organic","SouthCentral"
"21","142770.97","51129.16","2016-07-31 00:00:00","1.22","5389.19","0","86252.62","72360.02","13892.6","0","organic","SouthCentral"
"38","86545.27","28336.55","2016-04-03 00:00:00","1.22","5964.03","2.83","52241.86","41885.1","10356.76","0","organic","SouthCentral"
"27","68218.09","15584.56","2016-06-19 00:00:00","1.22","13257.71","654.68","38721.14","23160.93","15560.21","0","organic","Southeast"
"46","3042.3","59.36","2016-02-07 00:00:00","1.22","1319.25","0","1663.69","234.02","1429.67","0","organic","Spokane"
"1","6281.56","317.02","2016-12-18 00:00:00","1.22","46.96","0","5917.58","3796.67","2120.91","0","organic","Tampa"
"46","196570.63","23296.91","2016-02-07 00:00:00","1.22","54945.8","102.18","118225.74","52341.87","65883.87","0","organic","West"
"31","4468","14.44","2017-05-28 00:00:00","1.22","683.93","0","3769.63","608.14","3161.49","0","organic","Boise"
"35","3943","19.93","2017-04-30 00:00:00","1.22","603.23","0","3319.84","496.34","2823.5","0","organic","Boise"
"51","10641.19","1287.54","2017-01-08 00:00:00","1.22","2376.07","0","6977.58","6938.25","39.33","0","organic","LasVegas"
"34","6216.76","191.24","2017-05-07 00:00:00","1.22","2221.64","0","3803.88","216.57","3587.31","0","organic","Nashville"
"44","25773.92","5457.84","2017-02-26 00:00:00","1.22","8709.92","0","11606.16","11557.93","48.23","0","organic","PhoenixTucson"
"48","45744.02","636.48","2017-01-29 00:00:00","1.22","10502.66","58.27","34546.61","1544.23","33002.38","0","organic","Seattle"
"52","5905.05","287.57","2017-01-01 00:00:00","1.22","36.42","0","5581.06","3530","2051.06","0","organic","Tampa"
"11","23120.43","1649.74","2018-01-07 00:00:00","1.22","3006.89","0","18452.29","16829.87","1622.42","0","organic","Detroit"
"2","15216.33","341.99","2018-03-11 00:00:00","1.22","3553.23","0","11298.11","8448.16","2849.95","0","organic","Indianapolis"
"11","283583.37","3107.8","2018-01-07 00:00:00","1.22","47355.55","861.38","232258.64","223671.12","8587.52","0","organic","Midsouth"
"6","101110.96","1318.39","2018-02-11 00:00:00","1.22","31821.41","175.52","67795.64","4818.28","62844.86","132.5","organic","Seattle"
"7","6294.16","85.22","2018-02-04 00:00:00","1.22","152.09","0","6056.85","2847.48","3209.37","0","organic","Syracuse"
"20","173059.32","29915.8","2015-08-09 00:00:00","1.21","43782.95","37614.3","61746.27","57783.2","3963.07","0","conventional","Charlotte"
"32","190799.99","44340.34","2015-05-17 00:00:00","1.21","46424.29","40248.52","59786.84","57583.99","2202.85","0","conventional","Charlotte"
"26","786250.22","27391.54","2015-06-28 00:00:00","1.21","524476.99","104595.1","129786.59","126835.7","1896.33","1054.56","conventional","Chicago"
"28","868197.41","55227.59","2015-06-14 00:00:00","1.21","586037.06","107908.15","119024.61","116318.18","2618.95","87.48","conventional","Chicago"
"40","799946.53","29308","2015-03-22 00:00:00","1.21","596341.85","83937.78","90358.9","87394.44","2925.41","39.05","conventional","Chicago"
"32","592588.01","156010.24","2015-05-17 00:00:00","1.21","305200.86","17377.87","113999.04","50687.72","63311.32","0","conventional","Denver"
"45","136761.35","1659.05","2015-02-15 00:00:00","1.21","67025.59","4215.01","63861.7","57601.99","6203.39","56.32","conventional","GrandRapids"
"29","265638.42","40587.95","2015-06-07 00:00:00","1.21","138950.26","675.56","85424.65","81417.34","3219.51","787.8","conventional","HarrisburgScranton"
"31","270097.92","43499.81","2015-05-24 00:00:00","1.21","132429.7","777.66","93390.75","89913.88","2641.89","834.98","conventional","HarrisburgScranton"
"35","234322.13","45102.26","2015-04-26 00:00:00","1.21","118533.62","415.14","70271.11","68210.88","2022.73","37.5","conventional","HarrisburgScranton"
"38","216376.66","35705.85","2015-04-05 00:00:00","1.21","112157.42","485.39","68028","66320.66","1643.45","63.89","conventional","HarrisburgScranton"
"21","151883.21","3914.24","2015-08-02 00:00:00","1.21","94006.28","13847.9","40114.79","22812.1","14978.27","2324.42","conventional","Indianapolis"
"41","140487.57","4942.49","2015-03-15 00:00:00","1.21","88080.11","5551.28","41913.69","24140.96","16954.05","818.68","conventional","Indianapolis"
"35","127939.11","87231.57","2015-04-26 00:00:00","1.21","9218.89","595.04","30893.61","21798.68","9094.93","0","conventional","Jacksonville"
"46","91840.75","62181.18","2015-02-08 00:00:00","1.21","9886.68","375.65","19397.24","11016.44","8380.8","0","conventional","Jacksonville"
"35","65742.4","2070.06","2015-04-26 00:00:00","1.21","42192.26","2780.63","18699.45","9812.43","8286.28","600.74","conventional","Louisville"
"41","56870.1","2010.14","2015-03-15 00:00:00","1.21","36582.61","1294.26","16983.09","9906.76","6777.06","299.27","conventional","Louisville"
"1","350533.71","238269.18","2015-12-20 00:00:00","1.21","32386.55","92.33","79785.65","50138.45","29624.11","23.09","conventional","MiamiFtLauderdale"
"26","443970.6","259852.13","2015-06-28 00:00:00","1.21","79482.73","262.36","104373.38","76411.06","27962.32","0","conventional","MiamiFtLauderdale"
"42","2297509.11","545690.6","2015-03-08 00:00:00","1.21","949015.34","179824.24","622978.93","588931.15","33275.04","772.74","conventional","Midsouth"
"12","3585183.3","99666.72","2015-10-04 00:00:00","1.21","2679760.58","5434.32","800321.68","716567.95","83753.73","0","conventional","Northeast"
"14","3334592","86196.27","2015-09-20 00:00:00","1.21","2492113.6","4293.65","751988.48","672883.2","79105.28","0","conventional","Northeast"
"33","5498650.28","134556.37","2015-05-10 00:00:00","1.21","4143702.97","10220.82","1210170.12","1120295.45","89874.67","0","conventional","Northeast"
"0","304598.42","2601.32","2015-12-27 00:00:00","1.21","250270.9","12123.24","39602.96","39602.96","0","0","conventional","NorthernNewEngland"
"1","200074.81","131152.6","2015-12-20 00:00:00","1.21","15794.56","122.07","53005.58","36258.03","16747.55","0","conventional","Orlando"
"18","228926.1","113657.5","2015-08-23 00:00:00","1.21","51869.47","81.78","63317.35","47516.81","15800.54","0","conventional","Orlando"
"21","399212.29","15487.29","2015-08-02 00:00:00","1.21","288809.36","955.95","93959.69","85344.81","8614.88","0","conventional","Philadelphia"
"3","61870.23","1712.54","2015-12-06 00:00:00","1.21","41481.83","1081.56","17594.3","8739.98","8854.32","0","conventional","Pittsburgh"
"41","392802.67","156506.22","2015-03-15 00:00:00","1.21","160239.43","17300.74","58756.28","58756.28","0","0","conventional","Portland"
"31","267022.77","58855.6","2015-05-24 00:00:00","1.21","80893.32","50072.71","77201.14","76580.12","621.02","0","conventional","RaleighGreensboro"
"45","230632.14","66005.8","2015-02-15 00:00:00","1.21","55126.76","48502.71","60996.87","49618.45","11378.42","0","conventional","RaleighGreensboro"
"16","466705.75","137388.73","2015-09-06 00:00:00","1.21","262139.81","17201.5","49975.71","49967","8.71","0","conventional","Sacramento"
"48","713523.24","127276.45","2015-01-25 00:00:00","1.21","481792.41","21293.67","83160.71","82293.47","796.67","70.57","conventional","SanFrancisco"
"41","2602341.55","1865220.72","2015-03-15 00:00:00","1.21","211822.87","25792.72","499505.24","375572.97","123875.82","56.45","conventional","Southeast"
"20","70351.29","32213.37","2015-08-09 00:00:00","1.21","23114.49","3261.8","11761.63","11761.63","0","0","conventional","Spokane"
"37","64529.74","27692.12","2015-04-12 00:00:00","1.21","23281.52","3057.26","10498.84","10498.84","0","0","conventional","Spokane"
"48","64116.71","23843.63","2015-01-25 00:00:00","1.21","29590.6","2672.12","8010.36","8010.36","0","0","conventional","Spokane"
"8","152077.32","49010.65","2015-11-01 00:00:00","1.21","34559.26","43.44","68463.97","64373.15","4084.11","6.71","conventional","StLouis"
"9","151268.28","52371.31","2015-10-25 00:00:00","1.21","37039.7","37.92","61819.35","56579.05","5240.3","0","conventional","StLouis"
"37","214125.11","138215.06","2015-04-12 00:00:00","1.21","37441.77","144.84","38323.44","38323.44","0","0","conventional","StLouis"
"39","198395.76","111921.69","2015-03-29 00:00:00","1.21","39575","56.26","46842.81","46687.25","155.56","0","conventional","StLouis"
"6","51725.93","912.37","2015-11-15 00:00:00","1.21","34236.71","20.94","16555.91","16364.8","191.11","0","conventional","Syracuse"
"7","228585.31","135741.88","2015-11-08 00:00:00","1.21","33351.68","40.46","59451.29","40754.56","18696.73","0","conventional","Tampa"
"33","287068.69","197831.01","2015-05-10 00:00:00","1.21","20278.37","88.47","68870.84","53035.85","15834.99","0","conventional","Tampa"
"45","242478.65","154111.87","2015-02-15 00:00:00","1.21","20647.04","56.4","67663.34","34123.19","33540.15","0","conventional","Tampa"
"48","260471.23","161291","2015-01-25 00:00:00","1.21","30244.52","40.52","68895.19","30325.33","38569.86","0","conventional","Tampa"
"1","691008.74","57866.09","2016-12-18 00:00:00","1.21","487109.62","8751.94","137281.09","133753.32","2845.65","682.12","conventional","BaltimoreWashington"
"42","819706.7","62539.58","2016-03-06 00:00:00","1.21","541218.77","21461.02","194487.33","191744.58","2742.75","0","conventional","BaltimoreWashington"
"47","164453.65","2015.15","2016-01-31 00:00:00","1.21","81676.45","88.82","80673.23","79715.45","957.78","0","conventional","BuffaloRochester"
"4","4185900.67","1508446.52","2016-11-27 00:00:00","1.21","1313000.92","81897.44","1282555.79","1202939.23","49696.87","29919.69","conventional","California"
"27","238720.78","55097.56","2016-06-19 00:00:00","1.21","77704.63","46282.1","59636.49","52830.72","4841.6","1964.17","conventional","Charlotte"
"30","235009.02","49747.65","2016-05-29 00:00:00","1.21","92110.53","41274.31","51876.53","45120.69","6510.84","245","conventional","Charlotte"
"21","153804.34","71526.03","2016-07-31 00:00:00","1.21","31744.13","4294.96","46239.22","38377.9","7260.37","600.95","conventional","Columbus"
"1","210917.45","25826.37","2016-12-18 00:00:00","1.21","133480.1","208.63","51402.35","50217.77","1184.58","0","conventional","HarrisburgScranton"
"24","274783.17","43879.44","2016-07-10 00:00:00","1.21","118215.77","436.85","112251.11","102165.03","1667.75","8418.33","conventional","HarrisburgScranton"
"22","156316.92","69899.17","2016-07-24 00:00:00","1.21","39377.77","493.57","46546.41","21263.41","21141.06","4141.94","conventional","Jacksonville"
"49","118230.86","73496.53","2016-01-17 00:00:00","1.21","9811.14","302.25","34620.94","21732.66","12888.28","0","conventional","Jacksonville"
"15","90086.4","3359.11","2016-09-11 00:00:00","1.21","51733.48","634.74","34359.07","13618.85","20735.22","5","conventional","Louisville"
"2","177582.49","89506.41","2016-12-11 00:00:00","1.21","18892.4","205","68978.68","53845.72","11187.68","3945.28","conventional","NewOrleansMobile"
"44","1315177.5","15028.05","2016-02-21 00:00:00","1.21","930110.1","3071.33","366968.02","323061.15","43906.87","0","conventional","NewYork"
"42","4226925.7","111263.99","2016-03-06 00:00:00","1.21","2950419.2","83451.82","1081790.69","1022900.73","58882.95","7.01","conventional","Northeast"
"44","3948234.94","94936.43","2016-02-21 00:00:00","1.21","2707199.74","84110.32","1061988.45","984377.9","77610.55","0","conventional","Northeast"
"48","4412280.93","75379.6","2016-01-24 00:00:00","1.21","2940359.34","66877.99","1329664","1234678.31","94980.47","5.22","conventional","Northeast"
"19","463651.71","114823.86","2016-08-14 00:00:00","1.21","226795.01","5813.05","116219.79","114464.79","0","1755","conventional","NorthernNewEngland"
"34","478384.72","16264.6","2016-05-01 00:00:00","1.21","304614.61","11522.45","145983.06","130517.96","15349.82","115.28","conventional","Philadelphia"
"2","84144.99","22587.44","2016-12-11 00:00:00","1.21","22461.37","1185.39","37910.79","33381.5","4529.29","0","conventional","Pittsburgh"
"43","96483.82","1210.44","2016-02-28 00:00:00","1.21","58767.67","1383.25","35122.46","29726.65","5395.81","0","conventional","Pittsburgh"
"18","1693418.62","748383.14","2016-08-21 00:00:00","1.21","445643.2","5418.75","493973.53","461318.07","12246.86","20408.6","conventional","Plains"
"4","154199.13","47392.15","2016-11-27 00:00:00","1.21","48587.49","2115.8","56103.69","56074.45","29.24","0","conventional","RichmondNorfolk"
"50","765839.95","144506.94","2016-01-10 00:00:00","1.21","487614.57","41093.96","92624.48","92023.17","601.31","0","conventional","SanFrancisco"
"2","2648135.47","1055827.38","2016-12-11 00:00:00","1.21","463050.84","4655.77","1124601.48","630163.97","492521.95","1915.56","conventional","Southeast"
"36","70543.09","880.43","2016-04-17 00:00:00","1.21","39173.25","3","30486.41","30486.41","0","0","conventional","Syracuse"
"20","362836.43","147057.02","2016-08-07 00:00:00","1.21","95386.32","107.35","120285.74","75445.92","35139.82","9700","conventional","Tampa"
"4","22923062.65","7891487.94","2016-11-27 00:00:00","1.21","7337341.77","344475.9","7349757.04","5691266.56","1609867.2","48623.28","conventional","TotalUS"
"36","530030.64","249318.38","2017-04-23 00:00:00","1.21","55045.8","96.03","225570.43","138920.99","84101.48","2547.96","conventional","Atlanta"
"42","469277.94","217624.69","2017-03-12 00:00:00","1.21","48169.84","97.76","203385.65","126155.12","75894.14","1336.39","conventional","Atlanta"
"8","81104.74","40651.49","2017-11-05 00:00:00","1.21","1848.89","4629.02","33975.34","29560.96","4359.84","54.54","conventional","Boise"
"28","92906.33","40471.78","2017-06-18 00:00:00","1.21","3263.11","8414.51","40756.93","40688.09","26.66","42.18","conventional","Boise"
"29","92547.42","40250.67","2017-06-11 00:00:00","1.21","2998.49","8103.35","41194.91","41167.77","19.07","8.07","conventional","Boise"
"31","100415.9","40637.11","2017-05-28 00:00:00","1.21","3548.36","10210.41","46020.02","45988.11","20.42","11.49","conventional","Boise"
"38","95508.38","39291.67","2017-04-09 00:00:00","1.21","4115.55","10280.71","41820.45","41795.02","15.56","9.87","conventional","Boise"
"52","217051.5","47765.32","2017-01-01 00:00:00","1.21","94571.69","15036.44","59678.05","45920.26","13711.12","46.67","conventional","Charlotte"
"49","845065.66","120093.41","2017-01-22 00:00:00","1.21","497235.79","136328.96","91407.5","83227.7","1680.17","6499.63","conventional","Chicago"
"21","194759.03","82089.07","2017-08-06 00:00:00","1.21","24630.41","1148.89","86890.66","78410.41","7851.78","628.47","conventional","Columbus"
"5","229292","71317","2017-11-26 00:00:00","1.21","40629","7259","110088","82401","27604","83","conventional","Detroit"
"6","155729","84638","2017-11-19 00:00:00","1.21","10606","306","60179","25039","34900","240","conventional","Jacksonville"
"23","211384.21","95944.35","2017-07-23 00:00:00","1.21","32144.65","179.51","83115.7","71644.75","9364.25","2106.7","conventional","Nashville"
"48","423387.02","15901.2","2017-01-29 00:00:00","1.21","348629.28","3634.19","55222.35","55222.35","0","0","conventional","NorthernNewEngland"
"44","329592.25","75319.8","2017-02-26 00:00:00","1.21","154834.96","11165.32","88272.17","86960.95","1311.22","0","conventional","RaleighGreensboro"
"26","257162.16","71544.84","2017-07-02 00:00:00","1.21","83589.78","2458.8","99568.74","90410.02","2797.05","6361.67","conventional","RichmondNorfolk"
"27","251831.45","70138.76","2017-06-25 00:00:00","1.21","97759.86","1913.81","82019.02","71831.35","4301.84","5885.83","conventional","RichmondNorfolk"
"40","146817.49","29493.31","2017-03-26 00:00:00","1.21","47162.94","70.51","70090.73","69195.18","895.55","0","conventional","Roanoke"
"25","575413.33","216297.72","2017-07-09 00:00:00","1.21","151179.81","16976.57","190959.23","187255.57","150.33","3553.33","conventional","SanDiego"
"26","682920.51","125597.17","2017-07-02 00:00:00","1.21","179521.36","840.48","376961.5","376182.03","56.47","723","conventional","Seattle"
"29","664560.99","105557.41","2017-06-11 00:00:00","1.21","169870.98","835.35","388297.25","387996.76","91.45","209.04","conventional","Seattle"
"30","681109.55","110722.71","2017-06-04 00:00:00","1.21","172954.89","454.68","396977.27","396509.11","168.72","299.44","conventional","Seattle"
"4","3452207","2032331","2017-12-03 00:00:00","1.21","328178","21381","1070317","737179","318086","15051","conventional","Southeast"
"6","406797","251741","2017-11-19 00:00:00","1.21","39402","740","114914","65591","49323","0","conventional","Tampa"
"48","445251.37","183508.26","2017-01-29 00:00:00","1.21","90757.43","207.75","170777.93","93866.67","76118.2","793.06","conventional","Tampa"
"26","38010426.16","12623188.5","2017-07-02 00:00:00","1.21","10988734.57","859889.81","13538613.28","10041243.95","3119708.27","377661.06","conventional","TotalUS"
"29","37039853.8","13490545.5","2017-06-11 00:00:00","1.21","10090861.46","648410.9","12810035.94","9373421.78","3128713.2","307900.96","conventional","TotalUS"
"38","34785712.55","12091315.22","2017-04-09 00:00:00","1.21","10821096.24","647969.03","11225332.06","8946792.83","2098142.94","180396.29","conventional","TotalUS"
"39","34468017.36","12245520.55","2017-04-02 00:00:00","1.21","9733584.68","624709.69","11864202.44","9385516.28","2330300.27","148385.89","conventional","TotalUS"
"0","163592.4","18266.89","2018-03-25 00:00:00","1.21","82910.91","80.6","62334","20541.67","41090.1","702.23","conventional","BuffaloRochester"
"0","330371.24","87782.44","2018-03-25 00:00:00","1.21","137599.47","131.89","104857.44","95210.59","7089.08","2557.77","conventional","HarrisburgScranton"
"3","289090.98","65788.57","2018-03-04 00:00:00","1.21","130046.74","150.9","93104.77","82676.57","8658.2","1770","conventional","HarrisburgScranton"
"5","121002.8","32928.15","2018-02-18 00:00:00","1.21","18278.91","1037.34","68758.4","40103.96","28647.77","6.67","conventional","Pittsburgh"
"8","267305.91","63753.71","2018-01-28 00:00:00","1.21","104053.12","1743.34","97755.74","87331.26","10414.48","10","conventional","RichmondNorfolk"
"10","1117376.99","193892.28","2018-01-14 00:00:00","1.21","785766.05","2860.37","134858.29","130904.76","944.69","3008.84","conventional","SanFrancisco"
"1","685505.57","91648.17","2018-03-18 00:00:00","1.21","191972.39","1244.44","400640.57","180451.72","219003.18","1185.67","conventional","Seattle"
"11","68938.02","3687.73","2018-01-07 00:00:00","1.21","46420.2","60.09","18770","5075.27","13694.73","0","conventional","Syracuse"
"29","6028.43","322.05","2015-06-07 00:00:00","1.21","2720.68","0","2985.7","687.09","2298.61","0","organic","Columbus"
"32","4754.7","560.26","2015-05-17 00:00:00","1.21","2085.96","0","2108.48","605.53","1502.95","0","organic","Columbus"
"23","10487.18","10034.98","2015-07-19 00:00:00","1.21","358.87","0","93.33","93.33","0","0","organic","Houston"
"26","10531.95","9271.84","2015-06-28 00:00:00","1.21","320.11","0","940","940","0","0","organic","Houston"
"28","10464.45","9298.08","2015-06-14 00:00:00","1.21","406.37","0","760","760","0","0","organic","Houston"
"0","52474.67","8914.66","2015-12-27 00:00:00","1.21","15290.56","0","28269.45","25485.27","2784.18","0","organic","LosAngeles"
"4","5143.41","373.28","2015-11-29 00:00:00","1.21","2589.7","0","2180.43","436.67","1743.76","0","organic","Nashville"
"1","25645.44","1202.15","2015-12-20 00:00:00","1.21","8864.75","3.35","15575.19","5902.85","9672.34","0","organic","Portland"
"23","16805.05","2094.03","2016-07-17 00:00:00","1.21","4551.64","0","10159.38","1996.32","8163.06","0","organic","Atlanta"
"40","16466.35","319.09","2016-03-20 00:00:00","1.21","8546.86","0","7600.4","496.67","7103.73","0","organic","CincinnatiDayton"
"0","20826.21","10951.58","2016-12-25 00:00:00","1.21","88.01","0","9786.62","9783.29","3.33","0","organic","Houston"
"21","115313.85","14654.26","2016-07-31 00:00:00","1.21","28278.26","1.6","72379.73","70166.73","2213","0","organic","LosAngeles"
"22","111080.96","14249.95","2016-07-24 00:00:00","1.21","27897.64","20.74","68912.63","61674.03","7238.6","0","organic","LosAngeles"
"12","26444.58","2843.4","2016-10-02 00:00:00","1.21","2404.44","0","21196.74","2390.71","18806.03","0","organic","Portland"
"28","10823.6","77","2016-06-12 00:00:00","1.21","4286.07","0","6460.53","1063.06","5397.47","0","organic","Roanoke"
"45","6559.49","107.13","2016-02-14 00:00:00","1.21","2986.26","0","3466.1","755.11","2710.99","0","organic","Roanoke"
"42","18148.41","1836.96","2016-03-06 00:00:00","1.21","8499.93","0","7811.52","7772.41","39.11","0","organic","SanDiego"
"27","8957.97","681.83","2016-06-19 00:00:00","1.21","2877.65","480.84","4917.65","2757.33","2160.32","0","organic","SouthCarolina"
"0","94378.68","28632.23","2016-12-25 00:00:00","1.21","4227.39","0","61519.06","59525.98","1993.08","0","organic","SouthCentral"
"3","100639.79","26102.51","2016-12-04 00:00:00","1.21","2981.43","8.77","71547.08","70185.18","1361.9","0","organic","SouthCentral"
"22","136429.31","53040.76","2016-07-24 00:00:00","1.21","6134.35","0","77254.2","65513.34","11740.86","0","organic","SouthCentral"
"23","118903.02","44998.45","2016-07-17 00:00:00","1.21","6759.41","0","67145.16","47727.73","19417.43","0","organic","SouthCentral"
"37","91639","29757.15","2016-04-10 00:00:00","1.21","7403.82","8.52","54469.51","41421.13","13048.38","0","organic","SouthCentral"
"42","86686.51","29748.62","2016-03-06 00:00:00","1.21","5654.56","0","51283.33","40850.8","10432.53","0","organic","SouthCentral"
"36","4042.51","1101.45","2016-04-17 00:00:00","1.21","422.83","0","2518.23","0","2518.23","0","organic","StLouis"
"0","6117.58","254.26","2016-12-25 00:00:00","1.21","25.3","0","5838.02","3800","2038.02","0","organic","Tampa"
"18","8060.54","28.94","2017-08-27 00:00:00","1.21","493.34","0","7538.26","7516.82","21.44","0","organic","GrandRapids"
"26","46201.44","11775.69","2017-07-02 00:00:00","1.21","189.83","0","34235.92","34210.39","25.53","0","organic","Houston"
"40","17776.08","1879.08","2017-03-26 00:00:00","1.21","4266.97","0","11630.03","11468.09","161.94","0","organic","LasVegas"
"52","5253.5","290.61","2017-01-01 00:00:00","1.21","20.17","0","4942.72","1970","2972.72","0","organic","MiamiFtLauderdale"
"46","129193.22","3448.61","2017-02-12 00:00:00","1.21","41590.11","1599.36","82555.14","35082.56","47472.58","0","organic","Midsouth"
"48","18191.46","1477.75","2017-01-29 00:00:00","1.21","8949.53","4.86","7759.32","3304.61","4454.71","0","organic","SanDiego"
"52","2869.96","69.23","2017-01-01 00:00:00","1.21","745.26","0","2055.47","7.92","2047.55","0","organic","Spokane"
"1","5154.54","77.02","2017-12-24 00:00:00","1.21","65.27","0","5012.25","4664.12","348.13","0","organic","Syracuse"
"50","7526.04","320.78","2017-01-15 00:00:00","1.21","60.1","0","7145.16","4763.33","2381.83","0","organic","Tampa"
"51","6520.7","285.78","2017-01-08 00:00:00","1.21","50.14","0","6184.78","3836.67","2348.11","0","organic","Tampa"
"44","1436663.15","150448.17","2017-02-26 00:00:00","1.21","368526.18","3747.77","913941.03","505040.3","408900.73","0","organic","TotalUS"
"47","16430.64","1413.93","2017-01-22 00:00:00","1.21","2820.53","20.25","12175.93","12073.07","102.86","0","organic","WestTexNewMexico"
"6","9744.88","169.08","2018-02-11 00:00:00","1.21","138.02","0","9437.78","2907.29","6530.49","0","organic","BuffaloRochester"
"7","8320.22","15.77","2018-02-04 00:00:00","1.21","626.63","0","7677.82","7677.82","0","0","organic","GrandRapids"
"34","59197.67","919.87","2015-05-03 00:00:00","1.2","45490.05","217.24","12570.51","12201.95","368.56","0","conventional","Albany"
"22","772926.12","52746.41","2015-07-26 00:00:00","1.2","496508.65","45010.81","178660.25","174774.8","3880.04","5.41","conventional","BaltimoreWashington"
"48","692934.46","49696.14","2015-01-25 00:00:00","1.2","386398.73","39488.95","217350.64","209761.81","7588.83","0","conventional","BaltimoreWashington"
"45","399883.99","3794.97","2015-02-15 00:00:00","1.2","281106.45","143.41","114839.16","114283.61","555.55","0","conventional","Boston"
"14","161443.98","25922.66","2015-09-20 00:00:00","1.2","46906.06","41261.83","47353.43","38940.45","8412.98","0","conventional","Charlotte"
"17","179026.88","33511.97","2015-08-30 00:00:00","1.2","41700.97","38130.29","65683.65","63371.06","2312.59","0","conventional","Charlotte"
"31","212527.72","43628.72","2015-05-24 00:00:00","1.2","59207.62","46014.43","63676.95","59663.25","4013.7","0","conventional","Charlotte"
"35","182141.55","39481.13","2015-04-26 00:00:00","1.2","44796.9","37961.14","59902.38","58701.2","1201.18","0","conventional","Charlotte"
"18","751850.01","17595.95","2015-08-23 00:00:00","1.2","550359.51","103622.38","80272.17","77073.51","2759.79","438.87","conventional","Chicago"
"18","598195.03","135261.61","2015-08-23 00:00:00","1.2","318115.81","21420.3","123397.31","45407.51","77989.8","0","conventional","Denver"
"26","696697.65","162885.58","2015-06-28 00:00:00","1.2","362226.14","18449.63","153136.3","93206.17","59917.38","12.75","conventional","Denver"
"6","129448.75","3490.77","2015-11-15 00:00:00","1.2","74695.44","2506.31","48756.23","47301.23","1427.26","27.74","conventional","GrandRapids"
"30","3151714","667193.97","2015-05-31 00:00:00","1.2","1478975.82","280464.92","725079.29","593192.94","119920.22","11966.13","conventional","GreatLakes"
"26","243537.29","42688","2015-06-28 00:00:00","1.2","124701.97","2556.6","73590.72","70488.1","2376.23","726.39","conventional","HarrisburgScranton"
"41","190760.3","31225.82","2015-03-15 00:00:00","1.2","84433.44","470.53","74630.51","72181.56","2448.95","0","conventional","HarrisburgScranton"
"44","191040.19","32241.22","2015-02-22 00:00:00","1.2","83702.91","506.96","74589.1","73386.08","1203.02","0","conventional","HarrisburgScranton"
"9","234361.36","3444.57","2015-10-25 00:00:00","1.2","183080.97","300.22","47535.6","43920.24","3615.36","0","conventional","HartfordSpringfield"
"32","358753.17","4623.9","2015-05-17 00:00:00","1.2","281567.1","249.3","72312.87","69888.23","2424.64","0","conventional","HartfordSpringfield"
"20","148384.89","3553.34","2015-08-09 00:00:00","1.2","91631.6","12389.35","40810.6","24883.56","14289.69","1637.35","conventional","Indianapolis"
"28","129526.61","72175.96","2015-06-14 00:00:00","1.2","13979.81","2356.55","41014.29","30968.84","10045.45","0","conventional","Jacksonville"
"39","109050.11","74529.93","2015-03-29 00:00:00","1.2","8432.63","861.41","25226.14","17583.62","7642.52","0","conventional","Jacksonville"
"48","109940.55","66985.59","2015-01-25 00:00:00","1.2","14505.13","523.89","27925.94","16753.47","11172.47","0","conventional","Jacksonville"
"50","99757.17","57635.74","2015-01-11 00:00:00","1.2","17025.48","529.41","24566.54","14862.7","9703.84","0","conventional","Jacksonville"
"32","73537.14","2114.98","2015-05-17 00:00:00","1.2","48390.37","4737.13","18294.66","8983.07","8235.74","1075.85","conventional","Louisville"
"35","2699614.5","698128.52","2015-04-26 00:00:00","1.2","1125853","192090.19","683542.79","642966.9","39078.44","1497.45","conventional","Midsouth"
"3","1068971.54","15730.1","2015-12-06 00:00:00","1.2","887708.08","892.62","164640.74","136643.23","27997.51","0","conventional","NewYork"
"0","3156360.2","69920.54","2015-12-27 00:00:00","1.2","2313155.65","35858.35","737425.66","690116.94","46305.06","1003.66","conventional","Northeast"
"1","3190120.04","72576.52","2015-12-20 00:00:00","1.2","2330694.41","14909.65","771939.46","709816.2","60823.26","1300","conventional","Northeast"
"17","3825966.51","93227.99","2015-08-30 00:00:00","1.2","2981372.2","11075.1","740291.22","678533.22","60808.49","949.51","conventional","Northeast"
"24","4454138.91","110242.95","2015-07-12 00:00:00","1.2","3051823.18","75096.18","1216976.6","1148604.15","67207.62","1164.83","conventional","Northeast"
"28","4561749.66","112693.47","2015-06-14 00:00:00","1.2","2985953.81","56827.08","1406275.3","1285655.99","118366.89","2252.42","conventional","Northeast"
"30","413699.46","2523.96","2015-05-31 00:00:00","1.2","313153.31","61.25","97960.94","97960.94","0","0","conventional","NorthernNewEngland"
"3","199063.82","135222.96","2015-12-06 00:00:00","1.2","21555.66","121.93","42163.27","24098.62","18064.65","0","conventional","Orlando"
"19","425707.59","14748.68","2015-08-16 00:00:00","1.2","324061.94","652.49","86244.48","78393.26","7851.22","0","conventional","Philadelphia"
"18","83196.11","1411.93","2015-08-23 00:00:00","1.2","51014.61","1714.56","29055.01","18577.69","10477.32","0","conventional","Pittsburgh"
"26","111690.04","1548.14","2015-06-28 00:00:00","1.2","62790.32","3823.55","43528.03","31542.36","11981.88","3.79","conventional","Pittsburgh"
"39","401824.91","162580.71","2015-03-29 00:00:00","1.2","163122.62","18487.16","57634.42","57229.61","402.85","1.96","conventional","Portland"
"22","232204.85","50568.58","2015-07-26 00:00:00","1.2","52944.26","41446.55","87245.46","87050.05","195.41","0","conventional","RaleighGreensboro"
"23","246513.23","46281.36","2015-07-19 00:00:00","1.2","63762.88","45046.22","91422.77","90363.6","1059.17","0","conventional","RaleighGreensboro"
"43","216841.43","57245.09","2015-03-01 00:00:00","1.2","55213.6","36330.01","68052.73","67743.53","309.2","0","conventional","RaleighGreensboro"
"51","221086.46","53316.16","2015-01-04 00:00:00","1.2","72178.46","39928.01","55663.83","44040.64","11623.19","0","conventional","RaleighGreensboro"
"39","391178.81","110809.75","2015-03-29 00:00:00","1.2","203705.17","13740.39","62923.5","62884.77","38.73","0","conventional","Sacramento"
"49","463472.52","160898.14","2015-01-18 00:00:00","1.2","223145.82","11177.67","68250.89","67519.53","720.65","10.71","conventional","Seattle"
"26","81276.47","38303.6","2015-06-28 00:00:00","1.2","26660.48","6367.68","9944.71","9944.71","0","0","conventional","Spokane"
"23","204464.92","99044.52","2015-07-19 00:00:00","1.2","41712.52","56.2","63651.68","63651.68","0","0","conventional","StLouis"
"17","53699.67","601.15","2015-08-30 00:00:00","1.2","43932.05","102.42","9064.05","9064.05","0","0","conventional","Syracuse"
"17","262575.33","126060.57","2015-08-30 00:00:00","1.2","53665.74","149.12","82699.9","64691.49","17980.34","28.07","conventional","Tampa"
"39","254520.54","169276.36","2015-03-29 00:00:00","1.2","18562","94.15","66588.03","45155.64","21432.39","0","conventional","Tampa"
"19","110528.09","24000.62","2016-08-14 00:00:00","1.2","72970.23","26.76","13530.48","12434.82","350.1","745.56","conventional","Albany"
"44","739486.27","51913.21","2016-02-21 00:00:00","1.2","446499.2","54665.59","186408.27","180041.53","6366.74","0","conventional","BaltimoreWashington"
"22","6104047.38","2019596.6","2016-07-24 00:00:00","1.2","2147541.33","302735.37","1634174.08","1526433.58","82025.57","25714.93","conventional","California"
"25","233543.59","45220.67","2016-07-03 00:00:00","1.2","72710.08","40378.07","75234.77","64809.58","8290.19","2135","conventional","Charlotte"
"27","882074.39","64899.84","2016-06-19 00:00:00","1.2","550499.79","163027.81","103646.95","99766","1867.44","2013.51","conventional","Chicago"
"29","885602.82","31728.98","2016-06-05 00:00:00","1.2","606701.67","145606.57","101565.6","96845.23","3216.39","1503.98","conventional","Chicago"
"18","154116.71","69616.32","2016-08-21 00:00:00","1.2","33284.86","2841.74","48373.79","42940.86","4122.93","1310","conventional","Columbus"
"44","247820.38","76211.84","2016-02-21 00:00:00","1.2","42300.46","62843.26","66464.82","47259.62","10247.76","8957.44","conventional","Detroit"
"2","128166.44","1044.89","2016-12-11 00:00:00","1.2","60598.79","2268.01","64254.75","58703.61","5538.87","12.27","conventional","GrandRapids"
"8","139574.84","9278.4","2016-10-30 00:00:00","1.2","61450.22","1682.81","67163.41","26068.96","41094.45","0","conventional","Indianapolis"
"11","143911.76","11357.01","2016-10-09 00:00:00","1.2","61269.72","2173.86","69111.17","36546.8","32111.39","452.98","conventional","Indianapolis"
"22","178389.87","14627.32","2016-07-24 00:00:00","1.2","82110.02","9886.51","71766.02","37248.18","29877.64","4640.2","conventional","Indianapolis"
"28","151428.59","75763.72","2016-06-12 00:00:00","1.2","28484.78","982.71","46197.38","20061.78","22605.6","3530","conventional","Jacksonville"
"7","225301.45","84137.66","2016-11-06 00:00:00","1.2","29997.69","8196.41","102969.69","52182.56","50534.35","252.78","conventional","LasVegas"
"13","242299.74","98373.06","2016-09-25 00:00:00","1.2","44921.8","5906.75","93098.13","51564.99","41533.14","0","conventional","LasVegas"
"15","480734.81","226500.24","2016-09-11 00:00:00","1.2","89642.47","194","164398.1","77110.61","85586.1","1701.39","conventional","MiamiFtLauderdale"
"49","430079.07","276253.48","2016-01-17 00:00:00","1.2","62106.53","292.47","91426.59","61025.39","30401.2","0","conventional","MiamiFtLauderdale"
"3","2359837.16","605907.37","2016-12-04 00:00:00","1.2","873734.56","41579.46","838615.77","629436.34","206025.98","3153.45","conventional","Midsouth"
"16","3127950.4","954420.93","2016-09-04 00:00:00","1.2","1150320.87","86826.84","936381.76","832619.08","100199.03","3563.65","conventional","Midsouth"
"11","156477.24","77153.68","2016-10-09 00:00:00","1.2","15555.1","127.9","63640.56","41727.3","21913.26","0","conventional","Nashville"
"21","254878.35","141489.27","2016-07-31 00:00:00","1.2","39957.26","239.09","73192.73","58784.17","13783.56","625","conventional","NewOrleansMobile"
"26","1622151.78","16027.59","2016-06-26 00:00:00","1.2","1130566.68","30501.74","445055.77","385977.77","56319.65","2758.35","conventional","NewYork"
"50","3890225.41","96952.31","2016-01-10 00:00:00","1.2","2696731.85","34789.19","1061752.06","976499.36","85149.37","103.33","conventional","Northeast"
"31","459980.05","15264.75","2016-05-22 00:00:00","1.2","282262.41","10911.53","151541.36","143071.97","8469.39","0","conventional","Philadelphia"
"48","96487.8","106.84","2016-01-24 00:00:00","1.2","63654.05","1741.79","30985.12","24102.68","6882.44","0","conventional","Pittsburgh"
"24","303559.52","43145.57","2016-07-10 00:00:00","1.2","124463.71","42699.88","93250.36","80207.55","2107.81","10935","conventional","RaleighGreensboro"
"0","176103.25","57197.5","2016-12-25 00:00:00","1.2","58578.91","2184.2","58142.64","57397.06","745.58","0","conventional","RichmondNorfolk"
"27","508036.18","157354.92","2016-06-19 00:00:00","1.2","276855.96","18508.95","55316.35","54341.35","0","975","conventional","Sacramento"
"10","618367.26","94032.78","2016-10-16 00:00:00","1.2","146878.16","452.03","377004.29","369370.77","7512.55","120.97","conventional","Seattle"
"2","243555.26","106629.29","2016-12-11 00:00:00","1.2","42052.22","2563.93","92309.82","60969.76","31340.06","0","conventional","SouthCarolina"
"47","70174.79","1181.04","2016-01-31 00:00:00","1.2","41173.79","33.29","27786.67","27245.24","541.43","0","conventional","Syracuse"
"22","32339377.09","10331314.28","2016-07-24 00:00:00","1.2","10795751.15","947964.05","10264347.61","8315738.7","1561208.69","387400.22","conventional","TotalUS"
"24","582068.66","301471.59","2017-07-16 00:00:00","1.2","63898.41","100.9","216597.76","154627.41","55794.73","6175.62","conventional","Atlanta"
"28","492836.43","269328.71","2017-06-18 00:00:00","1.2","49177.93","145.33","174184.46","94081.93","69712.53","10390","conventional","Atlanta"
"32","526840.14","253792.75","2017-05-21 00:00:00","1.2","49347.3","1650.7","222049.39","142077.31","70753.58","9218.5","conventional","Atlanta"
"27","95071.28","41340.98","2017-06-25 00:00:00","1.2","3573.62","7667.69","42488.99","42360.01","52.46","76.52","conventional","Boise"
"33","94466.25","38987.28","2017-05-14 00:00:00","1.2","2778.88","9358.25","43341.84","41044.26","2292.62","4.96","conventional","Boise"
"39","94905.4","41043.29","2017-04-02 00:00:00","1.2","3616.58","9919.67","40325.86","40187.35","115.56","22.95","conventional","Boise"
"9","5714676.89","1981731.12","2017-10-29 00:00:00","1.2","2384845.53","125816.68","1222283.56","1165130.71","22762.03","34390.82","conventional","California"
"28","6599048.85","2691571.96","2017-06-18 00:00:00","1.2","1650089.15","191313.38","2066074.36","1989158.83","5912.72","71002.81","conventional","California"
"30","6507093.57","2378539.46","2017-06-04 00:00:00","1.2","1580024.38","141320.44","2407209.29","2348867.54","4428.25","53913.5","conventional","California"
"16","997274.92","569828.24","2017-09-10 00:00:00","1.2","167025.65","1360.98","259060.05","179460.8","79463","136.25","conventional","DallasFtWorth"
"9","783939.18","130556.48","2017-10-29 00:00:00","1.2","226576.7","10872.4","415933.6","92309.2","323624.4","0","conventional","Denver"
"19","877603.13","113449.77","2017-08-20 00:00:00","1.2","324067.53","13424.53","426661.3","88857.19","337802.85","1.26","conventional","Denver"
"25","4104371.46","695313.32","2017-07-09 00:00:00","1.2","1385858.46","373472.43","1649727.25","1093507.57","476444.72","79774.96","conventional","GreatLakes"
"47","486542.38","52460.96","2017-02-05 00:00:00","1.2","356398.62","23027.59","54655.21","49803.73","3869.41","982.07","conventional","HartfordSpringfield"
"15","964460.21","460806.95","2017-09-17 00:00:00","1.2","171011.56","2264.51","330377.19","229435.93","100937.93","3.33","conventional","Houston"
"38","89926.02","2222.25","2017-04-09 00:00:00","1.2","43333.76","209.34","44160.67","17618.59","26542.08","0","conventional","Louisville"
"44","3310530.37","689256.5","2017-02-26 00:00:00","1.2","1618434.51","52647.95","950191.41","823879.69","123351.91","2959.81","conventional","Midsouth"
"6","349206","212316","2017-11-19 00:00:00","1.2","27720","907","108263","63245","45015","3","conventional","Orlando"
"16","727628.13","397475.35","2017-09-10 00:00:00","1.2","129503.24","3441.71","197207.83","141600.41","55189.64","417.78","conventional","PhoenixTucson"
"17","727912.24","407081.82","2017-09-03 00:00:00","1.2","136998.12","5005.72","178826.58","109254.62","66904.18","2667.78","conventional","PhoenixTucson"
"37","158523.99","30316.73","2017-04-16 00:00:00","1.2","41034.36","73.98","87098.92","85993.01","1105.91","0","conventional","Roanoke"
"2","404548.13","122866.5","2017-12-17 00:00:00","1.2","225425.46","795.93","55460.24","49298.88","868.99","5292.37","conventional","Sacramento"
"45","431830.4","126780.19","2017-02-19 00:00:00","1.2","247569.1","8981.28","48499.83","45747.06","8.93","2743.84","conventional","Sacramento"
"50","469431.68","147645.88","2017-01-15 00:00:00","1.2","275717.97","670.73","45397.1","42762.25","2404.85","230","conventional","Sacramento"
"6","3446284","1997537","2017-11-19 00:00:00","1.2","326446","12078","1110222","674139","423999","12084","conventional","Southeast"
"3","74626.15","20460.76","2017-12-10 00:00:00","1.2","20182.48","397.01","33585.9","26559.33","6994.31","32.26","conventional","Spokane"
"26","102306.61","19186.14","2017-07-02 00:00:00","1.2","34732.14","150.14","48238.19","48093.04","35.92","109.23","conventional","Spokane"
"12","591001.79","371142.58","2017-10-08 00:00:00","1.2","99797.74","288.21","119773.26","61163.75","58609.51","0","conventional","WestTexNewMexico"
"15","585989.67","348290.56","2017-09-17 00:00:00","1.2","103677.84","1179.49","132841.78","88720.88","44120.9","0","conventional","WestTexNewMexico"
"5","3351722.04","639056.82","2018-02-18 00:00:00","1.2","856103.82","251048.73","1605512.67","1146466.95","412433.13","46612.59","conventional","GreatLakes"
"10","188231.39","42103.61","2018-01-14 00:00:00","1.2","39886.19","14213.38","92028.21","87576.92","4431.35","19.94","conventional","Indianapolis"
"11","197919.4","116008.83","2018-01-07 00:00:00","1.2","13934.03","395.16","67581.38","26811.45","40448.82","321.11","conventional","Jacksonville"
"3","3554252.13","823140.05","2018-03-04 00:00:00","1.2","1320402.53","27046.92","1383662.63","1172483.78","200264.2","10914.65","conventional","Midsouth"
"11","3437632.8","998436.07","2018-01-07 00:00:00","1.2","1224229.25","24958.08","1190009.4","1033913.96","152674.33","3421.11","conventional","Midsouth"
"8","2278728.69","82652.82","2018-01-28 00:00:00","1.2","1501055.47","745.5","694274.9","675215.26","18491.86","567.78","conventional","NewYork"
"5","1807033.26","772199.5","2018-02-18 00:00:00","1.2","506014.94","6634.13","522184.69","422152.59","99678.78","353.32","conventional","Plains"
"2","384595.79","106062.76","2018-03-11 00:00:00","1.2","132338.25","5654.47","140540.31","135823.49","4716.82","0","conventional","RaleighGreensboro"
"5","396970.44","173173.18","2018-02-18 00:00:00","1.2","65055.84","3355.35","155386.07","115741.19","35864.29","3780.59","conventional","SouthCarolina"
"10","102537.95","25067.66","2018-01-14 00:00:00","1.2","30621.77","483.2","46365.32","22425.95","23850.96","88.41","conventional","Spokane"
"1","71732.63","8952.71","2018-03-18 00:00:00","1.2","33509.12","83","29187.8","9185.93","20001.87","0","conventional","Syracuse"
"11","484007.91","317536.23","2018-01-07 00:00:00","1.2","44226.34","1046.81","121198.53","68969.54","52215.66","13.33","conventional","Tampa"
"10","37299945.22","12600918.24","2018-01-14 00:00:00","1.2","11866197.84","652808.4","12180020.74","8128241.88","3917569.95","134208.91","conventional","TotalUS"
"6","8896.59","338.88","2015-11-15 00:00:00","1.2","7249.58","0","1308.13","286.67","1021.46","0","organic","CincinnatiDayton"
"43","11760.53","9766.77","2015-03-01 00:00:00","1.2","580.43","0","1413.33","1413.33","0","0","organic","Houston"
"49","9979.64","8538.96","2015-01-18 00:00:00","1.2","690.68","0","750","750","0","0","organic","Houston"
"47","39672.8","20129","2015-02-01 00:00:00","1.2","12970.57","4.68","6568.55","540","6028.55","0","organic","Portland"
"9","6581.8","1676.18","2015-10-25 00:00:00","1.2","1349.56","227.92","3328.14","40","3288.14","0","organic","StLouis"
"25","7238.95","0","2016-07-03 00:00:00","1.2","1729.89","0","5509.06","471.67","5037.39","0","organic","Boise"
"9","17064.45","488.59","2016-10-23 00:00:00","1.2","7531.36","0","9044.5","629.95","8414.55","0","organic","CincinnatiDayton"
"29","16321.6","374.82","2016-06-05 00:00:00","1.2","8709.85","0","7236.93","759.52","6477.41","0","organic","CincinnatiDayton"
"23","11566.22","713.11","2016-07-17 00:00:00","1.2","4467.58","0","6385.53","730.17","5655.36","0","organic","Columbus"
"41","18432.74","8425.39","2016-03-13 00:00:00","1.2","786.3","0","9221.05","7918.85","1302.2","0","organic","DallasFtWorth"
"25","27913.57","13460.89","2016-07-03 00:00:00","1.2","3315.6","58.26","11078.82","11019","59.82","0","organic","Denver"
"24","25644.01","14763.71","2016-07-10 00:00:00","1.2","41.96","0","10838.34","10769.58","68.76","0","organic","Houston"
"37","13926.61","6289.57","2016-04-10 00:00:00","1.2","37.68","0","7599.36","5796.76","1802.6","0","organic","Houston"
"32","28101.68","6186.61","2016-05-15 00:00:00","1.2","15446.24","0","6468.83","433.09","6035.74","0","organic","LasVegas"
"15","109755.53","14941.57","2016-09-11 00:00:00","1.2","36981.61","23.87","57808.48","56410.52","1397.96","0","organic","LosAngeles"
"19","131165.91","18708.27","2016-08-14 00:00:00","1.2","27837.86","28.79","84590.99","79648.93","4942.06","0","organic","LosAngeles"
"23","11534.1","891.11","2016-07-17 00:00:00","1.2","4624.57","0","6018.42","350.09","5668.33","0","organic","Nashville"
"40","1237.02","69.07","2016-03-20 00:00:00","1.2","145.82","12.28","1009.85","975.74","34.11","0","organic","Pittsburgh"
"27","9147.53","131.97","2016-06-19 00:00:00","1.2","4497.75","420.11","4097.7","1913.09","2184.61","0","organic","RichmondNorfolk"
"21","8671.66","222.38","2016-07-31 00:00:00","1.2","3754.04","0","4695.24","1543.88","3151.36","0","organic","Roanoke"
"33","54996.33","637.12","2016-05-08 00:00:00","1.2","24402.5","31.65","29925.06","291.79","29633.27","0","organic","Seattle"
"50","3528.15","44.29","2016-01-10 00:00:00","1.2","1435.6","3.85","2044.41","0","2044.41","0","organic","Spokane"
"22","5350.17","12.25","2016-07-24 00:00:00","1.2","31.26","0","5306.66","5283.33","23.33","0","organic","Tampa"
"26","12497.92","163.03","2017-07-02 00:00:00","1.2","3207","0","9127.89","1961.11","7166.78","0","organic","Nashville"
"32","9281.83","358.52","2017-05-21 00:00:00","1.2","2467.74","0","6455.57","591.22","5864.35","0","organic","Nashville"
"20","8220.25","164.92","2017-08-13 00:00:00","1.2","93.1","0","7962.23","7945.56","16.67","0","organic","NewOrleansMobile"
"41","7983.96","222.33","2017-03-19 00:00:00","1.2","2146.38","0","5615.25","2557.65","3057.6","0","organic","Roanoke"
"0","4873.1","51.97","2017-12-31 00:00:00","1.2","54.57","0","4766.56","3051.42","1715.14","0","organic","Syracuse"
"49","6939.71","252.11","2017-01-22 00:00:00","1.2","33.77","0","6653.83","4266.66","2387.17","0","organic","Tampa"
"49","208810.31","32006.16","2017-01-22 00:00:00","1.2","45982.34","70.4","130751.41","45987.98","84763.43","0","organic","West"
"1","32634.06","723.66","2018-03-18 00:00:00","1.2","8582.89","0","23327.51","11776.03","11551.48","0","organic","Columbus"
"1","63356.5","1452.72","2018-03-18 00:00:00","1.2","18641.57","0","43210.85","22871.48","20339.37","0","organic","Detroit"
"1","17377.59","384.68","2018-03-18 00:00:00","1.2","3856.94","0","13122.54","7412.71","5709.83","0","organic","Indianapolis"
"31","101470.91","680.27","2015-05-24 00:00:00","1.19","71376.81","58.7","29355.13","28761.81","593.32","0","conventional","Albany"
"36","49064.73","774.15","2015-04-19 00:00:00","1.19","33941.51","47.15","14301.92","13602.97","698.95","0","conventional","Albany"
"9","656892.03","53766.25","2015-10-25 00:00:00","1.19","397911.35","49085.74","156128.69","149987.55","6141.14","0","conventional","BaltimoreWashington"
"13","696281.81","34309.05","2015-09-27 00:00:00","1.19","451061.03","59018.61","151893.12","146792.81","5100.31","0","conventional","BaltimoreWashington"
"30","949177.06","67744.84","2015-05-31 00:00:00","1.19","617813.87","45832.8","217785.55","211787.29","5730.22","268.04","conventional","BaltimoreWashington"
"17","60099.83","40926.77","2015-08-30 00:00:00","1.19","5809.92","7922.58","5440.56","5440.56","0","0","conventional","Boise"
"37","66246.3","44469.15","2015-04-12 00:00:00","1.19","8506.36","7523.01","5747.78","5747.78","0","0","conventional","Boise"
"4","350559.81","3609.25","2015-11-29 00:00:00","1.19","272719.08","105.86","74125.62","73864.52","261.1","0","conventional","Boston"
"39","453631.25","3619.31","2015-03-29 00:00:00","1.19","339299.3","151.36","110561.28","108838.11","1723.17","0","conventional","Boston"
"15","171077.53","30122.92","2015-09-13 00:00:00","1.19","41616.87","36469.43","62868.31","56910.24","5958.07","0","conventional","Charlotte"
"23","187575.03","33382.11","2015-07-19 00:00:00","1.19","49072.16","39515.29","65605.47","62470.83","3134.64","0","conventional","Charlotte"
"30","194630.86","45688.14","2015-05-31 00:00:00","1.19","43259.91","44529.73","61153.08","58990.8","2162.28","0","conventional","Charlotte"
"33","192767.09","47626.37","2015-05-10 00:00:00","1.19","42863.8","38370.27","63906.65","61759.57","2147.08","0","conventional","Charlotte"
"38","177919.28","43112.4","2015-04-05 00:00:00","1.19","40448.49","36210.12","58148.27","56450.56","1599.1","98.61","conventional","Charlotte"
"40","182876.15","41638.46","2015-03-22 00:00:00","1.19","44726.81","37099.23","59411.65","56443.98","2967.67","0","conventional","Charlotte"
"41","183944.05","39138.41","2015-03-15 00:00:00","1.19","48595.62","43739.93","52470.09","51028.01","1442.08","0","conventional","Charlotte"
"51","166006.29","29419.03","2015-01-04 00:00:00","1.19","47220.75","38568.95","50797.56","44329.03","6468.53","0","conventional","Charlotte"
"14","729117.42","16477.56","2015-09-20 00:00:00","1.19","534644.45","103103.75","74891.66","71195.89","3316.58","379.19","conventional","Chicago"
"15","775671.49","17172.26","2015-09-13 00:00:00","1.19","546965.49","128619.66","82914.08","78368.45","3809.54","736.09","conventional","Chicago"
"25","736913.15","146171.45","2015-07-05 00:00:00","1.19","428389.18","19546.92","142805.6","88349.57","54456.03","0","conventional","Denver"
"35","620827.49","160372.05","2015-04-26 00:00:00","1.19","381779.34","5981.19","72694.91","44469.33","27221.41","1004.17","conventional","Denver"
"38","645727.95","156966.84","2015-04-05 00:00:00","1.19","396449.92","6308.61","86002.58","53589.8","31483.61","929.17","conventional","Denver"
"48","277325.29","110113.35","2015-01-25 00:00:00","1.19","47558.4","45889.29","73764.25","69311.52","1280.03","3172.7","conventional","Detroit"
"24","153112.84","4663.59","2015-07-12 00:00:00","1.19","66045.81","9833.58","72569.86","66368.31","4901.72","1299.83","conventional","GrandRapids"
"48","144301.73","1112.09","2015-01-25 00:00:00","1.19","78092.72","6374.01","58722.91","54053.21","4552.75","116.95","conventional","GrandRapids"
"16","225494.59","37453.63","2015-09-06 00:00:00","1.19","128772.37","465.01","58803.58","57426.04","1344.61","32.93","conventional","HarrisburgScranton"
"23","229650.57","42405.8","2015-07-19 00:00:00","1.19","119272.94","1020.51","66951.32","65842.25","1051.54","57.53","conventional","HarrisburgScranton"
"25","275844.88","49829.42","2015-07-05 00:00:00","1.19","142250.13","3215.99","80549.34","78409.83","1623.22","516.29","conventional","HarrisburgScranton"
"27","255431.85","44179.19","2015-06-21 00:00:00","1.19","128614.97","3182.4","79455.29","76907.65","1624.65","922.99","conventional","HarrisburgScranton"
"32","252843.56","44842.47","2015-05-17 00:00:00","1.19","120942.94","487.01","86571.14","85065.22","1400.8","105.12","conventional","HarrisburgScranton"
"33","299147.73","53021.23","2015-05-10 00:00:00","1.19","158314.43","585.43","87226.64","85161.38","2065.26","0","conventional","HarrisburgScranton"
"3","239945.42","4269.91","2015-12-06 00:00:00","1.19","199395.25","192.36","36087.9","35448.13","639.77","0","conventional","HartfordSpringfield"
"1","95935.66","63053.15","2015-12-20 00:00:00","1.19","6544.15","241.09","26097.27","16151.43","9940.6","5.24","conventional","Jacksonville"
"3","93337.13","65041.02","2015-12-06 00:00:00","1.19","7716.82","703.2","19876.09","8770.31","11105.78","0","conventional","Jacksonville"
"38","2519677.31","617567.29","2015-04-05 00:00:00","1.19","1066608.5","183653.85","651847.67","607923.59","42910.27","1013.81","conventional","Midsouth"
"41","2462108.11","570576.91","2015-03-15 00:00:00","1.19","1066470.63","210234.78","614825.79","578103.5","34641.93","2080.36","conventional","Midsouth"
"49","2330829.2","530333.83","2015-01-18 00:00:00","1.19","1045424.87","186027.52","569042.98","478770.7","90214.44","57.84","conventional","Midsouth"
"21","4154658.67","104772.22","2015-08-02 00:00:00","1.19","3244095.85","11726.4","794064.2","742929.61","51131.53","3.06","conventional","Northeast"
"11","278472.66","3616.8","2015-10-11 00:00:00","1.19","231543.02","204.79","43108.05","43001.38","106.67","0","conventional","NorthernNewEngland"
"38","309143.83","2352.11","2015-04-05 00:00:00","1.19","252306.55","82.02","54403.15","54288.7","114.45","0","conventional","NorthernNewEngland"
"40","282155.05","4556.72","2015-03-22 00:00:00","1.19","229492.52","55.64","48050.17","47856.09","194.08","0","conventional","NorthernNewEngland"
"9","398337.69","19897.83","2015-10-25 00:00:00","1.19","283085.98","437.37","94916.51","84288.89","10627.62","0","conventional","Philadelphia"
"15","454795.64","15898.8","2015-09-13 00:00:00","1.19","346217.39","752.17","91927.28","78976.79","12950.49","0","conventional","Philadelphia"
"20","405555.56","14929.69","2015-08-09 00:00:00","1.19","294414.04","801.53","95410.3","88554.27","6856.03","0","conventional","Philadelphia"
"2","65332.74","1219.9","2015-12-13 00:00:00","1.19","38684.45","959.83","24468.56","15525.47","8943.09","0","conventional","Pittsburgh"
"14","74826.22","1137.38","2015-09-20 00:00:00","1.19","44085.07","1176.81","28426.96","19393.09","9033.87","0","conventional","Pittsburgh"
"20","448135.88","174171.38","2015-08-09 00:00:00","1.19","185098.36","17536.12","71330.02","71232.22","89.57","8.23","conventional","Portland"
"25","574999.04","215805.97","2015-07-05 00:00:00","1.19","273227.27","22969.6","62996.2","59731.74","3256.13","8.33","conventional","Portland"
"24","247167.15","38293.85","2015-07-12 00:00:00","1.19","78845.11","42204.73","87823.46","86455.56","1367.9","0","conventional","RaleighGreensboro"
"40","244658.35","78241.83","2015-03-22 00:00:00","1.19","60049.35","37929.9","68437.27","67695.64","741.63","0","conventional","RaleighGreensboro"
"42","177541.37","50712.87","2015-03-08 00:00:00","1.19","64964.66","10295.75","51568.09","51568.09","0","0","conventional","RichmondNorfolk"
"38","121569.73","48155.42","2015-04-05 00:00:00","1.19","44874.21","258.54","28281.56","27849.27","432.29","0","conventional","Roanoke"
"36","415841.32","117518.41","2015-04-19 00:00:00","1.19","241637.11","13267.34","43418.46","43392.71","25.75","0","conventional","Sacramento"
"48","360027.65","101289.29","2015-01-25 00:00:00","1.19","210411.75","9507.42","38819.19","38819.19","0","0","conventional","Sacramento"
"40","841723.81","136354.98","2015-03-22 00:00:00","1.19","568189.47","30959.94","106219.42","105385.09","818.89","15.44","conventional","SanFrancisco"
"27","577605","178641.03","2015-06-21 00:00:00","1.19","272213.83","16161.24","110588.9","110537.43","31.33","20.14","conventional","Seattle"
"35","490426.14","202726.84","2015-04-26 00:00:00","1.19","188384.71","10046.11","89268.48","89235.28","21.77","11.43","conventional","Seattle"
"17","2544630.5","1422797.76","2015-08-30 00:00:00","1.19","464251.81","31618.81","625962.12","489650.49","136184.25","127.38","conventional","Southeast"
"49","2595783.66","1815847.03","2015-01-18 00:00:00","1.19","273695.84","22004.31","484236.48","258541.9","225694.58","0","conventional","Southeast"
"21","74839.74","35242.08","2015-08-02 00:00:00","1.19","24453.69","3189.46","11954.51","11954.51","0","0","conventional","Spokane"
"29","79733.85","40534.99","2015-06-07 00:00:00","1.19","26271.71","3744.52","9182.63","9182.63","0","0","conventional","Spokane"
"41","71766.04","32528.5","2015-03-15 00:00:00","1.19","26391.31","3967.68","8878.55","8878.55","0","0","conventional","Spokane"
"35","304135.67","203078.44","2015-04-26 00:00:00","1.19","19757.32","118.14","81181.77","60977.02","19915.86","288.89","conventional","Tampa"
"46","236434.37","155193.87","2015-02-08 00:00:00","1.19","21932.31","59","59249.19","25516.89","33732.3","0","conventional","Tampa"
"9","92080.35","4222.93","2016-10-23 00:00:00","1.19","77537.36","46","10274.06","10160.26","113.8","0","conventional","Albany"
"30","890196.73","61989.17","2016-05-29 00:00:00","1.19","577334.28","44265.84","206607.44","200150.21","3716.12","2741.11","conventional","BaltimoreWashington"
"31","837573.29","60638.26","2016-05-22 00:00:00","1.19","540988.18","19544.87","216401.98","211306.25","2950.73","2145","conventional","BaltimoreWashington"
"39","781627.98","59850.43","2016-03-27 00:00:00","1.19","523531.51","15295.4","182950.64","179809.74","3140.9","0","conventional","BaltimoreWashington"
"30","147423.25","1442.3","2016-05-29 00:00:00","1.19","81631.15","353.83","63995.97","63440.97","0","555","conventional","BuffaloRochester"
"12","5652496.31","2359102.44","2016-10-02 00:00:00","1.19","1664176.22","121961.08","1507256.57","1420423.91","58294.32","28538.34","conventional","California"
"15","272611.45","108308.69","2016-09-11 00:00:00","1.19","103071.11","124.41","61107.24","59029.37","2061.76","16.11","conventional","HarrisburgScranton"
"1","122035.89","9114","2016-12-18 00:00:00","1.19","56820.04","1973.93","54127.92","33414.95","20669.06","43.91","conventional","Indianapolis"
"24","164680.49","78117.56","2016-07-10 00:00:00","1.19","34028.17","680.44","51854.32","26529.02","19443.36","5881.94","conventional","Jacksonville"
"26","159128.77","75055.08","2016-06-26 00:00:00","1.19","31811.71","748.85","51513.13","24644.39","23012.91","3855.83","conventional","Jacksonville"
"22","95001.32","2352.49","2016-07-24 00:00:00","1.19","57404","1995.85","33248.98","15345.04","15463.98","2439.96","conventional","Louisville"
"14","541030.4","237187.12","2016-09-18 00:00:00","1.19","103912.38","281.12","199649.78","83963.06","114378.39","1308.33","conventional","MiamiFtLauderdale"
"24","3221650.74","607742.57","2016-07-10 00:00:00","1.19","1498358.41","198307.05","917242.71","753805.95","84303.2","79133.56","conventional","Midsouth"
"9","163017.85","66511.98","2016-10-23 00:00:00","1.19","28375.72","125.57","68004.58","57360.66","9383.92","1260","conventional","Nashville"
"13","264726.41","141795.96","2016-09-25 00:00:00","1.19","34973.15","892.33","87064.97","58016.11","14213.86","14835","conventional","NewOrleansMobile"
"1","357508.29","14139.27","2016-12-18 00:00:00","1.19","293062.77","5316.67","44989.58","44559.31","396.94","33.33","conventional","NorthernNewEngland"
"28","472020.49","48479.14","2016-06-12 00:00:00","1.19","307758.96","30137.67","85644.72","82839.72","0","2805","conventional","NorthernNewEngland"
"18","347563.11","170496.96","2016-08-21 00:00:00","1.19","87311.02","83.44","89671.69","60961.16","23780.53","4930","conventional","Orlando"
"49","248039.16","155452.86","2016-01-17 00:00:00","1.19","21801.29","83.47","70701.54","50177.98","20509.36","14.2","conventional","Orlando"
"45","445228.64","15846.19","2016-02-14 00:00:00","1.19","283607.57","1006.08","144768.8","132177.05","12591.75","0","conventional","Philadelphia"
"51","421093.02","13858.25","2016-01-03 00:00:00","1.19","309377.59","918.32","96938.86","89684.36","7254.5","0","conventional","Philadelphia"
"12","229339.1","95732.95","2016-10-02 00:00:00","1.19","68003.98","5204.62","60397.55","59496.47","901.08","0","conventional","RichmondNorfolk"
"19","512843.34","154532.23","2016-08-14 00:00:00","1.19","299818.16","14039.56","44453.39","44453.39","0","0","conventional","Sacramento"
"19","499056.18","151194.91","2016-08-14 00:00:00","1.19","164960.87","17324.53","165575.87","149733.92","15841.95","0","conventional","SanDiego"
"8","3733135.22","1917984.65","2016-10-30 00:00:00","1.19","802089.74","19653.3","993407.53","733102.01","242672.72","17632.8","conventional","SouthCentral"
"11","76241.91","13780.11","2016-10-09 00:00:00","1.19","19165.66","70.54","43225.6","33043.2","10182.4","0","conventional","Spokane"
"25","507337.7","233475.62","2017-07-09 00:00:00","1.19","57935.64","442.12","215484.32","138657.24","69372.08","7455","conventional","Atlanta"
"30","98460.27","42302.58","2017-06-04 00:00:00","1.19","3757.52","7950.05","44450.12","44427.36","11.47","11.29","conventional","Boise"
"47","772110.18","50889.62","2017-02-05 00:00:00","1.19","594522.97","7080.99","119616.6","119075","541.6","0","conventional","Boston"
"1","675592.64","142027.32","2017-12-24 00:00:00","1.19","171218.36","11713.7","350633.26","104300.12","246332.03","1.11","conventional","Denver"
"22","787191.53","145887.05","2017-07-30 00:00:00","1.19","313773.34","12960.79","314570.35","80821.91","233748.44","0","conventional","Denver"
"26","813544.33","124815.87","2017-07-02 00:00:00","1.19","182812.48","25202.91","480713.07","167076.97","313376.38","259.72","conventional","Denver"
"31","835834.41","172557.01","2017-05-28 00:00:00","1.19","175140.35","24390.21","463746.84","125061.72","338685.12","0","conventional","Denver"
"7","3284210","699961","2017-11-12 00:00:00","1.19","1049661","151409","1383179","791377","585936","5866","conventional","GreatLakes"
"33","3901825.7","649626.44","2017-05-14 00:00:00","1.19","1290414.96","302082.61","1659701.69","944331.4","681254.13","34116.16","conventional","GreatLakes"
"43","273485.3","53961.57","2017-03-05 00:00:00","1.19","151537","745.71","67241.02","66399.83","841.19","0","conventional","HarrisburgScranton"
"17","852110.88","426423.84","2017-09-03 00:00:00","1.19","171139.39","1860.58","252687.07","172564.44","79904.85","217.78","conventional","Houston"
"31","188284.12","11651.62","2017-05-28 00:00:00","1.19","77776.16","1540.83","97315.51","45525.97","51742.05","47.49","conventional","Indianapolis"
"5","2153918","987928","2017-11-26 00:00:00","1.19","327525","82683","755782","702784","16197","36801","conventional","LosAngeles"
"20","2832849.85","1412649.35","2017-08-13 00:00:00","1.19","452871.67","120591.71","846737.12","784481.79","21556.57","40698.76","conventional","LosAngeles"
"34","4372728.72","926758.39","2017-05-07 00:00:00","1.19","1699122.93","47936.74","1698910.66","1456000.83","237524.29","5385.54","conventional","Midsouth"
"45","2929351.67","665322.17","2017-02-19 00:00:00","1.19","1215056.58","41351.82","1007621.1","857235.29","147587.67","2798.14","conventional","Midsouth"
"46","1955395.44","294591.11","2017-02-12 00:00:00","1.19","1177334.06","13287.33","470182.94","400217.61","63416.03","6549.3","conventional","NewYork"
"46","5367769.78","736158.49","2017-02-12 00:00:00","1.19","3387834.41","45051.71","1198725.17","1079129.7","111229.11","8366.36","conventional","Northeast"
"51","425000.71","13448.46","2017-01-08 00:00:00","1.19","348811.57","5517.5","57223.18","57223.18","0","0","conventional","NorthernNewEngland"
"46","572219.25","69860.68","2017-02-12 00:00:00","1.19","269591.68","3923.46","228843.43","208810.97","19337.73","694.73","conventional","Philadelphia"
"4","1630974","738854","2017-12-03 00:00:00","1.19","411741","5403","474976","345924","128385","668","conventional","Plains"
"35","2080438.13","1092962.79","2017-04-30 00:00:00","1.19","415847.89","7112.21","564515.24","516294.46","38654.81","9565.97","conventional","Plains"
"1","206250.4","49403.62","2017-12-24 00:00:00","1.19","70977.27","1201.14","84668.37","75698.7","8969.67","0","conventional","RichmondNorfolk"
"25","257780.31","71681.98","2017-07-09 00:00:00","1.19","84932.95","2084.36","99081.02","89396.86","2634.16","7050","conventional","RichmondNorfolk"
"39","288015.28","67802.69","2017-04-02 00:00:00","1.19","87489.8","2400.17","130322.62","130221.54","98.86","2.22","conventional","RichmondNorfolk"
"7","126496","43121","2017-11-12 00:00:00","1.19","31995","173","51207","46960","4235","12","conventional","Roanoke"
"31","729001.29","128463.84","2017-05-28 00:00:00","1.19","191777.16","763.26","407997.03","407840.36","57.37","99.3","conventional","Seattle"
"34","531412.4","256780.48","2017-05-07 00:00:00","1.19","92639.78","3231.21","178760.93","120193.78","54591.21","3975.94","conventional","SouthCarolina"
"9","479880.25","310309.77","2017-10-29 00:00:00","1.19","48829.24","661.15","120080.09","69292.89","50787.2","0","conventional","Tampa"
"8","32051594.24","11042128.27","2017-11-05 00:00:00","1.19","9774987.75","400250.97","10834227.25","7470394.42","3275463.49","88369.34","conventional","TotalUS"
"33","36634269.03","12807836.17","2017-05-14 00:00:00","1.19","9717257.8","652973.26","13456201.8","10373347.62","2859413.59","223440.59","conventional","TotalUS"
"3","785188.72","20384.08","2018-03-04 00:00:00","1.19","645988.55","1884.67","116931.42","88147.57","27442.74","1341.11","conventional","Boston"
"3","168190.37","13533.32","2018-03-04 00:00:00","1.19","75344.69","67.47","79244.89","23485.14","55219.75","540","conventional","BuffaloRochester"
"11","5756632.36","2350838.88","2018-01-07 00:00:00","1.19","1704810.36","135053.06","1565930.06","1465321.32","25951.12","74657.62","conventional","California"
"4","3920643.53","663042.81","2018-02-25 00:00:00","1.19","1184034.99","408305.47","1665260.26","1129063.14","433394.02","102803.1","conventional","GreatLakes"
"2","888615.09","603091.72","2018-03-11 00:00:00","1.19","74717.78","2009.9","208795.69","97893.87","110561.82","340","conventional","MiamiFtLauderdale"
"9","825835.92","592863.38","2018-01-21 00:00:00","1.19","79364.06","1920.89","151687.59","84785.47","66902.12","0","conventional","MiamiFtLauderdale"
"8","3647362.37","778524.44","2018-01-28 00:00:00","1.19","1643934.63","24013.62","1200889.68","1039975.99","157317.79","3595.9","conventional","Midsouth"
"11","430765.97","288886.48","2018-01-07 00:00:00","1.19","34311.29","997.66","106570.54","65277.02","41293.52","0","conventional","Orlando"
"10","311185.65","76364.47","2018-01-14 00:00:00","1.19","126208.57","1844.45","106768.16","84944.73","21823.43","0","conventional","RichmondNorfolk"
"5","530247.15","131656.46","2018-02-18 00:00:00","1.19","330556.13","700.57","67333.99","57058.58","3145.98","7129.43","conventional","Sacramento"
"0","450658.34","205952.19","2018-03-25 00:00:00","1.19","73267.19","4313.11","167125.85","132488.4","31527.74","3109.71","conventional","SouthCarolina"
"11","402919.29","201490.47","2018-01-07 00:00:00","1.19","64214.46","3089.49","134124.87","104998.57","26809.64","2316.66","conventional","SouthCarolina"
"3","94804.19","21571.92","2018-03-04 00:00:00","1.19","26446.43","559","46226.84","20795.01","25368.62","63.21","conventional","Spokane"
"41","13985.95","2004.93","2015-03-15 00:00:00","1.19","9249.47","0","2731.55","0","2731.55","0","organic","Atlanta"
"44","23920.36","12844.54","2015-02-22 00:00:00","1.19","5815.13","667.62","4593.07","4593.07","0","0","organic","BaltimoreWashington"
"47","10707.5","218.51","2015-02-01 00:00:00","1.19","9140.29","0","1348.7","371.08","977.62","0","organic","CincinnatiDayton"
"22","13059.01","12236.42","2015-07-26 00:00:00","1.19","105.92","0","716.67","716.67","0","0","organic","Houston"
"29","10773.86","9794.34","2015-06-07 00:00:00","1.19","312.85","0","666.67","666.67","0","0","organic","Houston"
"24","3105.97","43.77","2015-07-12 00:00:00","1.19","1060.84","0","2001.36","625.97","1375.39","0","organic","Indianapolis"
"32","2363.41","111.73","2015-05-17 00:00:00","1.19","870.72","0","1380.96","258.1","1122.86","0","organic","Indianapolis"
"3","1391.25","15.13","2015-12-06 00:00:00","1.19","868.57","0","507.55","0","507.55","0","organic","Louisville"
"4","1491.28","34.6","2015-11-29 00:00:00","1.19","805.09","0","651.59","0","651.59","0","organic","Louisville"
"12","1849.29","305.21","2015-10-04 00:00:00","1.19","265.77","0","1278.31","996.34","281.97","0","organic","Pittsburgh"
"8","5784.88","96.48","2015-11-01 00:00:00","1.19","2646.44","0","3041.96","536.67","2505.29","0","organic","Roanoke"
"23","7688.92","131.74","2015-07-19 00:00:00","1.19","4316.66","0","3240.52","156.67","3083.85","0","organic","Roanoke"
"1","9420.9","824.62","2016-12-18 00:00:00","1.19","2790.3","0","5805.98","5.58","5800.4","0","organic","Atlanta"
"43","17889.69","7338.02","2016-02-28 00:00:00","1.19","695.76","0","9855.91","8702.31","1153.6","0","organic","DallasFtWorth"
"10","20054.84","6147.83","2016-10-16 00:00:00","1.19","1283.04","13.93","12610.04","572.82","12037.22","0","organic","Denver"
"19","26657.31","8487.5","2016-08-14 00:00:00","1.19","1648.45","12.68","16508.68","16302.01","206.67","0","organic","Denver"
"36","18357.84","437.82","2016-04-17 00:00:00","1.19","9782.03","0","8137.99","1637.54","6500.45","0","organic","Detroit"
"23","5015.85","440.56","2016-07-17 00:00:00","1.19","1496.9","0","3078.39","1304.59","1773.8","0","organic","Indianapolis"
"18","114354.69","19567.47","2016-08-21 00:00:00","1.19","23068.15","3.2","71715.87","71174.26","541.61","0","organic","LosAngeles"
"29","3028.17","0","2016-06-05 00:00:00","1.19","1339.64","0","1688.53","111.23","1577.3","0","organic","Louisville"
"22","6019.75","1.31","2016-07-24 00:00:00","1.19","11.77","0","6006.67","5980","26.67","0","organic","MiamiFtLauderdale"
"20","13685.61","777.34","2016-08-07 00:00:00","1.19","5234.61","0","7673.66","1804.44","5869.22","0","organic","Nashville"
"30","4901.16","2.54","2016-05-29 00:00:00","1.19","353.15","0","4545.47","4545.47","0","0","organic","NorthernNewEngland"
"33","40105","2072.37","2016-05-08 00:00:00","1.19","19665.9","3.33","18363.4","103.33","18260.07","0","organic","Portland"
"26","9200.04","343.51","2016-06-26 00:00:00","1.19","4176.52","391.47","4288.54","1732.8","2555.74","0","organic","RichmondNorfolk"
"36","9118.19","253.12","2016-04-17 00:00:00","1.19","3546.14","205.14","5113.79","3257.15","1856.64","0","organic","RichmondNorfolk"
"20","11490.52","108.73","2016-08-07 00:00:00","1.19","3845.83","0","7535.96","1416.94","6119.02","0","organic","Roanoke"
"26","9043.11","72.94","2016-06-26 00:00:00","1.19","3824.71","0","5145.46","1193.98","3951.48","0","organic","Roanoke"
"49","3476.19","40.41","2016-01-17 00:00:00","1.19","1459.95","3.85","1971.98","0","1971.98","0","organic","Spokane"
"49","155334.45","3657.79","2017-01-22 00:00:00","1.19","74068.65","0","77608.01","27302.29","50305.72","0","organic","GreatLakes"
"31","44588.87","11166.37","2017-05-28 00:00:00","1.19","16.15","0","33406.35","33339.07","67.28","0","organic","Houston"
"39","17183.94","1691.21","2017-04-02 00:00:00","1.19","3619.37","0","11873.36","11740.27","133.09","0","organic","LasVegas"
"42","143848.91","12242.8","2017-03-12 00:00:00","1.19","37476.71","1.6","94127.8","83175.87","10951.93","0","organic","LosAngeles"
"45","115734.75","13178.37","2017-02-19 00:00:00","1.19","33656.51","1.61","68898.26","68066.56","831.7","0","organic","LosAngeles"
"47","91687.96","15626.93","2017-02-05 00:00:00","1.19","34864.22","0","41196.81","40279.83","916.98","0","organic","LosAngeles"
"51","112953.28","18961.66","2017-01-08 00:00:00","1.19","33123.81","3.12","60864.69","57800.85","3063.84","0","organic","LosAngeles"
"28","4866.2","0","2017-06-18 00:00:00","1.19","1421.83","0","3444.37","6.67","3437.7","0","organic","Louisville"
"49","5887.98","221.91","2017-01-22 00:00:00","1.19","12.1","0","5653.97","3727.78","1926.19","0","organic","MiamiFtLauderdale"
"50","7707.31","297.27","2017-01-15 00:00:00","1.19","12.11","0","7397.93","5116.66","2281.27","0","organic","MiamiFtLauderdale"
"38","47499.5","2571.34","2017-04-09 00:00:00","1.19","8188.26","20.45","36719.45","170.92","36548.53","0","organic","Portland"
"42","34526.66","3661.47","2017-03-12 00:00:00","1.19","3665.38","4.91","27194.9","162.44","27032.46","0","organic","Portland"
"39","10899.57","309.33","2017-04-02 00:00:00","1.19","3031.18","0","7559.06","2514.95","5044.11","0","organic","Roanoke"
"4","98030.75","1019.98","2017-12-03 00:00:00","1.19","29524.69","55.28","67430.8","1978.94","65389","62.86","organic","Seattle"
"31","187973.68","32930.32","2017-05-28 00:00:00","1.19","18293.4","0","136749.96","131941.91","4808.05","0","organic","SouthCentral"
"36","144414.88","40490.03","2017-04-23 00:00:00","1.19","7341.55","9","96574.3","59848.8","36725.5","0","organic","SouthCentral"
"42","5020.91","169.93","2017-03-12 00:00:00","1.19","1599.48","11.68","3239.82","30","3209.82","0","organic","Spokane"
"41","10420.76","1187.88","2017-03-19 00:00:00","1.19","489","0","8743.88","1218.56","7525.32","0","organic","StLouis"
"34","442825.93","85438.01","2017-05-07 00:00:00","1.19","70952.57","396.53","286038.82","84763.47","201275.35","0","organic","West"
"52","189700.7","20783.06","2017-01-01 00:00:00","1.19","35758.45","36.46","133122.73","33998.5","99124.23","0","organic","West"
"36","30499.28","2386.19","2017-04-09 00:00:00","1.19","3749.72","34.72","24328.65","24193.63","135.02","0","organic","WestTexNewMexico"
"48","17014.23","1203.87","2017-01-15 00:00:00","1.19","2904.22","23.07","12883.07","12476.57","406.5","0","organic","WestTexNewMexico"
"10","10864.95","318.7","2018-01-14 00:00:00","1.19","133.26","0","10412.99","3248.18","7164.81","0","organic","BuffaloRochester"
"1","6981.22","162.32","2018-03-18 00:00:00","1.19","87.87","0","6731.03","2782.91","3948.12","0","organic","Syracuse"
"8","6393.58","30.09","2018-01-28 00:00:00","1.19","128.49","0","6235","5670.94","564.06","0","organic","Syracuse"
"16","823623.36","63903.73","2015-09-06 00:00:00","1.18","522568.44","68180.35","168970.84","165696.58","3268.72","5.54","conventional","BaltimoreWashington"
"23","800194.34","52954.94","2015-07-19 00:00:00","1.18","496206.47","50319.84","200713.09","196837.6","3862.02","13.47","conventional","BaltimoreWashington"
"31","908661.83","63610.12","2015-05-24 00:00:00","1.18","560740.03","49808.51","234503.17","228842.95","5548.94","111.28","conventional","BaltimoreWashington"
"50","57355.52","38112.34","2015-01-11 00:00:00","1.18","10997.54","3321.89","4923.75","3295.11","1628.64","0","conventional","Boise"
"23","597168.12","4720.08","2015-07-19 00:00:00","1.18","477629.8","5071.77","109746.47","109519","227.47","0","conventional","Boston"
"40","453173.22","5956.18","2015-03-22 00:00:00","1.18","344396.92","155.94","102664.18","102204.17","460.01","0","conventional","Boston"
"18","5193221","2626977.95","2015-08-23 00:00:00","1.18","1798911.33","222082.91","545248.81","535183.95","6573.5","3491.36","conventional","California"
"23","5225200.52","2805887.74","2015-07-19 00:00:00","1.18","1629871.75","188207.47","601233.56","577736.96","20673.8","2822.8","conventional","California"
"24","182856.82","23580.7","2015-07-12 00:00:00","1.18","56317.45","35107.11","67851.56","65681.23","2170.33","0","conventional","Charlotte"
"25","216118.9","30803.29","2015-07-05 00:00:00","1.18","73470.29","40602.17","71243.15","67865.26","3377.89","0","conventional","Charlotte"
"36","180944.22","38330.46","2015-04-19 00:00:00","1.18","41954.32","36041.12","64618.32","63182.05","1436.27","0","conventional","Charlotte"
"43","176146.34","45465.24","2015-03-01 00:00:00","1.18","40006.65","34948.86","55725.59","52873.84","2851.75","0","conventional","Charlotte"
"48","167270.13","37383.37","2015-01-25 00:00:00","1.18","44000.75","31576.2","54309.81","41623.4","12686.41","0","conventional","Charlotte"
"12","675172.63","14268.84","2015-10-04 00:00:00","1.18","485262.12","105711.4","69930.27","66015.29","2240.14","1674.84","conventional","Chicago"
"42","772997.09","27489.32","2015-03-08 00:00:00","1.18","523118","112934.4","109455.37","107215.4","2234.66","5.31","conventional","Chicago"
"44","773078.09","39072.26","2015-02-22 00:00:00","1.18","533387.47","106178.47","94439.89","90447.44","3976.51","15.94","conventional","Chicago"
"22","703672.69","138942.76","2015-07-26 00:00:00","1.18","376355.19","25777.83","162596.91","58753.1","103843.81","0","conventional","Denver"
"24","738933.68","123673.43","2015-07-12 00:00:00","1.18","423853.38","22068.15","169338.72","66816.09","101611.95","910.68","conventional","Denver"
"38","2938918.81","504487.79","2015-04-05 00:00:00","1.18","1595354.39","221603.31","617473.32","552075.78","61643.12","3754.42","conventional","GreatLakes"
"17","219908.82","34595.95","2015-08-30 00:00:00","1.18","125106.29","614.86","59591.72","57205.13","1779.77","606.82","conventional","HarrisburgScranton"
"37","201544.53","35513.59","2015-04-12 00:00:00","1.18","101051.47","400.34","64579.13","62948.16","1630.97","0","conventional","HarrisburgScranton"
"1","264155.74","4806.75","2015-12-20 00:00:00","1.18","212205.34","184.96","46958.69","45981.69","977","0","conventional","HartfordSpringfield"
"13","60980.52","1456.28","2015-09-27 00:00:00","1.18","40352.61","4205.02","14966.61","8797.15","5225.48","943.98","conventional","Louisville"
"42","62728.85","2777.27","2015-03-08 00:00:00","1.18","38415.34","1615.17","19921.07","11944.24","7667.38","309.45","conventional","Louisville"
"12","2233935.94","467701.3","2015-10-04 00:00:00","1.18","1070891.86","194003.8","501338.98","438547.27","61454.54","1337.17","conventional","Midsouth"
"17","2535192.78","516825.42","2015-08-30 00:00:00","1.18","1161145.08","196950.9","660271.38","620018.68","36845.26","3407.44","conventional","Midsouth"
"32","2817008.33","698401.8","2015-05-17 00:00:00","1.18","1201257.18","203615.52","713733.83","667222.64","44437.39","2073.8","conventional","Midsouth"
"36","2711008.32","654378.33","2015-04-19 00:00:00","1.18","1125460.56","190006.01","741163.42","701805.76","37167.77","2189.89","conventional","Midsouth"
"39","2523110.39","576473.89","2015-03-29 00:00:00","1.18","1160794.38","203057.64","582784.48","547007.1","35421.43","355.95","conventional","Midsouth"
"14","1192210.54","16098.34","2015-09-20 00:00:00","1.18","913022.98","801.09","262288.13","214317.49","47970.64","0","conventional","NewYork"
"25","1666825.63","23947.74","2015-07-05 00:00:00","1.18","1290776.67","5470.64","346630.58","278911.21","67625.57","93.8","conventional","NewYork"
"43","1338129.89","19919.91","2015-03-01 00:00:00","1.18","1025372.06","2849.43","289988.49","228539.44","61449.05","0","conventional","NewYork"
"16","4088061.71","99311.62","2015-09-06 00:00:00","1.18","3227507.37","6693.26","754549.46","688674.24","65777.16","98.06","conventional","Northeast"
"18","400101.77","2487.19","2015-08-23 00:00:00","1.18","338130.6","608.29","58875.69","58875.69","0","0","conventional","NorthernNewEngland"
"27","425885.58","2279.37","2015-06-21 00:00:00","1.18","300069.61","14779.66","108756.94","108756.94","0","0","conventional","NorthernNewEngland"
"44","226965.26","151270.02","2015-02-22 00:00:00","1.18","22481.35","66.79","53147.1","36700.48","16446.62","0","conventional","Orlando"
"2","352369.17","12500.24","2015-12-13 00:00:00","1.18","244536.03","683.27","94649.63","87738.34","6908.05","3.24","conventional","Philadelphia"
"3","346896","16536.57","2015-12-06 00:00:00","1.18","254808.6","540.52","75010.31","67405.8","7596.24","8.27","conventional","Philadelphia"
"40","449261.63","27380.04","2015-03-22 00:00:00","1.18","322071","1104.04","98706.55","85471.81","13234.74","0","conventional","Philadelphia"
"22","433999.24","178906.95","2015-07-26 00:00:00","1.18","171527.43","17189.62","66375.24","66239.5","135.74","0","conventional","Portland"
"23","446862.52","188492.76","2015-07-19 00:00:00","1.18","180269.35","16444.94","61655.47","56419.16","5228.04","8.27","conventional","Portland"
"41","252527.34","66629.12","2015-03-15 00:00:00","1.18","71027.65","46569.19","68301.38","68114.58","186.8","0","conventional","RaleighGreensboro"
"49","179038.39","54459.4","2015-01-18 00:00:00","1.18","66963.59","9958.28","47657.12","36798.65","10858.47","0","conventional","RichmondNorfolk"
"49","112106.05","44676.56","2015-01-18 00:00:00","1.18","37854.42","117.98","29457.09","25952.51","3504.58","0","conventional","Roanoke"
"29","435087.17","143063.59","2015-06-07 00:00:00","1.18","224039.06","14288.77","53695.75","53695.75","0","0","conventional","Sacramento"
"32","397215.12","141111.13","2015-05-17 00:00:00","1.18","200745.02","12034.36","43324.61","43324.61","0","0","conventional","Sacramento"
"17","446850.83","171694.14","2015-08-30 00:00:00","1.18","150815.43","12204.13","112137.13","112127.34","1.48","8.31","conventional","Seattle"
"21","519887.27","210529.13","2015-08-02 00:00:00","1.18","181274.82","12790.08","115293.24","115288.63","2.95","1.66","conventional","Seattle"
"28","615500.43","207290.74","2015-06-14 00:00:00","1.18","274970.73","13480.42","119758.54","119723.88","17.89","16.77","conventional","Seattle"
"21","2674633.13","1539272.45","2015-08-02 00:00:00","1.18","430133.96","81144.7","624082.02","502278.3","121708.26","95.46","conventional","Southeast"
"42","2642581.73","1894002.38","2015-03-08 00:00:00","1.18","199317.95","20683.77","528577.63","413603.79","114973.84","0","conventional","Southeast"
"50","2433295.61","1667012.92","2015-01-11 00:00:00","1.18","269027.02","21918.53","475337.14","260164","215173.14","0","conventional","Southeast"
"22","71150.24","33592.19","2015-07-26 00:00:00","1.18","22293.64","3203.53","12060.88","12060.88","0","0","conventional","Spokane"
"42","69848.58","35184.21","2015-03-08 00:00:00","1.18","24432.93","2713.19","7518.25","7514.21","4.04","0","conventional","Spokane"
"49","69600.14","28457.99","2015-01-18 00:00:00","1.18","29719.57","2933.27","8489.31","7986.02","503.29","0","conventional","Spokane"
"7","148030.6","54277.81","2015-11-08 00:00:00","1.18","29529.64","25.08","64198.07","59269.38","4928.69","0","conventional","StLouis"
"31","236189.46","135166.39","2015-05-24 00:00:00","1.18","38773.04","9","62241.03","62233.36","7.67","0","conventional","StLouis"
"21","274423.66","139950.79","2015-08-02 00:00:00","1.18","50642.05","170.4","83660.42","68312.39","15348.03","0","conventional","Tampa"
"32","275260.08","182281.62","2015-05-17 00:00:00","1.18","18249.86","79.99","74648.61","58505.85","16142.76","0","conventional","Tampa"
"17","145323.22","34912.97","2016-08-28 00:00:00","1.18","94928.79","53.85","15427.61","14367.64","269.97","790","conventional","Albany"
"35","102490.2","954.6","2016-04-24 00:00:00","1.18","87571.23","43.15","13921.22","13463.97","337.81","119.44","conventional","Albany"
"41","108264.9","847.64","2016-03-13 00:00:00","1.18","96117.13","60.99","11239.14","10817.56","421.58","0","conventional","Albany"
"41","845574.79","59401.39","2016-03-13 00:00:00","1.18","580134.23","18702.51","187336.66","184423.26","2913.4","0","conventional","BaltimoreWashington"
"1","631117.18","92760.23","2016-12-18 00:00:00","1.18","363657.94","101491.49","73207.52","65277.81","1065.6","6864.11","conventional","Chicago"
"26","860170.92","80280.37","2016-06-26 00:00:00","1.18","499474.39","159812.33","120603.83","115880.76","457.23","4265.84","conventional","Chicago"
"20","164281.56","70942.5","2016-08-07 00:00:00","1.18","37215.94","3955.17","52167.95","38682.96","13474.99","10","conventional","Columbus"
"23","160413.49","69177.04","2016-07-17 00:00:00","1.18","38319.06","6345.7","46571.69","38846.97","2931.27","4793.45","conventional","Columbus"
"6","661296.8","133528.94","2016-11-13 00:00:00","1.18","197035.03","16010.33","314722.5","84341.19","230381.31","0","conventional","Denver"
"12","677071.87","124504.59","2016-10-02 00:00:00","1.18","172835.74","16447.85","363283.69","76212.51","287071.18","0","conventional","Denver"
"19","657981.41","120449.87","2016-08-14 00:00:00","1.18","189114.15","19582.82","328834.57","100509.79","228324.78","0","conventional","Denver"
"4","262530.31","86557.85","2016-11-27 00:00:00","1.18","47554.19","4974.63","123443.64","121146.63","2289.93","7.08","conventional","Detroit"
"24","311241.09","117420.11","2016-07-10 00:00:00","1.18","41580.84","38634.53","113605.61","82669.6","14996.21","15939.8","conventional","Detroit"
"4","2385048.43","528089.35","2016-11-27 00:00:00","1.18","937488.16","109137.29","810333.63","590905.27","219152.65","275.71","conventional","GreatLakes"
"34","353240.26","4163.82","2016-05-01 00:00:00","1.18","286951.48","246.85","61878.11","59813.16","2064.95","0","conventional","HartfordSpringfield"
"36","284479.69","3817.6","2016-04-17 00:00:00","1.18","212803.93","95.3","67762.86","66917.18","802.38","43.3","conventional","HartfordSpringfield"
"49","352472.83","4186.8","2016-01-17 00:00:00","1.18","265631.34","222.86","82431.83","81352.4","1079.43","0","conventional","HartfordSpringfield"
"3","144732.39","9441.16","2016-12-04 00:00:00","1.18","70441.52","5143.87","59705.84","34658.44","24180.2","867.2","conventional","Indianapolis"
"15","3068639.36","938277.4","2016-09-11 00:00:00","1.18","1164893.69","82491.6","882976.67","747297.58","133300.76","2378.33","conventional","Midsouth"
"8","151715.9","65786.54","2016-10-30 00:00:00","1.18","17343.11","165.83","68420.42","54539.04","12436.38","1445","conventional","Nashville"
"14","244913.97","126047.18","2016-09-18 00:00:00","1.18","32908.26","447.79","85510.74","58161.71","16384.03","10965","conventional","NewOrleansMobile"
"38","3872680.79","99894.98","2016-04-03 00:00:00","1.18","2745624.73","90728.12","936432.96","869386.54","66910.57","135.85","conventional","Northeast"
"29","471356.84","32955.43","2016-06-05 00:00:00","1.18","314403.14","35125.4","88872.87","86447.87","0","2425","conventional","NorthernNewEngland"
"15","312266.53","150964.58","2016-09-11 00:00:00","1.18","55134.51","63.06","106104.38","50283.33","55821.05","0","conventional","Orlando"
"17","326913.34","163536.64","2016-08-28 00:00:00","1.18","80917.57","91.83","82367.3","58695.16","21860.75","1811.39","conventional","Orlando"
"26","333568.95","143186.79","2016-06-26 00:00:00","1.18","76177.69","94.86","114109.61","68453.99","35165.62","10490","conventional","Orlando"
"30","484287.12","15832.42","2016-05-29 00:00:00","1.18","300578.34","17074.29","150802.07","129416.16","21385.91","0","conventional","Philadelphia"
"37","102684.74","1736.95","2016-04-10 00:00:00","1.18","57325.73","1600.52","42021.54","28213.82","13807.72","0","conventional","Pittsburgh"
"42","99548.51","1555.29","2016-03-06 00:00:00","1.18","58262.08","1403.75","38327.39","33427.23","4900.16","0","conventional","Pittsburgh"
"46","105805.21","3398.51","2016-02-07 00:00:00","1.18","72083.75","1740.09","28582.86","21916.83","6666.03","0","conventional","Pittsburgh"
"15","1697761.29","780495.39","2016-09-11 00:00:00","1.18","488705.89","5273.03","423286.98","392942.12","25530.48","4814.38","conventional","Plains"
"30","295356.64","56828.31","2016-05-29 00:00:00","1.18","118782.19","41393.05","78353.09","77273.37","834.72","245","conventional","RaleighGreensboro"
"3","183871.72","82393.63","2016-12-04 00:00:00","1.18","49249.33","2714.51","49514.25","49474.25","40","0","conventional","RichmondNorfolk"
"14","238848.85","99451.59","2016-09-18 00:00:00","1.18","78464.91","4204.51","56727.84","54657.32","2070.52","0","conventional","RichmondNorfolk"
"30","489338.25","166777.3","2016-05-29 00:00:00","1.18","252374.66","18823.94","51362.35","51287.11","4.39","70.85","conventional","Sacramento"
"39","458899.34","129399.89","2016-03-27 00:00:00","1.18","248862.02","20119.22","60518.21","60509.5","8.71","0","conventional","Sacramento"
"40","404736.39","128297.4","2016-03-20 00:00:00","1.18","203155.49","19762.52","53520.98","53491.92","26.15","2.91","conventional","Sacramento"
"14","457197.25","147766.51","2016-09-18 00:00:00","1.18","139189.02","12716.14","157525.58","144313.97","11857.44","1354.17","conventional","SanDiego"
"22","526657.41","168729.48","2016-07-24 00:00:00","1.18","168789.85","22671.76","166466.32","147604.25","18132.07","730","conventional","SanDiego"
"0","690027.33","164595.96","2016-12-25 00:00:00","1.18","462872.97","2525.58","60032.82","52277.99","7459.83","295","conventional","SanFrancisco"
"21","344490.91","156886.45","2016-07-31 00:00:00","1.18","67074.62","12940.85","107588.99","83699.62","23134.37","755","conventional","SouthCarolina"
"22","336673.77","143275.08","2016-07-24 00:00:00","1.18","81763.6","15147.97","96487.12","71699.09","22356.92","2431.11","conventional","SouthCarolina"
"20","3419326.48","1628428.39","2016-08-07 00:00:00","1.18","687208.05","18597.99","1085092.05","710559.72","328992.05","45540.28","conventional","Southeast"
"21","3329108.94","1502915.49","2016-07-31 00:00:00","1.18","710445.49","18938.44","1096809.52","724983.8","322569.05","49256.67","conventional","Southeast"
"41","71223.95","874.89","2016-03-13 00:00:00","1.18","42612.44","21.45","27715.17","27710.73","4.44","0","conventional","Syracuse"
"31","327249.29","164833.67","2016-05-22 00:00:00","1.18","65400.76","187.53","96827.33","54513.18","33377.48","8936.67","conventional","Tampa"
"6","4864099.95","1740717.89","2016-11-13 00:00:00","1.18","1032253.37","107496.5","1983632.19","1238998.31","742515.09","2118.79","conventional","West"
"43","107354.25","3123.26","2017-03-05 00:00:00","1.18","90784.49","57.86","13388.64","13277.29","111.35","0","conventional","Albany"
"33","568923.79","265556.05","2017-05-14 00:00:00","1.18","49122.87","3491.08","250753.79","171471.84","69708.44","9573.51","conventional","Atlanta"
"1","71004.42","39116.52","2017-12-24 00:00:00","1.18","2348.06","4750.61","24789.23","18067.46","6638.51","83.26","conventional","Boise"
"49","247754.7","42582.24","2017-01-22 00:00:00","1.18","116159.86","20382.32","68630.28","54562.88","14067.4","0","conventional","Charlotte"
"35","199643.4","87269.79","2017-04-30 00:00:00","1.18","27191.09","1849.58","83332.94","75469.99","7759.07","103.88","conventional","Columbus"
"29","872407.69","192091.93","2017-06-11 00:00:00","1.18","212252.78","21884.68","446178.3","115180.8","330977.33","20.17","conventional","Denver"
"24","385966.55","100370","2017-07-16 00:00:00","1.18","55199.44","46609.96","183787.15","155523.04","4802.95","23461.16","conventional","Detroit"
"3","3258080.63","609987.32","2017-12-10 00:00:00","1.18","926924.56","158478.97","1562689.78","776310.65","772667.93","13711.2","conventional","GreatLakes"
"26","4250394.01","740503.01","2017-07-02 00:00:00","1.18","1423924.97","356791.68","1729174.35","1157601.31","485376.01","86197.03","conventional","GreatLakes"
"35","212879.47","14827.79","2017-04-30 00:00:00","1.18","86660.77","1564.77","109826.14","47389.5","62334.66","101.98","conventional","Indianapolis"
"20","323793.98","100523.04","2017-08-13 00:00:00","1.18","68158.2","6825.44","148287.3","42423.16","105694.14","170","conventional","LasVegas"
"37","2789630.4","1044500.39","2017-04-16 00:00:00","1.18","455872.03","109370.93","1179887.05","1117995.97","574.14","61316.94","conventional","LosAngeles"
"1","80024.09","6596.13","2017-12-24 00:00:00","1.18","28324.6","217.35","44886.01","23837.75","21035.42","12.84","conventional","Louisville"
"6","79284","2182","2017-11-19 00:00:00","1.18","33869","79","43155","12675","30480","0","conventional","Louisville"
"8","86085.33","3045.35","2017-11-05 00:00:00","1.18","37125.6","120.44","45793.94","13435.51","32355.55","2.88","conventional","Louisville"
"42","85005.19","2122.02","2017-03-12 00:00:00","1.18","42103.02","159.61","40620.54","14085.25","26520.4","14.89","conventional","Louisville"
"4","3003104","755828","2017-12-03 00:00:00","1.18","1275665","18490","953110","762953","188039","2118","conventional","Midsouth"
"24","212210.95","93140.13","2017-07-16 00:00:00","1.18","32246.58","206.54","86617.7","71974.21","13092.37","1551.12","conventional","Nashville"
"18","715349.6","378232.81","2017-08-27 00:00:00","1.18","125819.78","10404.56","200892.45","144419.94","50196.95","6275.56","conventional","PhoenixTucson"
"4","93898","36640","2017-12-03 00:00:00","1.18","20642","1451","35165","27782","7383","0","conventional","Pittsburgh"
"36","2143445.39","1115172.82","2017-04-23 00:00:00","1.18","403864.38","6655.98","617752.21","606147.7","8038.24","3566.27","conventional","Plains"
"4","307299","91761","2017-12-03 00:00:00","1.18","119171","3892","92471","89249","3222","0","conventional","RaleighGreensboro"
"46","292605.18","93335.19","2017-02-12 00:00:00","1.18","96469.3","8372.29","94428.4","92787.13","1502.38","138.89","conventional","RaleighGreensboro"
"52","283434.01","74754.07","2017-01-01 00:00:00","1.18","125855.56","13633.95","69190.43","66525.85","2664.58","0","conventional","RaleighGreensboro"
"35","285128.95","89984.49","2017-04-30 00:00:00","1.18","87015.16","2182.03","105947.27","102188.75","3730.86","27.66","conventional","RichmondNorfolk"
"45","241012.17","68120.76","2017-02-19 00:00:00","1.18","90486.17","3142.36","79262.88","78087.14","1175.74","0","conventional","RichmondNorfolk"
"48","259671.38","87900.17","2017-01-29 00:00:00","1.18","104490.09","3433.47","63847.65","62577.62","929.75","340.28","conventional","RichmondNorfolk"
"51","275129.35","91466.86","2017-01-08 00:00:00","1.18","106264.62","3253.48","74144.39","73168.4","975.99","0","conventional","RichmondNorfolk"
"35","498381.64","166863.56","2017-04-30 00:00:00","1.18","136882.96","26022.53","168612.59","166655.47","128.23","1828.89","conventional","SanDiego"
"36","500367.63","156330.7","2017-04-23 00:00:00","1.18","132449.49","25784.78","185802.66","184124.34","1068.32","610","conventional","SanDiego"
"44","891688.67","286807.87","2017-02-26 00:00:00","1.18","509449.62","14078.74","81352.44","76653.99","988.58","3709.87","conventional","SanFrancisco"
"39","618377.56","103029.89","2017-04-02 00:00:00","1.18","176357.55","319.02","338671.1","338015.92","310.82","344.36","conventional","Seattle"
"3","156410.57","59840.03","2017-12-10 00:00:00","1.18","6577.15","153.25","89840.14","61719.51","28120.63","0","conventional","StLouis"
"41","136296.62","64278.57","2017-03-19 00:00:00","1.18","9737.04","94.67","62186.34","51285.5","10900.84","0","conventional","StLouis"
"1","29102349.33","10027319.18","2017-12-24 00:00:00","1.18","8964247.34","546373.81","9564409","7222270.69","2226794.39","115343.92","conventional","TotalUS"
"28","38247669.33","12975373.48","2017-06-18 00:00:00","1.18","11199448.6","807107.21","13265740.04","9650858.66","3267491.24","347390.14","conventional","TotalUS"
"35","38315500.43","13316594.36","2017-04-30 00:00:00","1.18","11291149.13","667996.83","13039760.11","9463810.58","3378923.98","197025.55","conventional","TotalUS"
"36","35729013.92","12236713.41","2017-04-23 00:00:00","1.18","10224484.11","613507.38","12654309.02","9051466.83","3434846.78","167995.41","conventional","TotalUS"
"5","4182730","1677367","2017-11-26 00:00:00","1.18","1002610","79478","1423276","817296","595877","10103","conventional","West"
"23","6311280.51","2072496.16","2017-07-23 00:00:00","1.18","1969142.59","112050.77","2157590.99","916284.35","1234707.82","6598.82","conventional","West"
"9","1102213.13","129351.87","2018-01-21 00:00:00","1.18","659069.49","4321.42","309470.35","304382.22","5088.13","0","conventional","BaltimoreWashington"
"6","262133.71","69727.98","2018-02-11 00:00:00","1.18","67904.5","5261.66","119239.57","113041.82","6197.75","0","conventional","Charlotte"
"3","400047.47","89601.76","2018-03-04 00:00:00","1.18","41375.29","26105.84","242964.58","216775.85","13655.21","12533.52","conventional","Detroit"
"10","369628.1","94963.97","2018-01-14 00:00:00","1.18","60826.16","13812.28","200025.69","162745.09","36032.53","1248.07","conventional","Detroit"
"0","4245947.2","860997.47","2018-03-25 00:00:00","1.18","1144066.23","459002.28","1781881.22","1397088.59","282886.2","101906.43","conventional","GreatLakes"
"8","3857262.14","818434.82","2018-01-28 00:00:00","1.18","1243174.16","259671.42","1535981.74","1200021.74","312985.52","22974.48","conventional","GreatLakes"
"1","299740.63","75911.89","2018-03-18 00:00:00","1.18","121945.84","200.48","101682.42","98656.62","725.8","2300","conventional","HarrisburgScranton"
"8","432600.1","7854.32","2018-01-28 00:00:00","1.18","360244.35","237.31","64264.12","60495.46","3601.99","166.67","conventional","HartfordSpringfield"
"9","474554.55","8065.55","2018-01-21 00:00:00","1.18","407711.57","175.38","58602.05","56135.81","2459.57","6.67","conventional","HartfordSpringfield"
"2","298805.55","61233.57","2018-03-11 00:00:00","1.18","91407.22","8059.72","138105.04","83945.28","53527.54","632.22","conventional","LasVegas"
"8","96546.56","9754.12","2018-01-28 00:00:00","1.18","34513.14","262.76","52016.54","31382","20628.88","5.66","conventional","Louisville"
"9","2208596.12","1051836.46","2018-01-21 00:00:00","1.18","479599.9","7659.28","669500.48","562989.08","106461.22","50.18","conventional","Plains"
"5","237767.01","52314.98","2018-02-18 00:00:00","1.18","78322.91","1685","105444.12","85472.15","18198.64","1773.33","conventional","RichmondNorfolk"
"2","546435.55","151094.92","2018-03-11 00:00:00","1.18","271726.6","862.4","122751.63","115769.46","1627.32","5354.85","conventional","Sacramento"
"3","559943.98","181586.15","2018-03-04 00:00:00","1.18","241036.31","1031.75","136289.77","128164.6","2453.04","5672.13","conventional","Sacramento"
"11","464720.86","192510.16","2018-01-07 00:00:00","1.18","118483.12","19625.38","134102.2","125040.09","6169.89","2892.22","conventional","SanDiego"
"11","85027.89","27224.55","2018-01-07 00:00:00","1.18","21852.06","487.93","35463.35","27270.42","8169.06","23.87","conventional","Spokane"
"23","2680.01","0","2015-07-19 00:00:00","1.18","1436.55","0","1243.46","53.33","1190.13","0","organic","Louisville"
"47","13645.72","10810.58","2015-02-01 00:00:00","1.18","2016.62","0","818.52","813.46","5.06","0","organic","PhoenixTucson"
"51","22630.58","13175.57","2015-01-04 00:00:00","1.18","9028.34","0","426.67","426.67","0","0","organic","SanFrancisco"
"6","10485.95","778.65","2016-11-13 00:00:00","1.18","2727.06","0","6980.24","1486.86","5493.38","0","organic","Columbus"
"9","10574.95","673.64","2016-10-23 00:00:00","1.18","3073.84","0","6827.47","1765.71","5061.76","0","organic","Columbus"
"38","18943.3","7643.67","2016-04-03 00:00:00","1.18","788.28","0","10511.35","8902.82","1608.53","0","organic","DallasFtWorth"
"44","17232.43","7305.62","2016-02-21 00:00:00","1.18","614.56","0","9312.25","6311.81","3000.44","0","organic","DallasFtWorth"
"45","30537.03","6478.87","2016-02-14 00:00:00","1.18","3527.28","27.51","20503.37","1928.78","18574.59","0","organic","Denver"
"38","12965.74","6048.13","2016-04-03 00:00:00","1.18","46.83","0","6870.78","4963.28","1907.5","0","organic","Houston"
"26","112304.11","23280.48","2016-06-26 00:00:00","1.18","34516.17","6.31","54501.15","54443.32","57.83","0","organic","LosAngeles"
"29","99717.99","17642.18","2016-06-05 00:00:00","1.18","26736","7.74","55332.07","54949.32","382.75","0","organic","LosAngeles"
"49","65863.8","10218.02","2016-01-17 00:00:00","1.18","19372.67","0","36273.11","19708.1","16565.01","0","organic","LosAngeles"
"37","143035.65","3698.97","2016-04-10 00:00:00","1.18","67804.99","2131.31","69400.38","45422.41","23977.97","0","organic","Midsouth"
"26","9785.03","698.25","2016-06-26 00:00:00","1.18","4749.78","0","4337","82.22","4254.78","0","organic","Nashville"
"35","11773.05","895.92","2016-04-24 00:00:00","1.18","4774.86","0","6102.27","1964.58","4137.69","0","organic","Nashville"
"25","3290.05","421.33","2016-07-03 00:00:00","1.18","11.44","0","2857.28","2830.61","26.67","0","organic","NewOrleansMobile"
"39","1702.84","96.59","2016-03-27 00:00:00","1.18","220.18","26.36","1359.71","1356.26","3.45","0","organic","Pittsburgh"
"27","9331.05","156.67","2016-06-19 00:00:00","1.18","4049.96","0","5124.42","1223.8","3900.62","0","organic","Roanoke"
"41","51451.83","409.24","2016-03-13 00:00:00","1.18","15023.6","41.84","35977.15","10152.23","25824.92","0","organic","Seattle"
"4","122037.93","31680.35","2016-11-27 00:00:00","1.18","2782.97","0","87574.61","84151.11","3423.5","0","organic","SouthCentral"
"24","106469.22","40521.68","2016-07-10 00:00:00","1.18","7584.26","0","58363.28","54171.61","4191.67","0","organic","SouthCentral"
"38","3514.61","17.11","2017-04-09 00:00:00","1.18","526.49","0","2971.01","370","2601.01","0","organic","Boise"
"4","7575.49","101.72","2017-12-03 00:00:00","1.18","39.09","0","7434.68","3655.67","3779.01","0","organic","BuffaloRochester"
"20","7534.9","39.88","2017-08-13 00:00:00","1.18","347.91","0","7147.11","7131.83","15.28","0","organic","GrandRapids"
"35","28118.39","9703.57","2017-04-30 00:00:00","1.18","38.49","0","18376.33","10563.19","7813.14","0","organic","Houston"
"46","21977.83","2228.74","2017-02-12 00:00:00","1.18","5528.66","2.66","14217.77","14188.24","29.53","0","organic","LasVegas"
"21","6994.5","128.76","2017-08-06 00:00:00","1.18","71.31","0","6794.43","6781.1","13.33","0","organic","NewOrleansMobile"
"32","50366.31","6687.57","2017-05-21 00:00:00","1.18","3688.01","8.42","39982.31","203.25","39779.06","0","organic","Portland"
"48","7932.55","339.58","2017-01-29 00:00:00","1.18","3824.05","0","3768.92","1293.27","2475.65","0","organic","Roanoke"
"42","65106","1547.48","2017-03-12 00:00:00","1.18","19478.68","16.82","44063.02","1126.13","42936.89","0","organic","Seattle"
"44","7139.65","919.14","2017-02-26 00:00:00","1.18","517.15","0","5703.36","1393.75","4309.61","0","organic","StLouis"
"2","4667.9","53.38","2017-12-17 00:00:00","1.18","45.57","0","4568.95","2210.43","2358.52","0","organic","Syracuse"
"38","348836.42","36813.79","2017-04-09 00:00:00","1.18","54408.17","176.1","257438.36","145063.53","112374.83","0","organic","West"
"49","14375.39","1327.98","2017-01-08 00:00:00","1.18","2617.2","5.75","10424.46","10283.85","140.61","0","organic","WestTexNewMexico"
"7","14307.71","204.51","2018-02-04 00:00:00","1.18","181.6","0","13921.6","4203.8","9717.8","0","organic","BuffaloRochester"
"11","24634.86","563.16","2018-01-07 00:00:00","1.18","3382.94","112.1","20576.66","19899.04","677.62","0","organic","RichmondNorfolk"
"49","44511.28","914.14","2015-01-18 00:00:00","1.17","31540.32","135.77","11921.05","11651.09","269.96","0","conventional","Albany"
"0","596819.4","40450.49","2015-12-27 00:00:00","1.17","394104.02","17353.79","144911.1","142543.88","2367.22","0","conventional","BaltimoreWashington"
"14","709268.62","39619.87","2015-09-20 00:00:00","1.17","450283.01","45336.12","174029.62","168889.78","5139.84","0","conventional","BaltimoreWashington"
"21","800603.23","53957.63","2015-08-02 00:00:00","1.17","535167.1","44749.58","166728.92","163667.68","3061.24","0","conventional","BaltimoreWashington"
"34","896972.05","73038.46","2015-05-03 00:00:00","1.17","536709.99","77537.43","209686.17","201874.28","7767.45","44.44","conventional","BaltimoreWashington"
"50","670231.94","51460.64","2015-01-11 00:00:00","1.17","420837.82","42526.96","155406.52","151330.87","4075.65","0","conventional","BaltimoreWashington"
"40","61419.11","44227.33","2015-03-22 00:00:00","1.17","6589.77","7290.24","3311.77","3311.77","0","0","conventional","Boise"
"21","571994.5","4442.2","2015-08-02 00:00:00","1.17","468591.76","1451.95","97508.59","97214.15","294.44","0","conventional","Boston"
"34","552368.94","3828.64","2015-05-03 00:00:00","1.17","429586.28","239.76","118714.26","115148.87","3565.39","0","conventional","Boston"
"42","408403.96","3425.53","2015-03-08 00:00:00","1.17","290512.65","78.96","114386.82","113811.26","575.56","0","conventional","Boston"
"48","409343.56","4730.77","2015-01-25 00:00:00","1.17","288094.65","45.98","116472.16","115538.05","934.11","0","conventional","Boston"
"26","193654.01","23693.74","2015-06-28 00:00:00","1.17","58162.31","42044.35","69753.61","67989.08","1764.53","0","conventional","Charlotte"
"27","201173.1","30951.17","2015-06-21 00:00:00","1.17","58913.49","38260.1","73048.34","69426","3622.34","0","conventional","Charlotte"
"37","204005.24","48793.38","2015-04-12 00:00:00","1.17","50390.01","39638.34","65183.51","61787.29","3396.22","0","conventional","Charlotte"
"46","150139.38","31509.41","2015-02-08 00:00:00","1.17","35566.91","31778.73","51284.33","41921.3","9363.03","0","conventional","Charlotte"
"6","641881.96","31286.11","2015-11-15 00:00:00","1.17","441753.6","93857.48","74984.77","74723.66","261.11","0","conventional","Chicago"
"45","726401.24","29711.82","2015-02-15 00:00:00","1.17","488591.6","110446.6","97651.22","92518.95","5112.69","19.58","conventional","Chicago"
"19","648148.15","157630.43","2015-08-16 00:00:00","1.17","348863.51","18154.64","123499.57","46710.57","76789","0","conventional","Denver"
"9","251336.74","84318.99","2015-10-25 00:00:00","1.17","49927.69","74327.91","42762.15","30131.74","727.93","11902.48","conventional","Detroit"
"13","257472.31","88573.56","2015-09-27 00:00:00","1.17","43702.48","78776.6","46419.67","33816.62","1081.83","11521.22","conventional","Detroit"
"4","146103.34","23707.06","2015-11-29 00:00:00","1.17","82015.89","110.54","40269.85","39640.65","629.2","0","conventional","HarrisburgScranton"
"14","188314.24","31925.36","2015-09-20 00:00:00","1.17","101200.97","279.75","54908.16","53988.59","919.57","0","conventional","HarrisburgScranton"
"22","225227.57","39346.13","2015-07-26 00:00:00","1.17","123455.52","480.44","61945.48","60632.24","1271.5","41.74","conventional","HarrisburgScranton"
"24","233638.96","42200.05","2015-07-12 00:00:00","1.17","119798.85","2740.31","68899.75","67025.83","1705.19","168.73","conventional","HarrisburgScranton"
"34","255913.63","46183.27","2015-05-03 00:00:00","1.17","130134.66","527.56","79068.14","76930.85","2137.29","0","conventional","HarrisburgScranton"
"36","237429.16","45693.41","2015-04-19 00:00:00","1.17","112023.17","501.77","79210.81","77244.93","1965.88","0","conventional","HarrisburgScranton"
"48","206074.14","33193.27","2015-01-25 00:00:00","1.17","89075.29","426.35","83379.23","79720.85","3658.38","0","conventional","HarrisburgScranton"
"17","147066.48","3709.1","2015-08-30 00:00:00","1.17","86767.95","15531.08","41058.35","23305.32","15000.54","2752.49","conventional","Indianapolis"
"38","151260.15","12623.45","2015-04-05 00:00:00","1.17","95213.63","2843.96","40579.11","33761.92","6720.88","96.31","conventional","Indianapolis"
"36","124795.93","81015.05","2015-04-19 00:00:00","1.17","8893.31","650.56","34237.01","24494.31","9742.7","0","conventional","Jacksonville"
"27","78272.57","3338.54","2015-06-21 00:00:00","1.17","44777.85","6132.64","24023.54","15669.16","7104.77","1249.61","conventional","Louisville"
"33","2956859.19","721935.59","2015-05-10 00:00:00","1.17","1299998.7","190755.81","744169.09","679213","64322.24","633.85","conventional","Midsouth"
"45","2420829.45","634266.43","2015-02-15 00:00:00","1.17","982380.32","206499.63","597683.07","515932.56","81139.48","611.03","conventional","Midsouth"
"50","2335986.11","560119.16","2015-01-11 00:00:00","1.17","1032606.49","191515.19","551745.27","465764.93","85966.27","14.07","conventional","Midsouth"
"0","1129876.05","13711.19","2015-12-27 00:00:00","1.17","872603.6","894.58","242666.68","208470.99","34191.25","4.44","conventional","NewYork"
"19","4221435.38","97139.95","2015-08-16 00:00:00","1.17","3382543.31","8138.99","733613.13","677997.05","55602.12","13.96","conventional","Northeast"
"1","284808.22","2616.13","2015-12-20 00:00:00","1.17","232459.75","3820.83","45911.51","45911.51","0","0","conventional","NorthernNewEngland"
"14","322729.94","2413.3","2015-09-20 00:00:00","1.17","270775.68","291.7","49249.26","48164.82","1084.44","0","conventional","NorthernNewEngland"
"29","427216.77","2096.21","2015-06-07 00:00:00","1.17","314308.78","37.43","110774.35","110774.35","0","0","conventional","NorthernNewEngland"
"6","363548.06","13989.06","2015-11-15 00:00:00","1.17","263608.21","604.6","85346.19","78169.59","7176.6","0","conventional","Philadelphia"
"19","465897.27","180693.46","2015-08-16 00:00:00","1.17","190950.32","15332.72","78920.77","78821.71","94.95","4.11","conventional","Portland"
"42","419849.55","147899.8","2015-03-08 00:00:00","1.17","201529.6","17444.77","52975.38","52751.04","220.46","3.88","conventional","Portland"
"11","222606.79","47887.85","2015-10-11 00:00:00","1.17","54545.59","69417.88","50755.47","48621.59","2133.88","0","conventional","RaleighGreensboro"
"26","255921.9","39793.34","2015-06-28 00:00:00","1.17","84150.14","45055.08","86923.34","86724.24","199.1","0","conventional","RaleighGreensboro"
"27","264236.38","45414.99","2015-06-21 00:00:00","1.17","87728.29","41369.1","89724","89158.23","565.77","0","conventional","RaleighGreensboro"
"48","194086.08","54046.97","2015-01-25 00:00:00","1.17","75205.48","8644.27","56189.36","45878.25","10311.11","0","conventional","RichmondNorfolk"
"30","435723.85","156719.55","2015-05-31 00:00:00","1.17","219047.4","14172.36","45784.54","45775.86","8.68","0","conventional","Sacramento"
"4","373309.53","90354.26","2015-11-29 00:00:00","1.17","131571.17","9878.62","141505.48","141430.43","0","75.05","conventional","Seattle"
"16","459793.66","167782.09","2015-09-06 00:00:00","1.17","155468.95","12346.64","124195.98","124129.03","61.97","4.98","conventional","Seattle"
"13","2314057.46","1266450.71","2015-09-27 00:00:00","1.17","519006.76","33834.37","494765.62","307494.33","187252.98","18.31","conventional","Southeast"
"24","2748745.96","1578243.11","2015-07-12 00:00:00","1.17","467848.98","72897.71","629756.16","501415.01","127742.54","598.61","conventional","Southeast"
"30","2884507.74","2048880.09","2015-05-31 00:00:00","1.17","206982.3","25671.13","602974.22","473339.3","129597.25","37.67","conventional","Southeast"
"33","2963777.8","2167781.63","2015-05-10 00:00:00","1.17","212422.04","24440.63","559133.5","437055.69","122077.81","0","conventional","Southeast"
"4","51432.09","16876.93","2015-11-29 00:00:00","1.17","16826.84","2523.85","15204.47","15204.47","0","0","conventional","Spokane"
"26","217234.17","107631.08","2015-06-28 00:00:00","1.17","40137.34","54.82","69410.93","69371.63","39.3","0","conventional","StLouis"
"48","176820.49","99020.78","2015-01-25 00:00:00","1.17","31381.54","42.62","46375.55","46375.55","0","0","conventional","StLouis"
"3","50632.73","874.9","2015-12-06 00:00:00","1.17","34439.57","11.91","15306.35","15306.35","0","0","conventional","Syracuse"
"3","227131.21","145404.19","2015-12-06 00:00:00","1.17","29926.02","43.83","51757.17","33251.65","18505.52","0","conventional","Tampa"
"18","264170.2","126817.4","2015-08-23 00:00:00","1.17","54873.96","66.95","82411.89","66986.23","15425.66","0","conventional","Tampa"
"19","283647.52","139923.45","2015-08-16 00:00:00","1.17","50157.8","66.42","93499.85","75599.35","17900.5","0","conventional","Tampa"
"24","289138.36","149510.03","2015-07-12 00:00:00","1.17","54927.82","100.6","84599.91","68163.21","16139.48","297.22","conventional","Tampa"
"28","294964.3","152836.19","2015-06-14 00:00:00","1.17","39330.6","2087.35","100710.16","82324.41","18385.75","0","conventional","Tampa"
"49","836225.86","58788.02","2016-01-17 00:00:00","1.17","535244.92","25662.38","216530.54","213938.82","2591.72","0","conventional","BaltimoreWashington"
"50","780979.13","60261.38","2016-01-10 00:00:00","1.17","511067","26791.33","182859.42","180460.98","2398.44","0","conventional","BaltimoreWashington"
"9","70652.14","27935.7","2016-10-23 00:00:00","1.17","3769.48","6919.11","32027.85","30914.91","1098.42","14.52","conventional","Boise"
"20","6144827.51","2152079.32","2016-08-07 00:00:00","1.17","2039791.18","211671.11","1741285.9","1616257.39","89290.29","35738.22","conventional","California"
"19","166462.83","71827.16","2016-08-14 00:00:00","1.17","34064.69","3156.71","57414.27","53549.37","3864.9","0","conventional","Columbus"
"22","690893.4","128025.08","2016-07-24 00:00:00","1.17","187555.04","19241.11","356072.17","135290.89","217563.22","3218.06","conventional","Denver"
"23","328237.93","126817.85","2016-07-17 00:00:00","1.17","41460.73","41888.34","118071.01","100212.75","906.85","16951.41","conventional","Detroit"
"25","336701.66","127175.1","2016-07-03 00:00:00","1.17","42029.92","37960.27","129536.37","113573.12","2084.25","13879","conventional","Detroit"
"37","155143.97","2129.18","2016-04-10 00:00:00","1.17","95776.95","3412.42","53825.42","47307.77","5850.39","667.26","conventional","GrandRapids"
"50","160432.54","3614.64","2016-01-10 00:00:00","1.17","110381.2","3921.19","42515.51","38446.6","3621.68","447.23","conventional","GrandRapids"
"42","240849.91","40527.53","2016-03-06 00:00:00","1.17","130174.89","211.56","69935.93","68304.7","1631.23","0","conventional","HarrisburgScranton"
"37","280729.03","4510.47","2016-04-10 00:00:00","1.17","213983.22","172.03","62063.31","61560.21","283.03","220.07","conventional","HartfordSpringfield"
"40","373372.96","5155.65","2016-03-20 00:00:00","1.17","315607.91","278.31","52331.09","51367.1","963.99","0","conventional","HartfordSpringfield"
"43","357504.15","5558.93","2016-02-28 00:00:00","1.17","305866.9","232.83","45845.49","43903.95","1941.54","0","conventional","HartfordSpringfield"
"2","133480.18","10029.3","2016-12-11 00:00:00","1.17","61398.63","2771.39","59280.86","38874.39","20249.59","156.88","conventional","Indianapolis"
"2","116052.47","33585.82","2016-12-11 00:00:00","1.17","18098.36","126.93","64241.36","27971.11","36270.25","0","conventional","Jacksonville"
"31","160652.39","83011.39","2016-05-22 00:00:00","1.17","27437.92","356.55","49846.53","20619.97","27239.89","1986.67","conventional","Jacksonville"
"21","284566.03","125462.8","2016-07-31 00:00:00","1.17","54745","7320.39","97037.84","59985.62","37052.22","0","conventional","LasVegas"
"10","2548687.86","922290.28","2016-10-16 00:00:00","1.17","501532.5","56116.4","1068748.68","996105.73","43825.17","28817.78","conventional","LosAngeles"
"19","695230.59","400660.58","2016-08-14 00:00:00","1.17","142475.6","138.85","151955.56","62925.48","83815.91","5214.17","conventional","MiamiFtLauderdale"
"39","468636.39","240096.64","2016-03-27 00:00:00","1.17","99290.24","128.06","129121.45","52473.74","76647.71","0","conventional","MiamiFtLauderdale"
"26","3095673.83","590854.99","2016-06-26 00:00:00","1.17","1468309.1","204710.19","831799.55","740396.18","58981.95","32421.42","conventional","Midsouth"
"41","1600417.32","28599.84","2016-03-13 00:00:00","1.17","1237674.92","2800.71","331341.85","287983.06","43358.79","0","conventional","NewYork"
"23","348318.4","141751.9","2016-07-17 00:00:00","1.17","90770.24","104.87","115691.39","72463.28","31198.11","12030","conventional","Orlando"
"24","341532.31","143563.56","2016-07-10 00:00:00","1.17","84546.81","129.52","113292.42","71803.27","29184.15","12305","conventional","Orlando"
"31","312532.64","163428.19","2016-05-22 00:00:00","1.17","55452.91","307.92","93343.62","44788.78","40285.11","8269.73","conventional","Orlando"
"35","504960.76","18439.3","2016-04-24 00:00:00","1.17","329515.87","11453.06","145552.53","132114.06","13166.25","272.22","conventional","Philadelphia"
"36","366448.78","17062.27","2016-04-17 00:00:00","1.17","199176.83","5216.56","144993.12","129029.56","15823.28","140.28","conventional","Philadelphia"
"37","346080.71","18475.34","2016-04-10 00:00:00","1.17","188452.18","2461.36","136691.83","128214.06","8406.94","70.83","conventional","Philadelphia"
"31","113857.64","1083.05","2016-05-22 00:00:00","1.17","68958.85","1536.78","42278.96","21961.82","19066.58","1250.56","conventional","Pittsburgh"
"36","107271.68","1300.27","2016-04-17 00:00:00","1.17","64912.62","1800.73","39258.06","27639.25","11618.81","0","conventional","Pittsburgh"
"40","87881.33","1457.19","2016-03-20 00:00:00","1.17","50816.15","1224.55","34383.44","23273.12","11110.32","0","conventional","Pittsburgh"
"41","91112.78","1630.95","2016-03-13 00:00:00","1.17","52730.06","1333.25","35418.52","26767.2","8651.32","0","conventional","Pittsburgh"
"20","1979362.94","859776.14","2016-08-07 00:00:00","1.17","534861.87","6165.29","578559.64","535419.49","19900.67","23239.48","conventional","Plains"
"21","245374.63","85721.72","2016-07-31 00:00:00","1.17","86666.66","9342.86","63643.39","60284.96","2603.43","755","conventional","RichmondNorfolk"
"3","105733.4","43234.65","2016-12-04 00:00:00","1.17","26047.67","160.98","36290.1","35680.66","486.67","122.77","conventional","Roanoke"
"29","521408.99","169293.85","2016-06-05 00:00:00","1.17","269555.77","25618.94","56940.43","56921.44","18.99","0","conventional","Sacramento"
"32","438309.86","137852.11","2016-05-15 00:00:00","1.17","224842.97","27155.74","48459.04","48442.97","7.3","8.77","conventional","Sacramento"
"0","475143.56","64749.6","2016-12-25 00:00:00","1.17","143841.64","205.26","266347.06","265938.42","156.02","252.62","conventional","Seattle"
"20","362625.87","183405.85","2016-08-07 00:00:00","1.17","59165.06","12579.44","107475.52","83535.74","23894.78","45","conventional","SouthCarolina"
"23","336050.16","144883.03","2016-07-17 00:00:00","1.17","77242.5","14172.92","99751.71","75310.1","24436.61","5","conventional","SouthCarolina"
"22","3381732.73","1485492.18","2016-07-24 00:00:00","1.17","845297.22","21369.68","1029573.65","657021.42","314632.79","57919.44","conventional","Southeast"
"14","147517.96","46991.05","2016-09-18 00:00:00","1.17","23066.01","58.64","77402.26","50958.87","26367","76.39","conventional","StLouis"
"23","376274.95","143891.95","2016-07-17 00:00:00","1.17","101298.66","46.19","131038.15","87458.66","31340.05","12239.44","conventional","Tampa"
"9","4760018.22","1301893.54","2016-10-23 00:00:00","1.17","1138468.74","116102.67","2203553.27","1441557.14","758232.29","3763.84","conventional","West"
"35","595539.82","304668.94","2017-04-30 00:00:00","1.17","74961.15","240.51","215669.22","131644.64","75877.47","8147.11","conventional","Atlanta"
"26","97408.49","41134.31","2017-07-02 00:00:00","1.17","3402.67","8606.69","44264.82","44184.81","24.45","55.56","conventional","Boise"
"33","6370622.3","2375685.35","2017-05-14 00:00:00","1.17","1570244.89","134825.51","2289866.55","2216400.16","4798.87","68667.52","conventional","California"
"38","215849.78","8795.66","2017-04-09 00:00:00","1.17","76148.94","1214.24","129690.94","30133.89","99467.56","89.49","conventional","CincinnatiDayton"
"27","841763.42","165523.87","2017-06-25 00:00:00","1.17","173432.5","20677.83","482129.22","130071.21","352058.01","0","conventional","Denver"
"9","193936.8","108447","2017-10-29 00:00:00","1.17","13949.4","264.49","71275.91","39625.9","31443.34","206.67","conventional","Jacksonville"
"36","93502.86","2091.62","2017-04-23 00:00:00","1.17","42839.29","236.73","48335.22","16780.79","31343.12","211.31","conventional","Louisville"
"0","728998.69","499352.88","2017-12-31 00:00:00","1.17","74265.81","3057.2","152322.8","72698.98","79623.82","0","conventional","MiamiFtLauderdale"
"34","910239.07","569792.16","2017-05-07 00:00:00","1.17","130126.67","689.42","209630.82","96700.11","112930.71","0","conventional","MiamiFtLauderdale"
"49","3394184.15","737948.84","2017-01-22 00:00:00","1.17","1519035.24","94412.42","1042787.65","859648.57","181562.03","1577.05","conventional","Midsouth"
"3","5543004.84","235645.01","2017-12-10 00:00:00","1.17","4168090.07","8054.61","1131215.15","960202.45","170986.87","25.83","conventional","Northeast"
"49","502345.31","16606.58","2017-01-22 00:00:00","1.17","421568.56","9377.69","54792.48","54789.15","3.33","0","conventional","NorthernNewEngland"
"34","529138.31","340439.27","2017-05-07 00:00:00","1.17","66961.88","98.55","121638.61","67552.66","54085.95","0","conventional","Orlando"
"11","776108.23","338241.51","2017-10-15 00:00:00","1.17","217038.81","2634.94","218192.97","168675.02","49516.84","1.11","conventional","PhoenixTucson"
"24","267806.51","89083.09","2017-07-16 00:00:00","1.17","79805.02","1830.85","97087.55","90560.26","2757.35","3769.94","conventional","RichmondNorfolk"
"32","271051.35","85990.47","2017-05-21 00:00:00","1.17","95579.62","2457.75","87023.51","82632.8","4363.23","27.48","conventional","RichmondNorfolk"
"23","141148.36","36513.08","2017-07-23 00:00:00","1.17","40395.65","320.79","63918.84","58375.34","3505.26","2038.24","conventional","Roanoke"
"4","427791","132009","2017-12-03 00:00:00","1.17","238373","779","56630","52589","502","3539","conventional","Sacramento"
"1","397332.09","147688.05","2017-12-24 00:00:00","1.17","120566.8","15186.18","113891.06","106944.5","4227.67","2718.89","conventional","SanDiego"
"29","522813.2","177782.46","2017-06-11 00:00:00","1.17","134393.24","19857.93","190779.57","187655.1","160.56","2963.91","conventional","SanDiego"
"45","863688.61","191375.63","2017-02-19 00:00:00","1.17","578275.44","25011.96","69025.58","66457.97","962.82","1604.79","conventional","SanFrancisco"
"27","680060.61","129823.78","2017-06-25 00:00:00","1.17","162186.47","1038.82","387011.54","386543.6","73.92","394.02","conventional","Seattle"
"27","406520.66","190192.84","2017-06-25 00:00:00","1.17","75673.79","2127.54","138526.49","87432.27","43444.22","7650","conventional","SouthCarolina"
"18","5303260.4","2926795.58","2017-08-27 00:00:00","1.17","860801.06","11576.49","1504087.27","1125461.97","367930.21","10695.09","conventional","SouthCentral"
"50","3843139.76","1686737.9","2017-01-15 00:00:00","1.17","724373.09","5637.4","1426391.37","784077.42","641123.95","1190","conventional","Southeast"
"51","3512131.09","1510770.18","2017-01-08 00:00:00","1.17","635042.26","5892.48","1360426.17","818150.8","540435.37","1840","conventional","Southeast"
"7","86928","23286","2017-11-12 00:00:00","1.17","19991","458","43193","37987","5076","130","conventional","Spokane"
"2","154325.75","70752.06","2017-12-17 00:00:00","1.17","5892.57","273.79","77407.33","59608.2","17799.13","0","conventional","StLouis"
"32","229193.81","93195.05","2017-05-21 00:00:00","1.17","13886.31","178.09","121934.36","98532.73","20541.92","2859.71","conventional","StLouis"
"6","29253484","11173132","2017-11-19 00:00:00","1.17","7847059","416186","9817108","6662322","3059627","95159","conventional","TotalUS"
"25","39367336.18","13009944.14","2017-07-09 00:00:00","1.17","11031218.25","821964.42","14504209.37","11112405.61","3018280.29","373523.47","conventional","TotalUS"
"27","37305307.68","12901031.63","2017-06-25 00:00:00","1.17","10805961.74","655965.98","12942348.33","9462413.18","3202253.91","277681.24","conventional","TotalUS"
"3","432095.58","15615.69","2018-03-04 00:00:00","1.17","347650.33","272.95","68556.61","64366.72","3032.11","1157.78","conventional","HartfordSpringfield"
"1","311526.49","76056.35","2018-03-18 00:00:00","1.17","92588.91","7007.47","135873.76","80016.52","55393.91","463.33","conventional","LasVegas"
"1","828837.57","575923.2","2018-03-18 00:00:00","1.17","70118.84","2101.12","180694.41","102331.92","78219.16","143.33","conventional","MiamiFtLauderdale"
"11","502851.14","10284.45","2018-01-07 00:00:00","1.17","394541.74","4357.02","93667.93","23938.29","69729.64","0","conventional","NorthernNewEngland"
"11","2103531.72","1026303.18","2018-01-07 00:00:00","1.17","570087.19","6096.19","501045.16","384809.96","116197.07","38.13","conventional","Plains"
"9","608159.45","76804.75","2018-01-21 00:00:00","1.17","271528.75","18147.81","241678.14","150749.79","90544.14","384.21","conventional","Portland"
"4","984000.13","383689.73","2018-02-25 00:00:00","1.17","431346.38","2127.86","166836.16","162913.33","609.2","3313.63","conventional","SanFrancisco"
"1","98328.71","21145.49","2018-03-18 00:00:00","1.17","26680.03","594.18","49909.01","30325.62","19483.29","100.1","conventional","Spokane"
"9","577173.29","375284.99","2018-01-21 00:00:00","1.17","50138.85","1076.25","150673.2","76281.04","74392.16","0","conventional","Tampa"
"1","1807.57","10.29","2015-12-20 00:00:00","1.17","409.07","0","1388.21","689.27","698.94","0","organic","Boise"
"42","13070.44","251.86","2015-03-08 00:00:00","1.17","9304.08","0","3514.5","1373.33","2141.17","0","organic","CincinnatiDayton"
"21","9952.84","9679.37","2015-08-02 00:00:00","1.17","116.8","0","156.67","146.67","10","0","organic","Houston"
"24","11741.87","11397.65","2015-07-12 00:00:00","1.17","277.55","0","66.67","66.67","0","0","organic","Houston"
"25","12717.2","11733.69","2015-07-05 00:00:00","1.17","353.51","0","630","630","0","0","organic","Houston"
"39","17750.82","347.47","2016-03-27 00:00:00","1.17","9168.31","0","8235.04","533.33","7701.71","0","organic","CincinnatiDayton"
"16","11869.66","962.25","2016-09-04 00:00:00","1.17","4496.2","0","6411.21","712.73","5698.48","0","organic","Columbus"
"36","9508.72","377.86","2016-04-17 00:00:00","1.17","5491.76","2.23","3636.87","689.32","2947.55","0","organic","Columbus"
"42","14320.97","7377.36","2016-03-06 00:00:00","1.17","60.41","0","6883.2","6085.81","797.39","0","organic","Houston"
"0","81458.1","11324.9","2016-12-25 00:00:00","1.17","25698.37","0","44434.83","37064.95","7369.88","0","organic","LosAngeles"
"7","4143.28","0","2016-11-06 00:00:00","1.17","1735.86","0","2407.42","343.34","2064.08","0","organic","Louisville"
"0","3329.28","18.38","2016-12-25 00:00:00","1.17","24.23","0","3286.67","3286.67","0","0","organic","MiamiFtLauderdale"
"1","4166.56","3.7","2016-12-18 00:00:00","1.17","16.19","0","4146.67","4146.67","0","0","organic","MiamiFtLauderdale"
"6","9499.5","65.3","2016-11-13 00:00:00","1.17","2932.56","0","6501.64","1297.2","5204.44","0","organic","Roanoke"
"26","114148.17","40284.96","2016-06-26 00:00:00","1.17","7267.68","0","66595.53","61928.4","4667.13","0","organic","SouthCentral"
"34","4483.61","11.97","2017-05-07 00:00:00","1.17","634.33","0","3837.31","387.11","3450.2","0","organic","Boise"
"45","20393.29","7619.05","2017-02-19 00:00:00","1.17","231.61","0","12542.63","12433.39","109.24","0","organic","DallasFtWorth"
"27","25446.92","4521.58","2017-06-25 00:00:00","1.17","3679.04","27.25","17219.05","3967.53","13251.52","0","organic","Denver"
"46","95227.6","12496.33","2017-02-12 00:00:00","1.17","24567.22","10.99","58153.06","56547.41","1605.65","0","organic","LosAngeles"
"39","6336.78","419.42","2017-04-02 00:00:00","1.17","2523.62","0","3393.74","490.19","2903.55","0","organic","Nashville"
"26","169099.91","41073.19","2017-07-02 00:00:00","1.17","5504.69","0","122522.03","118293.26","4228.77","0","organic","SouthCentral"
"29","183857.14","38447.04","2017-06-11 00:00:00","1.17","9085.51","0","136324.59","122121.81","14202.78","0","organic","SouthCentral"
"50","4471.01","24.44","2017-01-15 00:00:00","1.17","1016.47","0","3430.1","35.08","3395.02","0","organic","Spokane"
"1","16113.35","558.54","2018-03-18 00:00:00","1.17","106.27","0","15448.54","4270.87","11177.67","0","organic","BuffaloRochester"
"8","13405.95","232.33","2018-01-28 00:00:00","1.17","150.46","0","13023.16","11059.23","1963.93","0","organic","BuffaloRochester"
"11","9115.92","283.13","2018-01-07 00:00:00","1.17","90.07","0","8742.72","4250.19","4492.53","0","organic","BuffaloRochester"
"38","47362.13","961.77","2015-04-05 00:00:00","1.16","35577.66","93.76","10728.94","9869.16","755.61","104.17","conventional","Albany"
"4","545800.05","41028.15","2015-11-29 00:00:00","1.16","379156.09","20147.53","105468.28","103615.95","1852.33","0","conventional","BaltimoreWashington"
"18","783935.36","59242.02","2015-08-23 00:00:00","1.16","499100.39","47216.18","178376.77","175047.15","3060.44","269.18","conventional","BaltimoreWashington"
"20","821523.45","56362.75","2015-08-09 00:00:00","1.16","557363.94","42933.87","164862.89","161564.81","3298.08","0","conventional","BaltimoreWashington"
"25","896298.77","66504.67","2015-07-05 00:00:00","1.16","567640.7","56044.51","206108.89","200097.99","5890.57","120.33","conventional","BaltimoreWashington"
"27","862840.73","58398.76","2015-06-21 00:00:00","1.16","527866.5","51952.74","224622.73","220904.35","3488.37","230.01","conventional","BaltimoreWashington"
"43","770115.24","59039.85","2015-03-01 00:00:00","1.16","498872.67","40241.65","171961.07","168224.2","3736.87","0","conventional","BaltimoreWashington"
"10","54191.14","29614.23","2015-10-18 00:00:00","1.16","9069.38","6586.27","8921.26","8918","0","3.26","conventional","Boise"
"16","64464.61","44134.65","2015-09-06 00:00:00","1.16","5402.17","7991.75","6936.04","6934.43","0","1.61","conventional","Boise"
"21","5428238.87","2940145.82","2015-08-02 00:00:00","1.16","1737845.94","183471.03","566776.08","559587.76","4953.57","2234.75","conventional","California"
"19","817690.89","19193.94","2015-08-16 00:00:00","1.16","609692.45","104997.44","83807.06","80018.54","3447.81","340.71","conventional","Chicago"
"27","730826.79","184206.21","2015-06-21 00:00:00","1.16","405469.62","12854.03","128296.93","83581.46","44715.47","0","conventional","Denver"
"28","743005.75","194447.12","2015-06-14 00:00:00","1.16","401133.25","17694.15","129731.23","79508.59","50222.64","0","conventional","Denver"
"31","657593.22","198187.29","2015-05-24 00:00:00","1.16","369924.19","18817.6","70664.14","50060.32","20603.82","0","conventional","Denver"
"45","255597.63","100594.59","2015-02-15 00:00:00","1.16","31170.09","41639.69","82193.26","78474.19","676.16","3042.91","conventional","Detroit"
"25","202842.97","2709.26","2015-07-05 00:00:00","1.16","109357.57","34986.3","55789.84","44032.97","5692.28","6064.59","conventional","GrandRapids"
"44","2730224.03","391400.93","2015-02-22 00:00:00","1.16","1482033.31","246541.13","610248.66","512270.39","88536.91","9441.36","conventional","GreatLakes"
"0","173645.55","22694.58","2015-12-27 00:00:00","1.16","98629.2","149.11","52172.66","51396.6","776.06","0","conventional","HarrisburgScranton"
"5","162429.43","26601.95","2015-11-22 00:00:00","1.16","85742.43","198.26","49886.79","47519.78","2367.01","0","conventional","HarrisburgScranton"
"12","188436.91","32554.49","2015-10-04 00:00:00","1.16","95392.4","323.79","60166.23","59227.5","938.73","0","conventional","HarrisburgScranton"
"7","309186.06","5048.2","2015-11-08 00:00:00","1.16","260745.71","171.88","43220.27","37770.33","5449.94","0","conventional","HartfordSpringfield"
"8","326067.03","4471.3","2015-11-01 00:00:00","1.16","271817.93","288.44","49489.36","44831.2","4658.16","0","conventional","HartfordSpringfield"
"21","323449.77","4543.97","2015-08-02 00:00:00","1.16","268797.64","1283.94","48824.22","47631.34","1192.88","0","conventional","HartfordSpringfield"
"26","135739.94","78066.95","2015-06-28 00:00:00","1.16","19522.69","866.73","37283.57","29903.31","7380.26","0","conventional","Jacksonville"
"44","242732.32","98669.04","2015-02-22 00:00:00","1.16","103066.3","4731.85","36265.13","36112.87","152.26","0","conventional","LasVegas"
"4","999169.64","13652.41","2015-11-29 00:00:00","1.16","814571.57","863.58","170082.08","139508.76","30573.32","0","conventional","NewYork"
"13","1201066.41","15448.68","2015-09-27 00:00:00","1.16","941112.78","983.6","243521.35","185973.17","57548.18","0","conventional","NewYork"
"15","1479334.84","20526.41","2015-09-13 00:00:00","1.16","1208256.11","1030.24","249522.08","181277.74","68237.18","7.16","conventional","NewYork"
"5","3026217.24","79006.95","2015-11-22 00:00:00","1.16","2316404.82","4067.05","626738.42","581899.23","44833.83","5.36","conventional","Northeast"
"34","366987.36","2322.24","2015-05-03 00:00:00","1.16","304233.27","59.55","60372.3","60354.57","17.73","0","conventional","NorthernNewEngland"
"37","306250.63","2160.72","2015-04-12 00:00:00","1.16","214309.89","58.52","89721.5","89699.64","21.86","0","conventional","NorthernNewEngland"
"8","81573.97","1523.62","2015-11-01 00:00:00","1.16","60507.97","1706.56","17835.82","12000.07","5835.75","0","conventional","Pittsburgh"
"15","74962.45","1340.03","2015-09-13 00:00:00","1.16","43000.49","998.6","29623.33","21080.82","8542.51","0","conventional","Pittsburgh"
"14","1386951.96","611683.23","2015-09-20 00:00:00","1.16","506379.84","15441.14","253447.75","237139.11","15090.36","1218.28","conventional","Plains"
"26","508174.09","196765.08","2015-06-28 00:00:00","1.16","223128.51","21601.64","66678.86","66557.46","98.42","22.98","conventional","Portland"
"29","543944.19","194122.57","2015-06-07 00:00:00","1.16","239758.46","19235.07","90828.09","90346.52","473.22","8.35","conventional","Portland"
"37","433703.29","150701.62","2015-04-12 00:00:00","1.16","199632.59","15964.76","67404.32","67361.2","43.12","0","conventional","Portland"
"15","238903.72","63924.76","2015-09-13 00:00:00","1.16","55553.71","37519.32","81905.93","80146.2","1759.73","0","conventional","RaleighGreensboro"
"17","253577.94","52246.02","2015-08-30 00:00:00","1.16","61767.29","42039.92","97524.71","97342.36","182.35","0","conventional","RaleighGreensboro"
"25","275670.52","42042.96","2015-07-05 00:00:00","1.16","103086.21","40891.64","89649.71","88239.15","1410.56","0","conventional","RaleighGreensboro"
"30","262288.53","77231.53","2015-05-31 00:00:00","1.16","60701.02","43537.37","80818.61","80542.5","276.11","0","conventional","RaleighGreensboro"
"32","264908.94","77565.86","2015-05-17 00:00:00","1.16","64994.1","41158.83","81190.15","80610.84","579.31","0","conventional","RaleighGreensboro"
"35","259623.56","75695.92","2015-04-26 00:00:00","1.16","62292.95","38961.11","82673.58","81554.51","978.79","140.28","conventional","RaleighGreensboro"
"48","233277.19","61158.75","2015-01-25 00:00:00","1.16","59374.75","36067.46","76676.23","63206.25","13469.98","0","conventional","RaleighGreensboro"
"41","210124.43","66591.48","2015-03-15 00:00:00","1.16","87711.9","11621.92","44199.13","44199.13","0","0","conventional","RichmondNorfolk"
"42","111702.58","43783.88","2015-03-08 00:00:00","1.16","36289.08","81.58","31548.04","31447.87","100.17","0","conventional","Roanoke"
"50","113235.82","45706.36","2015-01-11 00:00:00","1.16","37629.54","57.82","29842.1","26555.99","3286.11","0","conventional","Roanoke"
"42","830775.42","260192.19","2015-03-08 00:00:00","1.16","442834.07","31289.15","96460.01","95539.75","803.34","116.92","conventional","SanFrancisco"
"6","2242688.2","1455202.28","2015-11-15 00:00:00","1.16","294620.08","20815.34","472050.5","313845.53","158186.8","18.17","conventional","Southeast"
"7","2197763.7","1420318.78","2015-11-08 00:00:00","1.16","298081.99","25682.97","453679.96","309652.75","143978.69","48.52","conventional","Southeast"
"9","2211716.76","1278660.6","2015-10-25 00:00:00","1.16","393459.25","28828.13","510768.78","329672.2","181063.12","33.46","conventional","Southeast"
"18","2580705.47","1423075.89","2015-08-23 00:00:00","1.16","477975.75","35514.75","644139.08","520131.23","123968.56","39.29","conventional","Southeast"
"19","2766391.11","1615209.93","2015-08-16 00:00:00","1.16","431016.1","55158.31","665006.77","529013.85","135887.51","105.41","conventional","Southeast"
"35","3011225.49","2170188.85","2015-04-26 00:00:00","1.16","220781.47","23844.72","596410.45","461692.75","133263.53","1454.17","conventional","Southeast"
"39","2558925.23","1804282.66","2015-03-29 00:00:00","1.16","205041.11","23224.7","526376.76","379305.43","147071.33","0","conventional","Southeast"
"45","2558563.78","1820564.15","2015-02-15 00:00:00","1.16","219336.78","21706.04","496956.81","295183.36","201773.45","0","conventional","Southeast"
"23","77305.34","39750.66","2015-07-19 00:00:00","1.16","23169.36","2910.03","11475.29","11475.29","0","0","conventional","Spokane"
"4","129475.25","38130.41","2015-11-29 00:00:00","1.16","26526.03","115.21","64703.6","57854.06","6840.66","8.88","conventional","StLouis"
"30","247195.62","147104.98","2015-05-31 00:00:00","1.16","38945.34","8.73","61136.57","61113.45","23.12","0","conventional","StLouis"
"8","55095.62","1062.84","2015-11-01 00:00:00","1.16","36281.55","29.66","17721.57","17374.9","346.67","0","conventional","Syracuse"
"13","54194.93","925.8","2015-09-27 00:00:00","1.16","43139.43","19.65","10110.05","9981.16","128.89","0","conventional","Syracuse"
"22","265367.52","133615.12","2015-07-26 00:00:00","1.16","48153.33","115.96","83483.11","67480.1","16003.01","0","conventional","Tampa"
"36","280464.73","182582.22","2015-04-19 00:00:00","1.16","19553.08","138.42","78191.01","56279.47","21911.54","0","conventional","Tampa"
"47","102038.32","1386.24","2016-01-31 00:00:00","1.16","79881.67","69.46","20700.95","19788.78","912.17","0","conventional","Albany"
"10","459564.78","188793.29","2016-10-16 00:00:00","1.16","82089.21","103.96","188578.32","87593.44","100984.88","0","conventional","Atlanta"
"21","340176.41","133525.93","2016-07-31 00:00:00","1.16","51178.25","23139.38","132332.85","122542.75","5808.23","3981.87","conventional","Detroit"
"44","142681.62","3581.34","2016-02-21 00:00:00","1.16","93603.59","4067.71","41428.98","36166.24","5150.74","112","conventional","GrandRapids"
"46","393866.28","4834.86","2016-02-07 00:00:00","1.16","306373.73","530.92","82126.77","78438.83","3684.57","3.37","conventional","HartfordSpringfield"
"8","223089.05","79018.69","2016-10-30 00:00:00","1.16","31778.97","7157.69","105133.7","42630.66","62503.04","0","conventional","LasVegas"
"11","276030.7","121482.16","2016-10-09 00:00:00","1.16","40083.06","5060.68","109404.8","66103.95","43300.85","0","conventional","LasVegas"
"11","2766529.12","1153907.22","2016-10-09 00:00:00","1.16","559077.15","61747.02","991797.73","915276.04","51156.17","25365.52","conventional","LosAngeles"
"18","89370.33","1980.35","2016-08-21 00:00:00","1.16","50039.9","735.71","36614.37","16968.15","19306.22","340","conventional","Louisville"
"28","84926.73","5365.6","2016-06-12 00:00:00","1.16","50561.08","2495.61","26504.44","14528.1","9635.97","2340.37","conventional","Louisville"
"42","448052.1","223851.91","2016-03-06 00:00:00","1.16","93574.47","93.03","130532.69","48944.94","81587.75","0","conventional","MiamiFtLauderdale"
"1","2242221.26","491941.19","2016-12-18 00:00:00","1.16","999958.67","36485.49","713835.91","611023.76","98743.78","4068.37","conventional","Midsouth"
"27","3304967.62","674982.83","2016-06-19 00:00:00","1.16","1530425.54","230513.77","869045.48","750464.94","81187.92","37392.62","conventional","Midsouth"
"13","174768.99","79738.2","2016-09-25 00:00:00","1.16","20581.3","188.24","74261.25","59330.89","14930.36","0","conventional","Nashville"
"22","261491.83","127608.67","2016-07-24 00:00:00","1.16","41610.13","397","91876.03","68532.55","10508.48","12835","conventional","NewOrleansMobile"
"44","380427.08","3997.91","2016-02-21 00:00:00","1.16","278339.49","26089.16","72000.52","70056.97","1943.55","0","conventional","NorthernNewEngland"
"14","319543.98","133279.34","2016-09-18 00:00:00","1.16","59374.23","90.08","126800.33","57821.05","68979.28","0","conventional","Orlando"
"48","1261352.88","360743.21","2016-01-24 00:00:00","1.16","518203.05","16918.87","365487.75","315428.95","47910.39","2148.41","conventional","Plains"
"10","563725.3","106966.73","2016-10-16 00:00:00","1.16","107928.08","13597.96","335232.53","329875.17","5211.82","145.54","conventional","Portland"
"31","288374.18","58844.01","2016-05-22 00:00:00","1.16","123522.39","19570.01","86437.77","85455.55","307.22","675","conventional","RaleighGreensboro"
"0","103804.48","27393.26","2016-12-25 00:00:00","1.16","28263.18","95.33","48052.71","47522.99","529.72","0","conventional","Roanoke"
"21","522678.71","156893.23","2016-07-31 00:00:00","1.16","167605.98","18152.4","180027.1","156662.69","23324.41","40","conventional","SanDiego"
"7","4214624.13","2443877.24","2016-11-06 00:00:00","1.16","789647.7","16494.71","964604.48","771794.04","191200.76","1609.68","conventional","SouthCentral"
"20","89531.14","28151.76","2016-08-07 00:00:00","1.16","21160.1","1816.11","38403.17","38393.69","0","9.48","conventional","Spokane"
"4","100424.14","34165.03","2016-11-27 00:00:00","1.16","6473.64","16.27","59769.2","40665.36","19103.84","0","conventional","StLouis"
"12","140030.37","51859.03","2016-10-02 00:00:00","1.16","14340.74","35.83","73794.77","41062.22","32732.55","0","conventional","StLouis"
"16","151456.08","41709.95","2016-09-04 00:00:00","1.16","27154.21","131.77","82460.15","59982.2","17076.4","5401.55","conventional","StLouis"
"15","338518.81","154295.04","2016-09-11 00:00:00","1.16","62808.74","61","121354.03","65128.71","55457.26","768.06","conventional","Tampa"
"26","361181.98","143485.88","2016-06-26 00:00:00","1.16","88209.18","37.04","129449.88","88532.88","31127","9790","conventional","Tampa"
"40","122951.65","3184.29","2017-03-26 00:00:00","1.16","100854.22","70.17","18842.97","7252.7","11590.27","0","conventional","Albany"
"26","528297.88","248095.78","2017-07-02 00:00:00","1.16","56275.22","109.99","223816.89","136027.87","77103.34","10685.68","conventional","Atlanta"
"40","95292.56","43566.18","2017-03-26 00:00:00","1.16","4140.76","8899.3","38686.32","38139.14","517.97","29.21","conventional","Boise"
"51","822522.24","79629.99","2017-01-08 00:00:00","1.16","499835.88","151447.25","91609.12","81467.82","1420.05","8721.25","conventional","Chicago"
"3","234296.59","5977.05","2017-12-10 00:00:00","1.16","88000.51","505.01","139814.02","38355.47","101403.35","55.2","conventional","CincinnatiDayton"
"40","221214.93","2737.56","2017-03-26 00:00:00","1.16","75138.64","1185.8","142152.93","30291.14","111860.25","1.54","conventional","CincinnatiDayton"
"32","180283.53","84951.87","2017-05-21 00:00:00","1.16","22123.26","1875.51","71332.89","62962.93","8171.47","198.49","conventional","Columbus"
"30","895594.9","198732.29","2017-06-04 00:00:00","1.16","179793.41","30183.22","486885.98","200815.16","286070.82","0","conventional","Denver"
"10","1008358.03","492168.22","2017-10-22 00:00:00","1.16","128029.43","1834.84","386325.54","298349.69","87975.85","0","conventional","Houston"
"18","1109914.22","510226.8","2017-08-27 00:00:00","1.16","195358.46","1867.94","402461.02","293696.79","108227.56","536.67","conventional","Houston"
"44","172502.22","90291.99","2017-02-26 00:00:00","1.16","20630.64","66.62","61512.97","31645.74","29517.23","350","conventional","Jacksonville"
"50","191122.29","80023.35","2017-01-15 00:00:00","1.16","30493.69","188.02","80417.23","27774.46","52642.77","0","conventional","Jacksonville"
"5","205033","52245","2017-11-26 00:00:00","1.16","75503","4316","72969","45659","27009","300","conventional","LasVegas"
"0","461913.85","314324.12","2017-12-31 00:00:00","1.16","38867.01","665.33","108057.39","56521.08","51536.31","0","conventional","Orlando"
"5","92146","25890","2017-11-26 00:00:00","1.16","29449","133","36675","32592","4082","0","conventional","Roanoke"
"24","159919.52","42470.79","2017-07-16 00:00:00","1.16","40719.18","222.19","76507.36","67961.07","6304.08","2242.21","conventional","Roanoke"
"28","152802.24","30545.71","2017-06-18 00:00:00","1.16","47417.92","97.56","74741.05","69630.36","2860.69","2250","conventional","Roanoke"
"29","155040.89","31085.3","2017-06-11 00:00:00","1.16","50163.3","93.77","73698.52","70183.05","610.47","2905","conventional","Roanoke"
"7","433591","168076","2017-11-12 00:00:00","1.16","140122","16004","109389","100528","5510","3351","conventional","SanDiego"
"28","696101.26","128838.87","2017-06-18 00:00:00","1.16","170657.09","521.7","396083.6","395578.69","92.84","412.07","conventional","Seattle"
"40","608172.61","99301.64","2017-03-26 00:00:00","1.16","166232.82","323.47","342314.68","341802.35","213.09","299.24","conventional","Seattle"
"4","80464","23473","2017-12-03 00:00:00","1.16","17884","378","38729","33362","5310","57","conventional","Spokane"
"29","94583.08","16949.7","2017-06-11 00:00:00","1.16","27300.24","62.41","50270.73","50207.99","13.63","49.11","conventional","Spokane"
"30","97756.24","18046.3","2017-06-04 00:00:00","1.16","29061.02","52.82","50596.1","50585.78","0","10.32","conventional","Spokane"
"0","548933.38","364499.92","2017-12-31 00:00:00","1.16","55831.33","610.57","127991.56","59003.18","68988.38","0","conventional","Tampa"
"1","1113242.82","114754.38","2018-03-18 00:00:00","1.16","505245.36","5034.83","488208.25","483402.85","2918.73","1886.67","conventional","BaltimoreWashington"
"2","185174.55","18057.75","2018-03-11 00:00:00","1.16","83259.03","57.09","83800.68","41026.82","41959.42","814.44","conventional","BuffaloRochester"
"8","6134040.58","2254631.8","2018-01-28 00:00:00","1.16","2185495.65","121090.87","1572822.26","1480527.7","24545.94","67748.62","conventional","California"
"2","788107.23","159389.01","2018-03-11 00:00:00","1.16","205340.23","16598.6","406779.39","156327.39","250452","0","conventional","Denver"
"5","743979.81","159850.99","2018-02-18 00:00:00","1.16","197244.92","12929.9","373954","126126.99","247827.01","0","conventional","Denver"
"9","872673.39","147297.68","2018-01-21 00:00:00","1.16","233968.98","14834.26","476572.47","101867.53","374703.83","1.11","conventional","Denver"
"1","3944850.17","784915.67","2018-03-18 00:00:00","1.16","952233.04","348177.94","1859523.52","1416662.42","381069.68","61791.42","conventional","GreatLakes"
"7","395673.05","92062.94","2018-02-04 00:00:00","1.16","211176.35","157.51","92276.25","89502.17","1977.41","796.67","conventional","HarrisburgScranton"
"2","227714.5","126052.23","2018-03-11 00:00:00","1.16","12557.63","439.09","88665.55","37739.81","50845.74","80","conventional","Jacksonville"
"10","322932.06","79986.22","2018-01-14 00:00:00","1.16","96281.04","7841.07","138823.73","71330.43","67126.63","366.67","conventional","LasVegas"
"9","482904.74","312991.46","2018-01-21 00:00:00","1.16","36478.07","1521.7","131913.51","72049.51","59856.21","7.79","conventional","Orlando"
"3","592281.81","75141.3","2018-03-04 00:00:00","1.16","252079.64","16464.63","248596.24","163839.54","84108.76","647.94","conventional","Portland"
"3","1051308.5","386100.25","2018-03-04 00:00:00","1.16","426277.63","2512.69","236417.93","231913.11","1286.43","3218.39","conventional","SanFrancisco"
"3","457398.25","213096.65","2018-03-04 00:00:00","1.16","71897.89","3953.91","168449.8","119609.41","45130.39","3710","conventional","SouthCarolina"
"4","97120.83","21800.62","2018-02-25 00:00:00","1.16","24410.77","555","50354.44","21906.42","28350.8","97.22","conventional","Spokane"
"6","95011.27","25569.06","2018-02-11 00:00:00","1.16","24035.03","453.07","44954.11","21460.59","23406.38","87.14","conventional","Spokane"
"8","88197.75","25211.46","2018-01-28 00:00:00","1.16","28636.94","406.68","33942.67","23389.62","10519.31","33.74","conventional","Spokane"
"2","580771.43","372746.58","2018-03-11 00:00:00","1.16","45277.75","1442.66","161304.44","92677.26","68493.85","133.33","conventional","Tampa"
"8","2767.88","2.6","2015-11-01 00:00:00","1.16","1411.88","3.9","1349.5","257.15","1092.35","0","organic","Boise"
"28","9840.34","128.18","2015-06-14 00:00:00","1.16","5037.78","0","4674.38","916.67","3757.71","0","organic","Roanoke"
"40","12951.28","8173.64","2015-03-22 00:00:00","1.16","4447.33","0","330.31","330.31","0","0","organic","SanDiego"
"2","228520.16","29083.18","2015-12-13 00:00:00","1.16","68810.09","67.91","130558.98","28892.2","101666.78","0","organic","West"
"15","26658.47","10022.44","2016-09-11 00:00:00","1.16","247.44","0","16388.59","16072.8","315.79","0","organic","DallasFtWorth"
"37","20070.8","8391.02","2016-04-10 00:00:00","1.16","644.18","0","11035.6","8238.37","2797.23","0","organic","DallasFtWorth"
"40","16850.64","7780.48","2016-03-20 00:00:00","1.16","1096.46","0","7973.7","6471","1502.7","0","organic","DallasFtWorth"
"24","130838.45","4126.55","2016-07-10 00:00:00","1.16","56807.6","4.8","69899.5","15124.86","54774.64","0","organic","GreatLakes"
"2","1887.69","0","2016-12-11 00:00:00","1.16","710.07","0","1177.62","363.34","814.28","0","organic","Louisville"
"30","11609.26","845.21","2016-05-29 00:00:00","1.16","5055.04","0","5709.01","1665.11","4043.9","0","organic","Nashville"
"31","11734.73","1043.67","2016-05-22 00:00:00","1.16","4484.55","0","6206.51","1970","4236.51","0","organic","Nashville"
"48","1940.08","235.54","2016-01-24 00:00:00","1.16","132.09","0","1572.45","1526.47","45.98","0","organic","Pittsburgh"
"7","12920.67","354.11","2016-11-06 00:00:00","1.16","3333.15","224.52","9008.89","3285.65","5723.24","0","organic","RichmondNorfolk"
"9","12154.78","141.64","2016-10-23 00:00:00","1.16","4350.3","358.26","7304.58","1949.05","5355.53","0","organic","RichmondNorfolk"
"28","9568.18","131.67","2016-06-12 00:00:00","1.16","4168.66","395","4872.85","1665.78","3207.07","0","organic","RichmondNorfolk"
"3","7012.95","70.96","2016-12-04 00:00:00","1.16","2425.5","0","4516.49","836.89","3679.6","0","organic","Roanoke"
"25","87258.97","15707.89","2016-07-03 00:00:00","1.16","15614.27","956.86","54979.95","38190.18","16789.77","0","organic","Southeast"
"42","2918.06","7.57","2017-03-12 00:00:00","1.16","483.13","0","2427.36","240.87","2186.49","0","organic","Boise"
"48","23208.81","9611.35","2017-01-29 00:00:00","1.16","639.38","0","12958.08","12862.31","95.77","0","organic","DallasFtWorth"
"45","34290.67","10979.36","2017-02-19 00:00:00","1.16","1473.29","19.8","21818.22","581.42","21236.8","0","organic","Denver"
"42","21402.16","2478.71","2017-03-12 00:00:00","1.16","4691.98","0","14231.47","13805.95","425.52","0","organic","LasVegas"
"0","5828.21","1.27","2017-12-31 00:00:00","1.16","755.49","0","5071.45","3623.32","1448.13","0","organic","Louisville"
"28","12361.79","146.66","2017-06-18 00:00:00","1.16","3631.53","0","8583.6","2083.51","6500.09","0","organic","Nashville"
"31","8676.66","435.62","2017-05-28 00:00:00","1.16","2257.51","0","5983.53","341.21","5642.32","0","organic","Nashville"
"47","4305.56","338.27","2017-02-05 00:00:00","1.16","2130.07","0","1837.22","56.67","1780.55","0","organic","Nashville"
"36","45274.16","5451.4","2017-04-23 00:00:00","1.16","3518.13","150.29","36154.34","223.45","35930.89","0","organic","Portland"
"49","7525.89","234.38","2017-01-22 00:00:00","1.16","2584.95","0","4706.56","2177.11","2529.45","0","organic","Roanoke"
"51","4113.7","14.26","2017-01-08 00:00:00","1.16","914.68","0","3184.76","168.63","3016.13","0","organic","Spokane"
"42","10550.08","840.11","2017-03-12 00:00:00","1.16","599.7","0","9110.27","1055.56","8054.71","0","organic","StLouis"
"43","1619398.24","184006.16","2017-03-05 00:00:00","1.16","374220.48","2542.94","1058628.66","497098.27","561530.39","0","organic","TotalUS"
"42","308051.18","45583.97","2017-03-12 00:00:00","1.16","54904.68","102.54","207459.99","112615.83","94844.16","0","organic","West"
"42","39054.83","3021.26","2017-02-26 00:00:00","1.16","15568.68","11.77","20453.12","20299.52","153.6","0","organic","WestTexNewMexico"
"3","24533.53","676.16","2018-03-04 00:00:00","1.16","2624.4","0","21232.97","20853.85","379.12","0","organic","Detroit"
"17","382972.72","275818.27","2015-08-30 00:00:00","1.15","44839.12","1034.09","61281.24","47138.07","14112.5","30.67","conventional","Atlanta"
"21","405898.44","306587.86","2015-08-02 00:00:00","1.15","41906.78","3515.48","53888.32","42126.47","11720.3","41.55","conventional","Atlanta"
"2","619509.33","44400.26","2015-12-13 00:00:00","1.15","399851.59","24291.2","150966.28","149070.4","1895.88","0","conventional","BaltimoreWashington"
"26","862261.64","65051.95","2015-06-28 00:00:00","1.15","534535.21","51109.85","211564.63","207378.09","4022.51","164.03","conventional","BaltimoreWashington"
"37","837629.62","70796.72","2015-04-12 00:00:00","1.15","523170.13","42270.76","201392.01","196076.34","5315.67","0","conventional","BaltimoreWashington"
"25","85044.45","61949.73","2015-07-05 00:00:00","1.15","8022.13","8434.98","6637.61","6557.06","80.55","0","conventional","Boise"
"14","498640.23","4376.74","2015-09-20 00:00:00","1.15","398673.48","418.46","95171.55","91612.66","3558.89","0","conventional","Boston"
"19","565795.06","4460.85","2015-08-16 00:00:00","1.15","464476.33","748.65","96109.23","95887.01","222.22","0","conventional","Boston"
"36","504619.83","4013.71","2015-04-19 00:00:00","1.15","384880.49","162.91","115562.72","114562.17","1000.55","0","conventional","Boston"
"35","4923565.04","2421009.67","2015-04-26 00:00:00","1.15","1729486.77","196469.02","576599.58","548252.41","26483.99","1863.18","conventional","California"
"18","203298.37","32280.63","2015-08-23 00:00:00","1.15","50475.57","41677.6","78864.57","76846.13","2018.44","0","conventional","Charlotte"
"28","207093.88","31247.67","2015-06-14 00:00:00","1.15","64828.77","41193.22","69824.22","67842.39","1981.83","0","conventional","Charlotte"
"29","199980.3","43524.21","2015-06-07 00:00:00","1.15","45226.73","38578.8","72650.56","69123.57","3526.99","0","conventional","Charlotte"
"10","690302.58","25883.13","2015-10-18 00:00:00","1.15","482992.35","118311.09","63116.01","62076.66","285.56","753.79","conventional","Chicago"
"13","720501.55","16483.95","2015-09-27 00:00:00","1.15","532028.74","101193.84","70795.02","63370.36","2923.19","4501.47","conventional","Chicago"
"50","802874.94","31239.94","2015-01-11 00:00:00","1.15","558487.79","133848.57","79298.64","74716.43","4539.25","42.96","conventional","Chicago"
"40","603112.11","131881.99","2015-03-22 00:00:00","1.15","380284.5","8461.12","82484.5","47368.3","35116.2","0","conventional","Denver"
"44","250888.8","99207.09","2015-02-22 00:00:00","1.15","34703.33","46471.63","70506.75","66789.41","267.65","3449.69","conventional","Detroit"
"13","137849.61","2977.77","2015-09-27 00:00:00","1.15","87274.97","13024.28","34572.59","28888.74","1913.24","3770.61","conventional","GrandRapids"
"31","3574050.61","758183.5","2015-05-24 00:00:00","1.15","1764210.85","263068.72","788587.54","641756.72","134308.54","12522.28","conventional","GreatLakes"
"33","3501344.46","766730.7","2015-05-10 00:00:00","1.15","1723310.79","274259.73","737043.24","585000.53","147022.85","5019.86","conventional","GreatLakes"
"45","2610004.41","390973.21","2015-02-15 00:00:00","1.15","1331420.43","237030.33","650580.44","561485.4","81172.24","7922.8","conventional","GreatLakes"
"13","192478.26","30410.27","2015-09-27 00:00:00","1.15","108385.85","294.6","53387.54","51731.16","1656.38","0","conventional","HarrisburgScranton"
"42","192277.92","38517.23","2015-03-08 00:00:00","1.15","75750.79","334.13","77675.77","75825.42","1850.35","0","conventional","HarrisburgScranton"
"28","338036.94","4926.58","2015-06-14 00:00:00","1.15","253423.88","6839.64","72846.84","69607.77","3239.07","0","conventional","HartfordSpringfield"
"28","173545.33","10382.27","2015-06-14 00:00:00","1.15","97079.96","13744.21","52338.89","33478.56","17581.12","1279.21","conventional","Indianapolis"
"37","146422.18","13496.9","2015-04-12 00:00:00","1.15","86722.03","2457.5","43745.75","33143.47","10414.35","187.93","conventional","Indianapolis"
"18","65333.2","2607.26","2015-08-23 00:00:00","1.15","39932.88","1974.24","20818.82","10968.34","9442.4","408.08","conventional","Louisville"
"25","81748.59","1948.65","2015-07-05 00:00:00","1.15","49319.51","3205.65","27274.78","16460.65","10376.77","437.36","conventional","Louisville"
"26","69230.74","2289.22","2015-06-28 00:00:00","1.15","41216.44","1060.8","24664.28","15247.78","9197.48","219.02","conventional","Louisville"
"20","2710710.15","531460.61","2015-08-09 00:00:00","1.15","1328248.62","203932.87","647068.05","597061.79","48069.52","1936.74","conventional","Midsouth"
"22","2664424.22","531729.96","2015-07-26 00:00:00","1.15","1239353.81","199553.32","693787.13","638982.26","53809.21","995.66","conventional","Midsouth"
"48","2480820.72","566435.98","2015-01-25 00:00:00","1.15","1077630.8","164873.48","671880.46","572717.4","99142.71","20.35","conventional","Midsouth"
"9","3306614.18","88907","2015-10-25 00:00:00","1.15","2438454.39","3363.89","775888.9","693912.61","81976.29","0","conventional","Northeast"
"43","3780455.44","88609.28","2015-03-01 00:00:00","1.15","2790180.2","7317.59","894348.37","810060.6","84287.77","0","conventional","Northeast"
"25","536642.98","2968.62","2015-07-05 00:00:00","1.15","338863.42","17991.98","176818.96","176636.74","182.22","0","conventional","NorthernNewEngland"
"32","422484.37","2745.99","2015-05-17 00:00:00","1.15","287792.49","29.88","131916.01","131904.74","11.27","0","conventional","NorthernNewEngland"
"41","301852.8","6236.37","2015-03-15 00:00:00","1.15","247092.81","90.6","48433.02","48390.8","42.22","0","conventional","NorthernNewEngland"
"26","277853.94","144510.58","2015-06-28 00:00:00","1.15","52467.4","118.88","80757.08","62186.73","18570.35","0","conventional","Orlando"
"39","205954.04","54695.88","2015-03-29 00:00:00","1.15","96405.61","11552.86","43299.69","42423.09","876.6","0","conventional","RichmondNorfolk"
"50","194460.59","71743.11","2015-01-11 00:00:00","1.15","66849.97","10952.11","44915.4","36160.54","8754.86","0","conventional","RichmondNorfolk"
"48","123070.18","48244.28","2015-01-25 00:00:00","1.15","41412.29","103.6","33310.01","29161.12","4148.89","0","conventional","Roanoke"
"18","459471.05","250163.47","2015-08-23 00:00:00","1.15","153378.68","20782.84","35146.06","33582.95","1563.11","0","conventional","SanDiego"
"23","462526","258240.72","2015-07-19 00:00:00","1.15","142492.68","16611.22","45181.38","41231.13","3950.25","0","conventional","SanDiego"
"1","637091.48","173521.67","2015-12-20 00:00:00","1.15","364622.31","33083.99","65863.51","65038.1","766.09","59.32","conventional","SanFrancisco"
"1","404862.32","88134.2","2015-12-20 00:00:00","1.15","139794.19","6308.35","170625.58","170458.45","11.87","155.26","conventional","Seattle"
"19","497526.51","173165.55","2015-08-16 00:00:00","1.15","201936.28","12055.67","110369.01","110361.1","2.94","4.97","conventional","Seattle"
"20","523157.29","220284.27","2015-08-09 00:00:00","1.15","169096.61","13416.02","120360.39","120360.39","0","0","conventional","Seattle"
"17","280699.74","130772.55","2015-08-30 00:00:00","1.15","58761.62","15284.88","75880.69","70666.71","5198.14","15.84","conventional","SouthCarolina"
"41","297855.71","171702.03","2015-03-15 00:00:00","1.15","44167.57","18024.31","63961.8","58791.05","5170.75","0","conventional","SouthCarolina"
"49","276205.95","160256.58","2015-01-18 00:00:00","1.15","44019.64","14954.1","56975.63","35311.93","21663.7","0","conventional","SouthCarolina"
"10","2274638.59","1274185.16","2015-10-18 00:00:00","1.15","426237.27","28371.94","545844.22","355763.19","190038.31","42.72","conventional","Southeast"
"15","2486654.71","1317283.12","2015-09-13 00:00:00","1.15","534412.71","26776.37","608182.51","397112.08","211033.9","36.53","conventional","Southeast"
"22","2742949.66","1615660.84","2015-07-26 00:00:00","1.15","424560.81","78530.49","624197.52","515493.85","108703.67","0","conventional","Southeast"
"28","3021825.81","1910736.86","2015-06-14 00:00:00","1.15","315079.1","46585.63","749424.22","611440.68","137878.92","104.62","conventional","Southeast"
"32","2936173.63","2098271.46","2015-05-17 00:00:00","1.15","211868.36","26127.7","599906.11","470992.66","128913.45","0","conventional","Southeast"
"48","2778000.82","1990978.47","2015-01-25 00:00:00","1.15","266024.34","18600.92","502397.09","281141.42","221255.67","0","conventional","Southeast"
"19","72392.09","33363.36","2015-08-16 00:00:00","1.15","25970.27","3108.08","9950.38","9950.38","0","0","conventional","Spokane"
"38","73681.06","30529.69","2015-04-05 00:00:00","1.15","29902.8","3073.43","10175.14","10090.7","84.44","0","conventional","Spokane"
"5","134989.16","40115.68","2015-11-22 00:00:00","1.15","27003.98","23.45","67846.05","60331.15","7514.9","0","conventional","StLouis"
"11","159011.26","77647.86","2015-10-11 00:00:00","1.15","25627.41","28.01","55707.98","52275.19","3421.53","11.26","conventional","StLouis"
"15","200117.98","108859.16","2015-09-13 00:00:00","1.15","33405.69","227.53","57625.6","55794.9","1694.5","136.2","conventional","StLouis"
"20","200794.99","92511.57","2015-08-09 00:00:00","1.15","47874.46","230.92","60178.04","60173.56","0","4.48","conventional","StLouis"
"51","198735.26","125713.89","2015-01-04 00:00:00","1.15","34555.73","53.54","38412.1","38400.99","11.11","0","conventional","StLouis"
"1","238950.84","146376.83","2015-12-20 00:00:00","1.15","23810.77","33.84","68729.4","50715.84","18013.56","0","conventional","Tampa"
"50","536674.53","4120.09","2016-01-10 00:00:00","1.15","391873.45","13321.08","127359.91","127177.65","182.26","0","conventional","Boston"
"28","182471.54","4629.34","2016-06-12 00:00:00","1.15","79865","107.12","97870.08","95730.08","0","2140","conventional","BuffaloRochester"
"29","173445.42","1451.17","2016-06-05 00:00:00","1.15","78923","258.4","92812.85","90282.85","0","2530","conventional","BuffaloRochester"
"35","171142.36","1391.01","2016-04-24 00:00:00","1.15","69260.58","1784.73","98706.04","98706.04","0","0","conventional","BuffaloRochester"
"13","6075588.68","2357903.8","2016-09-25 00:00:00","1.15","1924933.51","117423.95","1675327.42","1583961.67","53653.13","37712.62","conventional","California"
"40","205367.45","33581.86","2016-03-20 00:00:00","1.15","101739.82","18631.48","51414.29","45426.62","5987.67","0","conventional","Charlotte"
"30","958566.68","36554.49","2016-05-29 00:00:00","1.15","642857.54","145363.84","133790.81","129034.96","3359.7","1396.15","conventional","Chicago"
"38","712210.03","36211.71","2016-04-03 00:00:00","1.15","457314.18","139240.25","79443.89","75467.12","3947.19","29.58","conventional","Chicago"
"43","780951.86","32414.21","2016-02-28 00:00:00","1.15","522790.14","133067.18","92680.33","90777.56","1902.77","0","conventional","Chicago"
"22","173335.16","73713.02","2016-07-24 00:00:00","1.15","34227.26","6083.87","59311.01","46627.28","8564.06","4119.67","conventional","Columbus"
"10","673392.59","129257.01","2016-10-16 00:00:00","1.15","156075.34","16490.35","371569.89","91676.55","279893.34","0","conventional","Denver"
"13","680946.51","135131.95","2016-09-25 00:00:00","1.15","168060","16829.34","360925.22","91074.56","269661.77","188.89","conventional","Denver"
"21","673588.45","144730.95","2016-07-31 00:00:00","1.15","178801.08","19083.49","330972.93","200378.09","129901.78","693.06","conventional","Denver"
"18","316859.74","121469.45","2016-08-21 00:00:00","1.15","53707.3","13151.78","128531.21","127061.88","108.89","1360.44","conventional","Detroit"
"22","354577.28","133984.58","2016-07-24 00:00:00","1.15","39970.66","40559.67","140062.37","111538.67","10056.37","18467.33","conventional","Detroit"
"41","149119.51","2180.17","2016-03-13 00:00:00","1.15","91194.54","2607.73","53137.07","43482.47","9621.76","32.84","conventional","GrandRapids"
"28","3443333.94","593779.04","2016-06-12 00:00:00","1.15","1519607.27","285261.84","1044685.79","858070.55","135926.11","50689.13","conventional","GreatLakes"
"16","311176.62","77540.78","2016-09-04 00:00:00","1.15","112618.27","230.96","120786.61","119477.01","1159.6","150","conventional","HarrisburgScranton"
"39","247389.76","35550.74","2016-03-27 00:00:00","1.15","135847.91","156.57","75834.54","74484.74","1349.8","0","conventional","HarrisburgScranton"
"44","235440.15","33667.84","2016-02-21 00:00:00","1.15","136616.59","158.14","64997.58","62779.7","2217.88","0","conventional","HarrisburgScranton"
"49","251772.19","37242.5","2016-01-17 00:00:00","1.15","127825.35","215.42","86488.92","85284","1204.92","0","conventional","HarrisburgScranton"
"30","382443.83","5717.38","2016-05-29 00:00:00","1.15","310084.06","433.03","66209.36","63033.05","1485.98","1690.33","conventional","HartfordSpringfield"
"8","709890.11","346283.28","2016-10-30 00:00:00","1.15","181578.62","3192.69","178835.52","47722.65","131112.87","0","conventional","Houston"
"26","183555.06","14452.83","2016-06-26 00:00:00","1.15","90386.24","15029.71","63686.28","41778.41","16248.62","5659.25","conventional","Indianapolis"
"22","283863.44","110868.68","2016-07-24 00:00:00","1.15","58714.33","7525.31","106755.12","66233.39","40005.06","516.67","conventional","LasVegas"
"11","78262.36","1705.62","2016-10-09 00:00:00","1.15","36812.98","328.99","39414.77","11916.09","27498.68","0","conventional","Louisville"
"24","94591.67","2784.81","2016-07-10 00:00:00","1.15","62213.99","2084.03","27508.84","15928.78","8353.96","3226.1","conventional","Louisville"
"38","543234.89","287271.39","2016-04-03 00:00:00","1.15","103462.51","72.01","152428.98","54721.55","97707.43","0","conventional","MiamiFtLauderdale"
"2","2339977.39","574106.6","2016-12-11 00:00:00","1.15","862587.29","39178.61","864104.89","700661.19","158716","4727.7","conventional","Midsouth"
"25","3393696.45","653109.17","2016-07-03 00:00:00","1.15","1523684.65","213314.73","1003587.9","827533.73","98647.47","77406.7","conventional","Midsouth"
"28","3122351.17","677443.53","2016-06-12 00:00:00","1.15","1422914","229464.95","792528.69","711257.87","50027.88","31242.94","conventional","Midsouth"
"12","172755.25","76163.23","2016-10-02 00:00:00","1.15","15615.55","85.74","80890.73","63579.82","17310.91","0","conventional","Nashville"
"43","1594427.98","18295.61","2016-02-28 00:00:00","1.15","1282457.13","2027.64","291647.6","249147.27","42500.33","0","conventional","NewYork"
"50","1364272.64","16165.18","2016-01-10 00:00:00","1.15","1012218.12","1669.99","334219.35","278109.41","56109.94","0","conventional","NewYork"
"43","4481119.44","105867.52","2016-02-28 00:00:00","1.15","3361015.9","84168.72","930067.3","867106.18","62961.12","0","conventional","Northeast"
"39","93607.68","1246.72","2016-03-27 00:00:00","1.15","53507.55","1504.71","37348.7","20111.13","17237.57","0","conventional","Pittsburgh"
"23","1865426.77","615734.77","2016-07-17 00:00:00","1.15","583708.66","11130.38","654852.96","590322.87","30454.97","34075.12","conventional","Plains"
"1","174209.1","64259.62","2016-12-18 00:00:00","1.15","54299.21","2892.26","52758.01","51586.6","1171.41","0","conventional","RichmondNorfolk"
"1","93106.8","29593.9","2016-12-18 00:00:00","1.15","26460.78","125.18","36926.94","35874.46","1052.48","0","conventional","Roanoke"
"28","501159.1","158599.19","2016-06-12 00:00:00","1.15","263137.09","22373","57049.82","56671.26","13.14","365.42","conventional","Sacramento"
"36","448082.46","158323.88","2016-04-17 00:00:00","1.15","210773.79","21378.51","57606.28","57218.47","61.42","326.39","conventional","Sacramento"
"37","459342.82","152169.98","2016-04-10 00:00:00","1.15","227080.5","22372.96","57719.38","57376.68","20.48","322.22","conventional","Sacramento"
"44","799826.02","178438.97","2016-02-21 00:00:00","1.15","509199.72","41240.25","70947.08","70255.21","663.8","28.07","conventional","SanFrancisco"
"23","3408142.71","1466379.21","2016-07-17 00:00:00","1.15","813315.42","20301.82","1108146.26","705840.64","335918.68","66386.94","conventional","Southeast"
"0","69054.97","13134.96","2016-12-25 00:00:00","1.15","22888.68","43.42","32987.91","32946.57","13.33","28.01","conventional","Spokane"
"17","133188.79","43863.96","2016-08-28 00:00:00","1.15","22002.03","99.09","67223.71","43548.46","19095.4","4579.85","conventional","StLouis"
"49","167689.21","55839.79","2016-01-17 00:00:00","1.15","32775.72","25.07","79048.63","63934.26","15068.21","46.16","conventional","StLouis"
"24","359346.63","141565.52","2016-07-10 00:00:00","1.15","92115.84","93.56","125571.71","87917.71","26862.89","10791.11","conventional","Tampa"
"14","31346091.46","11337829.1","2016-09-18 00:00:00","1.15","9481313.14","486187.39","10040761.83","7649502.34","2311262.99","79996.5","conventional","TotalUS"
"20","33819909.09","12197105.36","2016-08-07 00:00:00","1.15","10731379.56","754548.53","10136875.64","8386276.39","1569550.49","181048.76","conventional","TotalUS"
"23","32656123.63","10320463.27","2016-07-17 00:00:00","1.15","10628872.6","953631.47","10753156.29","8737861.29","1624816.27","390478.73","conventional","TotalUS"
"10","5308225.44","1613263.25","2016-10-16 00:00:00","1.15","1052993.06","102563.1","2539406.03","1566289.88","970943.65","2172.5","conventional","West"
"37","543227.58","237537.66","2017-04-16 00:00:00","1.15","48907.53","143.78","256638.61","170945.65","80087.96","5605","conventional","Atlanta"
"0","849487.62","66628.66","2017-12-31 00:00:00","1.15","519460.2","4920.46","258478.3","245665.84","12812.46","0","conventional","BaltimoreWashington"
"37","99410.94","43003.22","2017-04-16 00:00:00","1.15","3555.37","9548.66","43303.69","43271.03","29.36","3.3","conventional","Boise"
"41","86727.42","33891.7","2017-03-19 00:00:00","1.15","3887.21","9034.34","39914.17","39041.29","834.37","38.51","conventional","Boise"
"7","5637795","2309785","2017-11-12 00:00:00","1.15","1882561","108415","1337035","1248089","30662","58284","conventional","California"
"8","5663438.53","2148627.4","2017-11-05 00:00:00","1.15","2224529.18","108333.63","1181948.32","1105519.8","20488.19","55940.33","conventional","California"
"27","6999255.87","2706875.38","2017-06-25 00:00:00","1.15","1977949.64","191069.11","2123361.74","2061235.1","5202.82","56923.82","conventional","California"
"43","5634150.07","1961188.27","2017-03-05 00:00:00","1.15","1720072.57","161251.98","1791637.25","1727384.52","9179.36","55073.37","conventional","California"
"52","803348.87","87695.7","2017-01-01 00:00:00","1.15","531287.44","114647.36","69718.37","63550.62","1078.38","5089.37","conventional","Chicago"
"19","307618.14","4339.15","2017-08-20 00:00:00","1.15","107640.2","884.18","194754.61","21955.22","172119.45","679.94","conventional","CincinnatiDayton"
"23","971350.62","149313.58","2017-07-23 00:00:00","1.15","353625.53","13389.27","455022.24","86886.46","368135.78","0","conventional","Denver"
"36","766941.79","162809.94","2017-04-23 00:00:00","1.15","163230.47","22772.48","418128.9","88929.4","329199.5","0","conventional","Denver"
"44","782244.57","139037.76","2017-02-26 00:00:00","1.15","237453.81","15021.65","390731.35","214059.39","176671.96","0","conventional","Denver"
"4","3837027","603156","2017-12-03 00:00:00","1.15","1732528","317891","1183450","577048","579235","27167","conventional","GreatLakes"
"27","3938985.06","718886.46","2017-06-25 00:00:00","1.15","1270259.61","253074.81","1696764.18","1090179.55","563107.77","43476.86","conventional","GreatLakes"
"51","141693.33","47783.4","2017-01-08 00:00:00","1.15","23081.48","148.91","70679.54","29267.91","41411.63","0","conventional","Jacksonville"
"39","96962.69","2228.91","2017-04-02 00:00:00","1.15","43114.54","225.38","51393.86","18336.09","33057.77","0","conventional","Louisville"
"3","1606464.12","658960.79","2017-12-10 00:00:00","1.15","395234.44","4370.57","547898.32","413856.9","133584.89","456.53","conventional","Plains"
"23","606128.4","163681.81","2017-07-23 00:00:00","1.15","240248.53","15020.34","187177.72","99301.68","87801.41","74.63","conventional","Portland"
"8","250600.37","82955.94","2017-11-05 00:00:00","1.15","75403.92","1474.13","90766.38","87156.99","3547.7","61.69","conventional","RichmondNorfolk"
"50","261313.02","96322.65","2017-01-15 00:00:00","1.15","89916.17","3884.99","71189.21","69981.57","1164.58","43.06","conventional","RichmondNorfolk"
"27","146132.45","28194.39","2017-06-25 00:00:00","1.15","47197.86","97.07","70643.13","58834.48","9493.4","2315.25","conventional","Roanoke"
"31","165711.15","42689.34","2017-05-28 00:00:00","1.15","46416.68","107.29","76497.84","62798.96","13638.09","60.79","conventional","Roanoke"
"39","169374.96","32991.83","2017-04-02 00:00:00","1.15","50584.41","94.1","85704.62","84689.06","1015.56","0","conventional","Roanoke"
"43","149237.92","31738.77","2017-03-05 00:00:00","1.15","48916.45","159.11","68423.59","67685.81","737.78","0","conventional","Roanoke"
"51","506805.15","156654.26","2017-01-08 00:00:00","1.15","276138.98","642.55","73369.36","66987.7","4336.66","2045","conventional","Sacramento"
"1","860922.52","178487.8","2017-12-24 00:00:00","1.15","560097.71","2244.23","120092.78","117345.4","31.33","2716.05","conventional","SanFrancisco"
"51","352660.2","154597.55","2017-01-08 00:00:00","1.15","75966.86","3127.12","118968.67","83272.89","35695.78","0","conventional","SouthCarolina"
"10","4919102.69","2541201.97","2017-10-22 00:00:00","1.15","796819.87","11499.33","1569581.52","1211443.25","357979.25","159.02","conventional","SouthCentral"
"31","102536.61","20265.31","2017-05-28 00:00:00","1.15","31394.11","156.08","50721.11","50674.3","33.81","13","conventional","Spokane"
"34","582405.72","366742","2017-05-07 00:00:00","1.15","90035.15","80.37","125548.2","71538.85","54009.35","0","conventional","Tampa"
"7","32336225","11512837","2017-11-12 00:00:00","1.15","9994648","416643","10412097","7277327","3044847","89923","conventional","TotalUS"
"11","615558.48","378161.23","2017-10-15 00:00:00","1.15","115974.2","360.91","121062.14","55077.35","65984.79","0","conventional","WestTexNewMexico"
"10","111113.11","49335.23","2018-01-14 00:00:00","1.15","7414.97","8298.95","46063.96","19135.96","26830.36","97.64","conventional","Boise"
"10","243366.13","59620.01","2018-01-14 00:00:00","1.15","30542.73","19975.22","133228.17","123961.02","9260.42","6.73","conventional","CincinnatiDayton"
"8","773218.13","181751.78","2018-01-28 00:00:00","1.15","215803.07","9803.85","365859.43","111320.37","254537.95","1.11","conventional","Denver"
"0","477637.43","82568.15","2018-03-25 00:00:00","1.15","72460.6","62078.52","260530.16","211303.55","21812.97","27413.64","conventional","Detroit"
"8","299069.36","101247.63","2018-01-28 00:00:00","1.15","112796.55","129.6","84895.58","84111.58","447.33","336.67","conventional","HarrisburgScranton"
"9","2653023.23","1230413.83","2018-01-21 00:00:00","1.15","364552.16","82843.86","975213.38","918833.2","16789.91","39590.27","conventional","LosAngeles"
"3","97173.74","22840.56","2018-03-04 00:00:00","1.15","23137.75","219.31","50976.12","32351.06","17796.4","828.66","conventional","Louisville"
"10","121812.81","12826.43","2018-01-14 00:00:00","1.15","44061.69","168.9","64755.79","32059.16","32693.81","2.82","conventional","Louisville"
"2","3874143.18","1003594.96","2018-03-11 00:00:00","1.15","1291212.19","26832.41","1552503.62","1389780.99","153631.49","9091.14","conventional","Midsouth"
"10","290571.66","170097.6","2018-01-14 00:00:00","1.15","22912.24","2542","95019.82","76659.09","17342.95","1017.78","conventional","NewOrleansMobile"
"11","295941.23","183343.94","2018-01-07 00:00:00","1.15","30856.25","2514.49","79226.55","64892.6","13346.17","987.78","conventional","NewOrleansMobile"
"2","2152113.24","917962.76","2018-03-11 00:00:00","1.15","512519.24","7989.48","713641.76","630813.83","77037.43","5790.5","conventional","Plains"
"3","2092354.75","888108.56","2018-03-04 00:00:00","1.15","501748.08","8144.54","694353.57","627934.12","53944.75","12474.7","conventional","Plains"
"9","591211.37","160917.18","2018-01-21 00:00:00","1.15","362263.89","1136.97","66893.33","60172.16","1674.44","5046.73","conventional","Sacramento"
"0","99982.71","23281.1","2018-03-25 00:00:00","1.15","29539.62","544.24","46617.75","22506.27","23986.48","125","conventional","Spokane"
"6","174606.68","80260.52","2018-02-11 00:00:00","1.15","6205.36","372.01","87768.79","67859.82","19908.97","0","conventional","StLouis"
"7","113023.35","5795.04","2018-02-04 00:00:00","1.15","77127.19","87.42","30013.7","7708.12","22305.58","0","conventional","Syracuse"
"47","27929.74","14635.12","2015-02-01 00:00:00","1.15","8013.19","667.82","4613.61","4613.61","0","0","organic","BaltimoreWashington"
"6","8779.47","6.99","2015-11-15 00:00:00","1.15","534.36","0","8238.12","8232.57","5.55","0","organic","Boston"
"43","250298.58","178033.64","2015-03-01 00:00:00","1.15","59786.79","0","12478.15","12478.15","0","0","organic","California"
"47","12285.76","9833.51","2015-02-01 00:00:00","1.15","1505.58","0","946.67","946.67","0","0","organic","Houston"
"22","9173.77","385.32","2015-07-26 00:00:00","1.15","5220.51","0","3567.94","576.19","2991.75","0","organic","Nashville"
"32","17956.34","171.41","2015-05-17 00:00:00","1.15","10462.72","4562.19","2760.02","2118.11","641.91","0","organic","RaleighGreensboro"
"10","17664.37","1142.04","2016-10-16 00:00:00","1.15","4640.4","0","11881.93","47.88","11834.05","0","organic","Atlanta"
"42","1381.84","16.45","2016-03-06 00:00:00","1.15","490.93","0","874.46","0","874.46","0","organic","Boise"
"42","19464.82","7164.37","2016-03-06 00:00:00","1.15","560.17","0","11740.28","9961.79","1778.49","0","organic","DallasFtWorth"
"16","25026.47","8810.53","2016-09-04 00:00:00","1.15","2263.32","275.18","13677.44","11408.72","2268.72","0","organic","Denver"
"38","27248.91","6435.15","2016-04-03 00:00:00","1.15","2257.4","15.61","18540.75","11673.65","6867.1","0","organic","Denver"
"49","22059.78","6052.49","2016-01-17 00:00:00","1.15","3670.46","23.12","12313.71","1737.61","10576.1","0","organic","Denver"
"37","3566.21","91.87","2016-04-10 00:00:00","1.15","1291.12","0","2183.22","970.46","1212.76","0","organic","Indianapolis"
"24","125690.61","21301.03","2016-07-10 00:00:00","1.15","27011.26","9.53","77368.79","77225.89","142.9","0","organic","LosAngeles"
"28","106514.62","16790.67","2016-06-12 00:00:00","1.15","34443.11","0","55280.84","55248.05","32.79","0","organic","LosAngeles"
"51","60896.62","11697.8","2016-01-03 00:00:00","1.15","18392.56","0","30806.26","26300.54","4505.72","0","organic","LosAngeles"
"41","1479.81","108.61","2016-03-13 00:00:00","1.15","84.13","9.18","1277.89","1274.49","3.4","0","organic","Pittsburgh"
"10","8323.19","52.4","2016-10-16 00:00:00","1.15","3016.27","0","5254.52","1582.01","3672.51","0","organic","Roanoke"
"16","11844.17","97.77","2016-09-04 00:00:00","1.15","3795.93","0","7950.47","1605.04","6345.43","0","organic","Roanoke"
"31","21361.58","2091.2","2016-05-22 00:00:00","1.15","10494.08","4.81","8771.49","8771.49","0","0","organic","SanDiego"
"13","131608.43","50298.52","2016-09-25 00:00:00","1.15","6985.47","8.87","74315.57","65470.7","8844.87","0","organic","SouthCentral"
"36","118580.72","29955.06","2016-04-17 00:00:00","1.15","15129.88","17.07","73478.71","56962.55","16516.16","0","organic","SouthCentral"
"44","2949.49","21.41","2017-02-26 00:00:00","1.15","393.39","0","2534.69","659.44","1875.25","0","organic","Boise"
"0","10568.46","176.5","2017-12-31 00:00:00","1.15","82.85","0","10309.11","5004.55","5304.56","0","organic","BuffaloRochester"
"1","11025.86","233.3","2017-12-24 00:00:00","1.15","65.48","0","10727.08","9439.56","1287.52","0","organic","BuffaloRochester"
"2","10784.73","196.04","2017-12-17 00:00:00","1.15","131.48","0","10457.21","3560.34","6896.87","0","organic","BuffaloRochester"
"46","4313.04","785.28","2017-02-12 00:00:00","1.15","1389.26","0","2138.5","1268.81","869.69","0","organic","Indianapolis"
"45","17954.08","1900.85","2017-02-19 00:00:00","1.15","3776.59","0","12276.64","11577.52","699.12","0","organic","LasVegas"
"33","5721.61","0","2017-05-14 00:00:00","1.15","1188.69","0","4532.92","620.55","3912.37","0","organic","Louisville"
"29","13829.49","380.62","2017-06-11 00:00:00","1.15","3321.97","0","10126.9","1731.86","8395.04","0","organic","Nashville"
"37","45803.57","3515.55","2017-04-16 00:00:00","1.15","5519.58","13.66","36754.78","235.96","36518.82","0","organic","Portland"
"47","227693.33","35703.61","2017-02-05 00:00:00","1.15","46107.73","71.74","145810.25","41936.54","103873.71","0","organic","West"
"40","26522.49","3289.27","2017-03-12 00:00:00","1.15","3877.22","26.38","19329.62","17880.59","1449.03","0","organic","WestTexNewMexico"
"11","82282.71","1315.95","2018-01-07 00:00:00","1.15","9962.1","134.19","70870.47","70863.8","6.67","0","organic","BaltimoreWashington"
"11","12589.45","1639.81","2018-01-07 00:00:00","1.15","1133.28","0","9816.36","9106.36","710","0","organic","Columbus"
"24","407204.88","310080.33","2015-07-12 00:00:00","1.14","37953.24","867.46","58303.85","46023.59","12280.26","0","conventional","Atlanta"
"19","882754.72","86492.03","2015-08-16 00:00:00","1.14","597184.73","43102.61","155975.35","153156.63","2796.82","21.9","conventional","BaltimoreWashington"
"8","53585.51","30434.99","2015-11-01 00:00:00","1.14","4359.52","6428.27","12362.73","12331.82","0","30.91","conventional","Boise"
"42","65350.24","45879.84","2015-03-08 00:00:00","1.14","7206.22","7403.75","4860.43","4860.43","0","0","conventional","Boise"
"45","61221.98","41547.87","2015-02-15 00:00:00","1.14","7840.31","6492.94","5340.86","3647.52","1693.34","0","conventional","Boise"
"11","485706.68","5145.86","2015-10-11 00:00:00","1.14","378295.9","355.03","101909.89","97513.23","4396.66","0","conventional","Boston"
"24","634515.74","5332.07","2015-07-12 00:00:00","1.14","471639.53","9361.55","148182.59","146946.54","1236.05","0","conventional","Boston"
"31","633521.98","4601.66","2015-05-24 00:00:00","1.14","490485.76","276.82","138157.74","137769.31","388.43","0","conventional","Boston"
"33","625558.14","4601.5","2015-05-10 00:00:00","1.14","476827.52","131.47","143997.65","141309.43","2688.22","0","conventional","Boston"
"14","4759791.13","1702965.49","2015-09-20 00:00:00","1.14","2230693.51","273922.36","552209.77","529779.37","17303.91","5126.49","conventional","California"
"11","167396.56","22941.59","2015-10-11 00:00:00","1.14","45669.33","58989.81","39795.83","33103.01","6692.82","0","conventional","Charlotte"
"3","664020.49","53173.18","2015-12-06 00:00:00","1.14","455048.11","92888.37","62910.83","62473.12","420.95","16.76","conventional","Chicago"
"49","797741.43","24917.77","2015-01-18 00:00:00","1.14","533717.99","140239.95","98865.72","95516.44","3311.71","37.57","conventional","Chicago"
"17","721703.83","119849.97","2015-08-30 00:00:00","1.14","421032.49","19353.95","161467.42","43991.55","117475.87","0","conventional","Denver"
"9","134921.44","3899.73","2015-10-25 00:00:00","1.14","86434.9","9431.21","35155.6","30487.72","3036.22","1631.66","conventional","GrandRapids"
"29","212599.11","6926.42","2015-06-07 00:00:00","1.14","134230.11","10407.58","61035","55432.55","4067.09","1535.36","conventional","GrandRapids"
"18","2849127.29","404182.26","2015-08-23 00:00:00","1.14","1596909.93","279710.88","568324.22","427635.3","122225.92","18463","conventional","GreatLakes"
"21","3162447.64","490577.01","2015-08-02 00:00:00","1.14","1722754.95","321610.93","627504.75","500704.88","104570.86","22229.01","conventional","GreatLakes"
"24","3077237.12","456044.5","2015-07-12 00:00:00","1.14","1617124.36","288141.07","715927.19","581802.24","120335.36","13789.59","conventional","GreatLakes"
"35","3234024.32","609506.22","2015-04-26 00:00:00","1.14","1580854.41","294073.96","749589.73","615887.17","116500.49","17202.07","conventional","GreatLakes"
"2","187058.65","27053.78","2015-12-13 00:00:00","1.14","107144.99","229.97","52629.91","51752.86","877.05","0","conventional","HarrisburgScranton"
"39","197282.25","31891.81","2015-03-29 00:00:00","1.14","102587.16","418.1","62385.18","61035.96","1349.22","0","conventional","HarrisburgScranton"
"18","298493.22","4337.08","2015-08-23 00:00:00","1.14","248478.66","422.19","45255.29","44345.82","909.47","0","conventional","HartfordSpringfield"
"19","160059.77","5270.74","2015-08-16 00:00:00","1.14","90141.76","20017.79","44629.48","23010","17605.07","4014.41","conventional","Indianapolis"
"49","149319.82","2910.77","2015-01-18 00:00:00","1.14","103890.9","2048.78","40469.37","22405.47","17913.92","149.98","conventional","Indianapolis"
"19","2823405.23","627950.44","2015-08-16 00:00:00","1.14","1355609.83","222563.23","617281.73","577210.39","36597.11","3474.23","conventional","Midsouth"
"21","2752081.97","532287.84","2015-08-02 00:00:00","1.14","1359710.96","208419.92","651663.25","604227.7","46004.95","1430.6","conventional","Midsouth"
"23","2751192.77","569216.65","2015-07-19 00:00:00","1.14","1234664","218257.94","729054.18","685065.97","41646.75","2341.46","conventional","Midsouth"
"26","2835630.41","534709.22","2015-06-28 00:00:00","1.14","1324231.26","215752.18","760937.75","722276.9","37287.39","1373.46","conventional","Midsouth"
"29","2918298.91","724315.73","2015-06-07 00:00:00","1.14","1217522.42","200001.49","776459.27","717859.42","56141.4","2458.45","conventional","Midsouth"
"30","3039403.06","734816.3","2015-05-31 00:00:00","1.14","1377202.12","207708.91","719675.73","661787.82","56794.41","1093.5","conventional","Midsouth"
"31","3119050.91","719874.17","2015-05-24 00:00:00","1.14","1431141.56","231744.91","736290.27","679537.84","55107.23","1645.2","conventional","Midsouth"
"43","2538981.6","620672.44","2015-03-01 00:00:00","1.14","1151353.87","182873.34","584081.95","543841.07","37011.94","3228.94","conventional","Midsouth"
"5","1111803.12","15004.7","2015-11-22 00:00:00","1.14","905344.06","1227.89","190226.47","156660.8","33558.6","7.07","conventional","NewYork"
"19","1535981.4","19663.39","2015-08-16 00:00:00","1.14","1291206.23","1727.95","223383.83","188594","34787.84","1.99","conventional","NewYork"
"21","1458722.6","21768.56","2015-08-02 00:00:00","1.14","1184264.91","1330.65","251358.48","216693.68","34664.8","0","conventional","NewYork"
"3","3218494.55","85444.57","2015-12-06 00:00:00","1.14","2541186.76","3341.42","588521.8","547611.8","40901.19","8.81","conventional","Northeast"
"15","4205294.58","95839.65","2015-09-13 00:00:00","1.14","3364304.91","4616.79","740533.23","638404.31","102122.78","6.14","conventional","Northeast"
"26","452801.32","2582.77","2015-06-28 00:00:00","1.14","282587.99","15156.27","152474.29","152425.4","48.89","0","conventional","NorthernNewEngland"
"47","569304.8","30263.22","2015-02-01 00:00:00","1.14","417993.89","1722.1","119325.59","104365.66","14959.93","0","conventional","Philadelphia"
"12","1309245.88","492561.57","2015-10-04 00:00:00","1.14","566241.35","15401.65","235041.31","223134.82","10382.51","1523.98","conventional","Plains"
"20","1605913.77","789751.38","2015-08-09 00:00:00","1.14","498857.3","21090.12","296214.97","281135.85","13951.38","1127.74","conventional","Plains"
"17","427776.92","154462.2","2015-08-30 00:00:00","1.14","186124.73","13235.52","73954.47","73781.04","138.56","34.87","conventional","Portland"
"21","501106.6","193728.54","2015-08-02 00:00:00","1.14","217474.07","20132.68","69771.31","69761.93","7.32","2.06","conventional","Portland"
"29","259977.16","73208","2015-06-07 00:00:00","1.14","61502.61","41892.02","83374.53","82782.86","591.67","0","conventional","RaleighGreensboro"
"46","222483.88","68078.13","2015-02-08 00:00:00","1.14","47671.39","33712.03","73022.33","62051.18","10971.15","0","conventional","RaleighGreensboro"
"38","222122.63","69929.43","2015-04-05 00:00:00","1.14","95585.93","9827.34","46779.93","45789.32","990.61","0","conventional","RichmondNorfolk"
"17","114054.04","39821.27","2015-08-30 00:00:00","1.14","43618.93","261.1","30352.74","29963.27","389.47","0","conventional","Roanoke"
"7","357132.53","118696.55","2015-11-08 00:00:00","1.14","185189.82","11093.06","42153.1","42153.1","0","0","conventional","Sacramento"
"33","437822.76","162135","2015-05-10 00:00:00","1.14","217681.33","13246.38","44760.05","44760.05","0","0","conventional","Sacramento"
"44","405013.16","137425.32","2015-02-22 00:00:00","1.14","216791.05","11561.59","39235.2","39235.2","0","0","conventional","Sacramento"
"8","435921.23","105846.91","2015-11-01 00:00:00","1.14","176922.79","10032.64","143118.89","143026.95","0","91.94","conventional","Seattle"
"24","597860.19","261870.98","2015-07-12 00:00:00","1.14","204320.97","12664.42","119003.82","117906.6","980.83","116.39","conventional","Seattle"
"31","577946.53","213212.05","2015-05-24 00:00:00","1.14","240665.64","14400.18","109668.66","109172.41","459.78","36.47","conventional","Seattle"
"15","269754.97","124781.45","2015-09-13 00:00:00","1.14","61067.3","13939.72","69966.5","55240.3","14707.82","18.38","conventional","SouthCarolina"
"21","309611.87","148657.53","2015-08-02 00:00:00","1.14","64352.06","19051.78","77550.5","72040.69","5488.53","21.28","conventional","SouthCarolina"
"24","320934.33","143217.29","2015-07-12 00:00:00","1.14","81353.84","17190.82","79172.38","73161.82","5916.12","94.44","conventional","SouthCarolina"
"42","289679.91","173429.19","2015-03-08 00:00:00","1.14","39009.78","14400.7","62840.24","58373.46","4466.78","0","conventional","SouthCarolina"
"26","3026048.11","1721633.23","2015-06-28 00:00:00","1.14","464034.18","59679.47","780701.23","648105.94","132335.36","259.93","conventional","Southeast"
"36","2857156.51","2014443.63","2015-04-19 00:00:00","1.14","214218.14","23684.96","604809.78","455795.5","149014.28","0","conventional","Southeast"
"5","448936.04","189206.59","2016-11-20 00:00:00","1.14","58005.57","167.63","201556.25","128442.19","72236.28","877.78","conventional","Atlanta"
"38","770876.88","61532.85","2016-04-03 00:00:00","1.14","523512.27","12784.45","173047.31","170235.01","2812.3","0","conventional","BaltimoreWashington"
"44","553709.44","5600.54","2016-02-21 00:00:00","1.14","388956.7","36873.84","122278.36","120040.08","2238.28","0","conventional","Boston"
"36","169355.39","1167.23","2016-04-17 00:00:00","1.14","67584.91","57.68","100545.57","100545.57","0","0","conventional","BuffaloRochester"
"40","140364.11","1110.75","2016-03-20 00:00:00","1.14","62343.76","54.56","76855.04","76855.04","0","0","conventional","BuffaloRochester"
"23","6200613.68","2196723.33","2016-07-17 00:00:00","1.14","2037093.61","278664.44","1688132.3","1563978.55","97434.91","26718.84","conventional","California"
"36","212440.76","37150.7","2016-04-17 00:00:00","1.14","100814.92","17305.85","57169.29","50673.98","5886.98","608.33","conventional","Charlotte"
"39","189944.6","32857.85","2016-03-27 00:00:00","1.14","90916.21","15518.85","50651.69","45385.09","5266.6","0","conventional","Charlotte"
"13","151978.88","70129.37","2016-09-25 00:00:00","1.14","37333.99","2426.04","42089.48","41377.97","711.51","0","conventional","Columbus"
"7","894904.55","513465.9","2016-11-06 00:00:00","1.14","163205.79","1932.2","216300.66","215425.13","273.66","601.87","conventional","DallasFtWorth"
"8","801081.72","432538.75","2016-10-30 00:00:00","1.14","156225.53","2502.45","209814.99","208940.16","806.01","68.82","conventional","DallasFtWorth"
"20","695116.3","168010.47","2016-08-07 00:00:00","1.14","183568.83","18624.73","324912.27","151220.54","172079.23","1612.5","conventional","Denver"
"1","161136.65","908.23","2016-12-18 00:00:00","1.14","109288.75","4631.16","46308.51","42335.09","3947.09","26.33","conventional","GrandRapids"
"50","231258.4","38270.32","2016-01-10 00:00:00","1.14","113995.58","142.14","78850.36","77645.09","1205.27","0","conventional","HarrisburgScranton"
"17","177300.14","90634.98","2016-08-28 00:00:00","1.14","32154.69","113.13","54397.34","29304.03","24543.31","550","conventional","Jacksonville"
"29","3223814.39","673473.95","2016-06-05 00:00:00","1.14","1510540.87","214241.6","825557.97","724592.03","78843.66","22122.28","conventional","Midsouth"
"31","1586647.62","16781.6","2016-05-22 00:00:00","1.14","1157504.36","16382.54","395979.12","362726.03","32847.65","405.44","conventional","NewYork"
"32","1706730.17","17964.49","2016-05-15 00:00:00","1.14","1274098.3","16601.36","398066.02","343885.47","52450.52","1730.03","conventional","NewYork"
"30","5141314.86","141464.88","2016-05-29 00:00:00","1.14","3554079.38","213854.78","1231915.82","1104419.55","117666.65","9829.62","conventional","Northeast"
"31","4609250.24","104014.01","2016-05-22 00:00:00","1.14","3018204.18","219221.82","1267810.23","1193559.27","60109.83","14141.13","conventional","Northeast"
"40","414604.35","3204.62","2016-03-20 00:00:00","1.14","325110.15","25614.84","60674.74","60671.05","3.69","0","conventional","NorthernNewEngland"
"19","416694.11","210918.59","2016-08-14 00:00:00","1.14","92045.15","131.9","113598.47","53991.45","54647.02","4960","conventional","Orlando"
"49","492565.69","15195.3","2016-01-17 00:00:00","1.14","340075.76","2771.59","134523.04","124208.71","10314.33","0","conventional","Philadelphia"
"45","87228.1","2425.21","2016-02-14 00:00:00","1.14","52891.65","1332.2","30579.04","19080.09","11498.95","0","conventional","Pittsburgh"
"25","307215.96","64011.81","2016-07-03 00:00:00","1.14","107878.42","44752.61","90573.12","79393.97","1461.37","9717.78","conventional","RaleighGreensboro"
"39","260487.14","44251.14","2016-03-27 00:00:00","1.14","129664.47","15425.72","71145.81","70533.29","612.52","0","conventional","RaleighGreensboro"
"41","441333.91","139305.36","2016-03-13 00:00:00","1.14","227493.9","18205.15","56329.5","56309.19","0","20.31","conventional","Sacramento"
"20","534955.59","164926.18","2016-08-07 00:00:00","1.14","168655.71","17490.36","183883.34","163646.68","20236.66","0","conventional","SanDiego"
"19","591638.12","103908.49","2016-08-14 00:00:00","1.14","158811.63","2368.4","326549.6","326095.86","88.97","364.77","conventional","Seattle"
"5","81018.31","9351.32","2016-11-20 00:00:00","1.14","25545.36","24.2","46097.43","45968.78","4.5","124.15","conventional","Spokane"
"19","83933.43","24615.83","2016-08-14 00:00:00","1.14","16234.66","2321.26","40761.68","40759.3","0","2.38","conventional","Spokane"
"21","83902.91","25236.38","2016-07-31 00:00:00","1.14","15512.48","1167.58","41986.47","41986.47","0","0","conventional","Spokane"
"14","344938.28","132430.63","2016-09-18 00:00:00","1.14","66929.62","102.58","145475.45","73697.98","71774.14","3.33","conventional","Tampa"
"17","378817.72","177292.69","2016-08-28 00:00:00","1.14","99784.11","62.59","101678.33","78855.06","20239.66","2583.61","conventional","Tampa"
"18","390053.1","175344.71","2016-08-21 00:00:00","1.14","100775.54","48.58","113884.27","80157.7","27826.57","5900","conventional","Tampa"
"19","452075.68","213370.83","2016-08-14 00:00:00","1.14","110703.08","63.23","127938.54","65540.89","57507.65","4890","conventional","Tampa"
"12","605034.4","326742.01","2016-10-02 00:00:00","1.14","61488.36","15371.56","201432.47","131471.63","69960.84","0","conventional","WestTexNewMexico"
"51","1029279.83","83249.92","2017-01-08 00:00:00","1.14","750033.84","9793.59","186202.48","183395.1","2281.83","525.55","conventional","BaltimoreWashington"
"4","86646","38662","2017-12-03 00:00:00","1.14","1518","7094","39372","35079","4261","32","conventional","Boise"
"36","93656.08","41816.24","2017-04-23 00:00:00","1.14","2688.06","9753.54","39398.24","39291.24","85.45","21.55","conventional","Boise"
"3","687251.82","13210.49","2017-12-10 00:00:00","1.14","557434.99","2169.35","114436.99","93125.7","21311.29","0","conventional","Boston"
"43","166169.72","74969.93","2017-03-05 00:00:00","1.14","29779.78","1538.48","59881.53","54733.84","5134.79","12.9","conventional","Columbus"
"28","890723.2","185315.8","2017-06-18 00:00:00","1.14","198308.54","19386.07","487712.79","129619.04","358058.41","35.34","conventional","Denver"
"47","348380.9","117876.11","2017-02-05 00:00:00","1.14","153442.16","4525.24","72537.39","67100.41","5107.7","329.28","conventional","HarrisburgScranton"
"3","447122.29","18098","2017-12-10 00:00:00","1.14","359319.53","162.16","69542.6","58863.24","10673.16","6.2","conventional","HartfordSpringfield"
"46","395980.22","85641.41","2017-02-12 00:00:00","1.14","249990.68","2290.06","58058.07","54676.58","2761.55","619.94","conventional","HartfordSpringfield"
"37","205429.57","13018.13","2017-04-16 00:00:00","1.14","79071.99","1773.31","111566.14","46322.29","65171.8","72.05","conventional","Indianapolis"
"6","2391383","1042472","2017-11-19 00:00:00","1.14","309130","73389","966392","893064","34871","38457","conventional","LosAngeles"
"32","2921916.66","1169688.69","2017-05-21 00:00:00","1.14","428611.48","91670.96","1231945.53","1178399.48","401.84","53144.21","conventional","LosAngeles"
"7","100811","3181","2017-11-12 00:00:00","1.14","43510","86","54034","11788","42246","0","conventional","Louisville"
"43","3397985.84","737562.33","2017-03-05 00:00:00","1.14","1432039.9","51390.66","1176992.95","1044380.88","131525.12","1086.95","conventional","Midsouth"
"9","217723.59","125954.95","2017-10-29 00:00:00","1.14","9477.04","185","82106.6","68554.67","13183.91","368.02","conventional","Nashville"
"22","217774.89","106460.13","2017-07-30 00:00:00","1.14","29771.49","52.14","81491.13","65555.61","14827.94","1107.58","conventional","Nashville"
"1","224869.91","127281.43","2017-12-24 00:00:00","1.14","14372.7","1613.39","81602.39","72271.01","8224.71","1106.67","conventional","NewOrleansMobile"
"3","2390308.58","48483.07","2017-12-10 00:00:00","1.14","1906061.15","1561.82","434202.54","411052.38","23130.51","19.65","conventional","NewYork"
"19","773947.25","404665.91","2017-08-20 00:00:00","1.14","127106.48","12550.96","229623.9","152307.86","72488.26","4827.78","conventional","PhoenixTucson"
"49","326997.65","88147.39","2017-01-22 00:00:00","1.14","135723.73","18581.37","84545.16","80560.91","3984.25","0","conventional","RaleighGreensboro"
"1","469533.33","128124.6","2017-12-24 00:00:00","1.14","287781.13","989.68","52637.92","46568.56","579.63","5489.73","conventional","Sacramento"
"46","765983.21","265975.96","2017-02-12 00:00:00","1.14","394642.91","22683.76","82680.58","76702.05","1053.53","4925","conventional","SanFrancisco"
"41","600698.43","109446.23","2017-03-19 00:00:00","1.14","158477.5","329.64","332445.06","330536.19","1660.18","248.69","conventional","Seattle"
"45","331446.6","150107.1","2017-02-19 00:00:00","1.14","76620.67","2862.33","101856.5","78346.11","22320.39","1190","conventional","SouthCarolina"
"50","369916.29","167680.27","2017-01-15 00:00:00","1.14","86901.86","2850.92","112483.24","70024.71","42458.53","0","conventional","SouthCarolina"
"34","5391717.88","3160480.49","2017-05-07 00:00:00","1.14","682416.13","6155.92","1542665.34","866807.14","644104.72","31753.48","conventional","Southeast"
"45","3178563","1648815.38","2017-02-19 00:00:00","1.14","483659.79","4681.1","1041406.73","695382.17","330922.06","15102.5","conventional","Southeast"
"32","92273.1","20886.24","2017-05-21 00:00:00","1.14","26056.94","196.5","45133.42","44915.11","143.04","75.27","conventional","Spokane"
"0","192170.15","96909.29","2017-12-31 00:00:00","1.14","6606.57","263.96","88390.33","67703.51","20686.82","0","conventional","StLouis"
"26","192174.84","102625.76","2017-07-02 00:00:00","1.14","9979.67","461.09","79108.32","78516.16","525.73","66.43","conventional","StLouis"
"49","155424.95","63018.91","2017-01-22 00:00:00","1.14","8315.4","105.28","83985.36","54350.1","29635.26","0","conventional","StLouis"
"16","649192.58","439332.51","2017-09-10 00:00:00","1.14","67241.66","5766.29","136852.12","103192.13","33659.99","0","conventional","WestTexNewMexico"
"17","666775.1","448083.06","2017-09-03 00:00:00","1.14","71179.45","6037.95","141474.64","95618.57","45849.4","6.67","conventional","WestTexNewMexico"
"6","93106.27","48308.72","2018-02-11 00:00:00","1.14","2816.31","10558.83","31422.41","19862.62","11540.14","19.65","conventional","Boise"
"1","166358.32","16300.2","2018-03-18 00:00:00","1.14","70320.66","63.65","79673.81","22589.43","56334.38","750","conventional","BuffaloRochester"
"2","443295.3","82676.76","2018-03-11 00:00:00","1.14","65334.67","47721.41","247562.46","178042.93","49942.51","19577.02","conventional","Detroit"
"8","367456.05","80917","2018-01-28 00:00:00","1.14","70055.35","14554.29","201929.41","177720.43","23023.66","1185.32","conventional","Detroit"
"9","345436.84","125847.54","2018-01-21 00:00:00","1.14","136876.39","168.16","82544.75","79398.89","3142.53","3.33","conventional","HarrisburgScranton"
"9","231285.04","137389.34","2018-01-21 00:00:00","1.14","14033.79","444.84","79417.07","34372.62","44668.89","375.56","conventional","Jacksonville"
"3","881388.29","639495.68","2018-03-04 00:00:00","1.14","77645.93","1780.45","162466.23","112719.37","48965.19","781.67","conventional","MiamiFtLauderdale"
"0","3911075.35","967164.69","2018-03-25 00:00:00","1.14","1347066.73","25014.31","1571829.62","1390840.94","164970.47","16018.21","conventional","Midsouth"
"3","289118.6","69170.11","2018-03-04 00:00:00","1.14","83513.89","1792.21","134642.39","115639.95","18714.11","288.33","conventional","RichmondNorfolk"
"8","159289.18","31259.73","2018-01-28 00:00:00","1.14","49375.92","283.44","78370.09","61701.01","16669.08","0","conventional","Roanoke"
"1","517463.38","154151.99","2018-03-18 00:00:00","1.14","270169.95","840.67","92300.77","84669.16","734.35","6897.26","conventional","Sacramento"
"2","512155.1","165801.09","2018-03-11 00:00:00","1.14","124279.19","16482.97","205591.85","197838.66","6495.41","1257.78","conventional","SanDiego"
"9","4954059.33","2925027.75","2018-01-21 00:00:00","1.14","461260.99","15728.65","1552041.94","879462.33","647625.95","24953.66","conventional","Southeast"
"11","4544750.92","2749042.52","2018-01-07 00:00:00","1.14","402798.53","15351.11","1377558.76","873160.78","483913.55","20484.43","conventional","Southeast"
"3","597351.68","372631.01","2018-03-04 00:00:00","1.14","48784.93","1465.95","174469.79","88569.48","85746.97","153.34","conventional","Tampa"
"22","12801.03","11536","2015-07-26 00:00:00","1.14","337.16","0","927.87","927.87","0","0","organic","DallasFtWorth"
"7","55351.03","37447.75","2015-11-08 00:00:00","1.14","9325.92","36","8541.36","500","8041.36","0","organic","Denver"
"2","51913.12","8067.97","2015-12-13 00:00:00","1.14","13612.91","0","30232.24","21066.55","9165.69","0","organic","LosAngeles"
"43","60244.59","49177.6","2015-03-01 00:00:00","1.14","1680.02","0","9386.97","9386.97","0","0","organic","LosAngeles"
"24","8970.72","125.1","2015-07-12 00:00:00","1.14","4732.53","0","4113.09","273.33","3839.76","0","organic","Roanoke"
"5","64822.88","969.32","2015-11-22 00:00:00","1.14","22035.7","51.98","41765.88","115.51","41650.37","0","organic","Seattle"
"17","18482.13","1480.15","2016-08-28 00:00:00","1.14","4894.19","0","12107.79","1774.14","10333.65","0","organic","Atlanta"
"1","2610.64","6","2016-12-18 00:00:00","1.14","406.25","0","2198.39","552.12","1646.27","0","organic","Boise"
"21","7313.26","16.14","2016-07-31 00:00:00","1.14","576.55","0","6720.57","6710.26","10.31","0","organic","Boston"
"33","8467.42","372.26","2016-05-08 00:00:00","1.14","4350.95","3.42","3740.79","994.3","2746.49","0","organic","Columbus"
"2","20619.42","4812.83","2016-12-11 00:00:00","1.14","204.45","0","15602.14","15556.54","45.6","0","organic","DallasFtWorth"
"17","18362.63","855.97","2016-08-28 00:00:00","1.14","7611.27","0","9895.39","854.03","9041.36","0","organic","Detroit"
"23","22070.24","889.59","2016-07-17 00:00:00","1.14","8699.6","0","12481.05","1092.91","11388.14","0","organic","Detroit"
"20","130613.45","13657.37","2016-08-07 00:00:00","1.14","25621.52","0","91334.56","72770.01","18564.55","0","organic","LosAngeles"
"32","108031.14","15403.16","2016-05-15 00:00:00","1.14","30675.2","0","61952.78","61935.64","17.14","0","organic","LosAngeles"
"39","9029.13","184.98","2016-03-27 00:00:00","1.14","3008.88","224.62","5610.65","2487.03","3123.62","0","organic","RichmondNorfolk"
"12","131064.76","57006.38","2016-10-02 00:00:00","1.14","4790.65","0","69267.73","66393.37","2874.36","0","organic","SouthCentral"
"14","129652.83","42581.23","2016-09-18 00:00:00","1.14","5505.14","0","81566.46","73194.34","8372.12","0","organic","SouthCentral"
"27","113554.54","39133.12","2016-06-19 00:00:00","1.14","7833.94","0","66587.48","56430.45","10157.03","0","organic","SouthCentral"
"36","3374.83","79.92","2016-04-17 00:00:00","1.14","1329.4","0","1965.51","0","1965.51","0","organic","Spokane"
"4","9149.56","1662.91","2016-11-27 00:00:00","1.14","372.34","0","7114.31","1130","5984.31","0","organic","StLouis"
"3","11143.68","198.52","2017-12-10 00:00:00","1.14","70.96","0","10874.2","3941.51","6932.69","0","organic","BuffaloRochester"
"0","15852.37","446.28","2017-12-31 00:00:00","1.14","1042.43","0","14363.66","13142.03","1221.63","0","organic","Columbus"
"28","8654.94","463.9","2017-06-18 00:00:00","1.14","2943.06","0","5247.98","784.38","4463.6","0","organic","Columbus"
"40","29627.87","9799.96","2017-03-26 00:00:00","1.14","501.54","0","19326.37","19181.98","144.39","0","organic","DallasFtWorth"
"47","149650.5","4548.46","2017-02-05 00:00:00","1.14","70014.08","0","75087.96","20170.52","54917.44","0","organic","GreatLakes"
"45","148184.85","4325.51","2017-02-19 00:00:00","1.14","48328.21","1888.62","93642.51","32456.16","61186.35","0","organic","Midsouth"
"30","10578.11","350.07","2017-06-04 00:00:00","1.14","3197.16","0","7030.88","502.43","6528.45","0","organic","Nashville"
"35","11100.24","387.36","2017-04-30 00:00:00","1.14","2926.48","0","7786.4","192.66","7593.74","0","organic","Nashville"
"37","8448.33","475.47","2017-04-16 00:00:00","1.14","3049.63","0","4923.23","248.29","4674.94","0","organic","Nashville"
"31","61244.5","2592.01","2017-05-28 00:00:00","1.14","9302.65","31.96","49317.88","166.04","49151.84","0","organic","Portland"
"47","9742.87","224.66","2017-02-05 00:00:00","1.14","5303.06","0","4215.15","1977.81","2237.34","0","organic","Roanoke"
"39","169883.35","50715.72","2017-04-02 00:00:00","1.14","6377.87","0","112789.76","101411.38","11378.38","0","organic","SouthCentral"
"44","308828.87","43171.62","2017-02-26 00:00:00","1.14","63444.18","108.13","202104.94","99636.02","102468.92","0","organic","West"
"7","124659.55","1345.94","2018-02-04 00:00:00","1.14","32088.04","85.31","91140.26","1998.66","88880.93","260.67","organic","Seattle"
"37","48364.29","864.27","2015-04-12 00:00:00","1.13","30374.15","21.5","17104.37","16438.49","665.88","0","conventional","Albany"
"6","339860.68","263915.78","2015-11-15 00:00:00","1.13","28442.45","455.97","47046.48","33656.42","13390.06","0","conventional","Atlanta"
"26","435210.71","331353.43","2015-06-28 00:00:00","1.13","37698.53","816.56","65342.19","52099.76","13108.03","134.4","conventional","Atlanta"
"0","450816.39","3886.27","2015-12-27 00:00:00","1.13","346964.7","13952.56","86012.86","85913.6","99.26","0","conventional","Boston"
"17","526664.87","4177.03","2015-08-30 00:00:00","1.13","438502.9","554.04","83430.9","83242.01","188.89","0","conventional","Boston"
"15","5106508.12","1863270.81","2015-09-13 00:00:00","1.13","2388023.33","270794.34","584419.64","502056.88","76297.56","6065.2","conventional","California"
"22","5557616.27","3112921.78","2015-07-26 00:00:00","1.13","1636659.9","209427.05","598607.54","590750.1","5181.16","2676.28","conventional","California"
"24","5451636.92","2747299.98","2015-07-12 00:00:00","1.13","1923893.11","157478.05","622965.78","601358.64","18032.41","3574.73","conventional","California"
"46","729325.61","28216.83","2015-02-08 00:00:00","1.13","499138.28","119634.41","82336.09","78980.96","3273.2","81.93","conventional","Chicago"
"41","254974.87","107980.24","2015-03-15 00:00:00","1.13","31613.46","48302.85","67078.32","62158.56","1375.92","3543.84","conventional","Detroit"
"0","147713.85","2992.62","2015-12-27 00:00:00","1.13","101109.84","5754.75","37856.64","30738.09","2919.24","4199.31","conventional","GrandRapids"
"1","126262.26","2630.11","2015-12-20 00:00:00","1.13","85259.91","3211.51","35160.73","30547.62","2288.36","2324.75","conventional","GrandRapids"
"37","147494.24","5875.73","2015-04-12 00:00:00","1.13","66804.31","2717.16","72097.04","68693.55","3377.45","26.04","conventional","GrandRapids"
"25","3774004.27","502233.05","2015-07-05 00:00:00","1.13","2055125.98","442059.88","774585.36","606612.51","140253.5","27719.35","conventional","GreatLakes"
"29","3602112.79","689242.14","2015-06-07 00:00:00","1.13","1723625.04","447117.42","742128.19","584086.31","122232.65","35809.23","conventional","GreatLakes"
"48","2928692.32","390289.67","2015-01-25 00:00:00","1.13","1649082.75","271642.56","617677.34","503612.64","109501","4563.7","conventional","GreatLakes"
"8","219970.37","28916.15","2015-11-01 00:00:00","1.13","140625.82","173.18","50255.22","49340.53","914.69","0","conventional","HarrisburgScranton"
"28","277578.88","42766.16","2015-06-14 00:00:00","1.13","140403.76","2028.31","92380.65","87952.58","2821.41","1606.66","conventional","HarrisburgScranton"
"34","178889.83","18025.82","2015-05-03 00:00:00","1.13","113204.3","7488.56","40171.15","21559.51","17453.1","1158.54","conventional","Indianapolis"
"43","169556.49","4876.24","2015-03-01 00:00:00","1.13","110740.95","14372.16","39567.14","22401.71","14728.68","2436.75","conventional","Indianapolis"
"17","70164.74","4909.59","2015-08-30 00:00:00","1.13","40377.06","5962.35","18915.74","10816.15","6584.54","1515.05","conventional","Louisville"
"24","72693.94","2051.9","2015-07-12 00:00:00","1.13","43381.39","1678.98","25581.67","13950.77","11355.84","275.06","conventional","Louisville"
"45","80537.77","3843.22","2015-02-15 00:00:00","1.13","50486.3","1394.17","24814.08","11567.45","12926.67","319.96","conventional","Louisville"
"9","2188485.29","522060.98","2015-10-25 00:00:00","1.13","980865.05","211478.23","474081.03","417038.17","55815.71","1227.15","conventional","Midsouth"
"11","2329757.67","469059.21","2015-10-11 00:00:00","1.13","1057488.47","277954.43","525255.56","455592.88","68091.96","1570.72","conventional","Midsouth"
"14","2447264.74","555127.12","2015-09-20 00:00:00","1.13","1122683.82","208537.92","560915.88","479718.29","76793.78","4403.81","conventional","Midsouth"
"24","2783554.82","532046.38","2015-07-12 00:00:00","1.13","1337980.83","205773.72","707753.89","662158.17","44652.53","943.19","conventional","Midsouth"
"25","3183419.6","632988.75","2015-07-05 00:00:00","1.13","1545460.43","232974.97","771995.45","717654.81","53154.69","1185.95","conventional","Midsouth"
"27","2979417.82","601782.55","2015-06-21 00:00:00","1.13","1363070.07","215613.45","798951.75","750253.84","45536.54","3161.37","conventional","Midsouth"
"37","2829416.58","665283.33","2015-04-12 00:00:00","1.13","1298472.42","185691.58","679969.25","635124.32","44745.79","99.14","conventional","Midsouth"
"7","1406262.16","20146.29","2015-11-08 00:00:00","1.13","1097994.07","753.78","287368.02","198024.18","89343.84","0","conventional","NewYork"
"13","3739072.7","86278.88","2015-09-27 00:00:00","1.13","2965153.82","4785.85","682854.15","589490.48","93363.67","0","conventional","Northeast"
"18","4146220.81","107907.11","2015-08-23 00:00:00","1.13","3291930.64","7167.44","739215.62","682203.72","55968.11","1043.79","conventional","Northeast"
"17","395127.18","2834.15","2015-08-30 00:00:00","1.13","337184.98","457.24","54650.81","54650.81","0","0","conventional","NorthernNewEngland"
"36","346561.62","2156.47","2015-04-19 00:00:00","1.13","284389.27","78.27","59937.61","59936.64","0.97","0","conventional","NorthernNewEngland"
"44","264118.86","2875.24","2015-02-22 00:00:00","1.13","217477.35","23.63","43742.64","43735.97","6.67","0","conventional","NorthernNewEngland"
"8","559566.5","15179.56","2015-11-01 00:00:00","1.13","453729.65","570.57","90086.72","78873.23","11206.74","6.75","conventional","Philadelphia"
"1","1139861.64","497437.17","2015-12-20 00:00:00","1.13","341262.17","27253.71","273908.59","255725.09","16936.24","1247.26","conventional","Plains"
"15","1526985.3","727720.21","2015-09-13 00:00:00","1.13","491074.45","15652.47","292538.17","271845.35","19120.68","1572.14","conventional","Plains"
"17","1481150.17","699755.69","2015-08-30 00:00:00","1.13","477305.38","14634.43","289454.67","270142.84","18056.86","1254.97","conventional","Plains"
"21","1593031.18","761285.69","2015-08-02 00:00:00","1.13","506914.62","33145.85","291685.02","276864.79","13477.89","1342.34","conventional","Plains"
"35","1787071.74","1022915.7","2015-04-26 00:00:00","1.13","447514.72","23878.2","292763.12","278730.74","6240.25","7792.13","conventional","Plains"
"38","1668243.39","898263.98","2015-04-05 00:00:00","1.13","437183.58","11645.81","321150.02","305406.51","9584.33","6159.18","conventional","Plains"
"12","421430.94","104149.05","2015-10-04 00:00:00","1.13","172302.04","45229.53","99750.32","99417.33","165.46","167.53","conventional","Portland"
"18","277977.73","50939.49","2015-08-23 00:00:00","1.13","68496.4","46614","111927.84","111602.1","325.74","0","conventional","RaleighGreensboro"
"36","255436.55","67458.77","2015-04-19 00:00:00","1.13","58452.52","36476.98","93048.28","92654.74","393.54","0","conventional","RaleighGreensboro"
"43","194798.39","53902.85","2015-03-01 00:00:00","1.13","83985.84","9840.75","47068.95","47039.78","29.17","0","conventional","RichmondNorfolk"
"45","207249.74","70877.95","2015-02-15 00:00:00","1.13","77855.03","10942.01","47574.75","41738.23","5836.52","0","conventional","RichmondNorfolk"
"51","182697.97","56293.75","2015-01-04 00:00:00","1.13","80396.09","9762.41","36245.72","31778.36","4467.36","0","conventional","RichmondNorfolk"
"19","113815.5","40667.35","2015-08-16 00:00:00","1.13","43698.58","411.16","29038.41","29038.41","0","0","conventional","Roanoke"
"37","129698.87","50246.44","2015-04-12 00:00:00","1.13","49285.67","130.09","30036.67","28274.78","1761.89","0","conventional","Roanoke"
"39","117662.32","46540.34","2015-03-29 00:00:00","1.13","46915.77","110.35","24095.86","22961.86","1134","0","conventional","Roanoke"
"51","109215","48285.15","2015-01-04 00:00:00","1.13","37562.78","34.1","23332.97","21582.97","1750","0","conventional","Roanoke"
"40","424708.39","106578.88","2015-03-22 00:00:00","1.13","221094.74","13423.63","83611.14","83611.14","0","0","conventional","Sacramento"
"45","381041.74","134992.29","2015-02-15 00:00:00","1.13","194031.02","10273.69","41744.74","41744.74","0","0","conventional","Sacramento"
"18","551498.09","137390.97","2015-08-23 00:00:00","1.13","265837.45","9738.82","138530.85","138486.18","26.47","18.2","conventional","Seattle"
"36","570030.63","130765.93","2015-04-19 00:00:00","1.13","324680.31","10877.06","103707.33","103533.21","161.1","13.02","conventional","Seattle"
"40","514196.67","192630.73","2015-03-22 00:00:00","1.13","229939.77","8716.19","82909.98","82898.73","0","11.25","conventional","Seattle"
"30","322891.36","185323.63","2015-05-31 00:00:00","1.13","43301.71","18015.98","76250.04","70487.95","5756.74","5.35","conventional","SouthCarolina"
"33","329845.26","199489.94","2015-05-10 00:00:00","1.13","44017.79","16482.29","69855.24","64229.19","5626.05","0","conventional","SouthCarolina"
"3","2205550.58","1520190.48","2015-12-06 00:00:00","1.13","248205.38","15672.86","421481.86","275520.16","145934.58","27.12","conventional","Southeast"
"8","60151.68","20262.48","2015-11-01 00:00:00","1.13","23801.85","2428.84","13658.51","13658.51","0","0","conventional","Spokane"
"10","60732.92","16562.04","2015-10-18 00:00:00","1.13","30936.55","1935.49","11298.84","11298.84","0","0","conventional","Spokane"
"28","88579.12","36980.68","2015-06-14 00:00:00","1.13","35548.22","3428.77","12621.45","12621.45","0","0","conventional","Spokane"
"1","135427.66","40333.06","2015-12-20 00:00:00","1.13","23867.6","40.52","71186.48","59160.36","12026.12","0","conventional","StLouis"
"24","233579.7","132490.39","2015-07-12 00:00:00","1.13","44204.19","232.99","56652.13","56425.96","3.95","222.22","conventional","StLouis"
"13","252128.43","99077.59","2015-09-27 00:00:00","1.13","70565.14","99.97","82385.73","42717.37","39668.36","0","conventional","Tampa"
"11","101087.84","3641.46","2016-10-09 00:00:00","1.13","87174.41","102.15","10169.82","9744.41","425.41","0","conventional","Albany"
"45","98008.16","1640.86","2016-02-14 00:00:00","1.13","77133.01","12","19222.29","17663.46","1558.83","0","conventional","Albany"
"35","915500.04","61118.12","2016-04-24 00:00:00","1.13","638833.81","15861.03","199687.08","196063.01","3132.4","491.67","conventional","BaltimoreWashington"
"36","841839.93","59232.87","2016-04-17 00:00:00","1.13","576827.09","15881.19","189898.78","185709.01","3034.21","1155.56","conventional","BaltimoreWashington"
"39","149462.64","1511.79","2016-03-27 00:00:00","1.13","64644.2","44.46","83262.19","83262.19","0","0","conventional","BuffaloRochester"
"5","694873.06","134284.88","2016-11-20 00:00:00","1.13","422382.41","80126.03","58079.74","55015.46","997.51","2066.77","conventional","Chicago"
"42","809325.93","35309.42","2016-03-06 00:00:00","1.13","557026.92","129160.06","87829.53","85606.7","2222.83","0","conventional","Chicago"
"17","259143.06","3862.97","2016-08-28 00:00:00","1.13","126642.16","1683.71","126954.22","27933.66","97229.69","1790.87","conventional","CincinnatiDayton"
"27","172220.11","64425.61","2016-06-19 00:00:00","1.13","36827.16","15000.42","55966.92","45124.02","6081.41","4761.49","conventional","Columbus"
"28","163638.65","65443.12","2016-06-12 00:00:00","1.13","32052.99","8090.3","58052.24","49307.2","6081.58","2663.46","conventional","Columbus"
"8","576353.94","99369.74","2016-10-30 00:00:00","1.13","239345.04","16411.08","221228.08","76674.6","144255.79","297.69","conventional","Denver"
"20","352764.25","127164.35","2016-08-07 00:00:00","1.13","60621.61","20552.56","144425.73","124979.56","18669.46","776.71","conventional","Detroit"
"26","344391.38","116197.85","2016-06-26 00:00:00","1.13","50835.79","57169.98","120187.76","101180.43","242.82","18764.51","conventional","Detroit"
"43","342465.19","82100.44","2016-02-28 00:00:00","1.13","66020","108296.25","86048.5","49708.39","19350.34","16989.77","conventional","Detroit"
"45","154975.46","3573.23","2016-02-14 00:00:00","1.13","98244.04","14048.13","39110.06","28771.2","6755.11","3583.75","conventional","GrandRapids"
"47","182986.71","3588.83","2016-01-31 00:00:00","1.13","126342.36","14941.42","38114.1","29860.4","3444.96","4808.74","conventional","GrandRapids"
"25","4020724.58","574425.88","2016-07-03 00:00:00","1.13","1781703.48","367119.34","1297475.88","930189.98","261535.63","105750.27","conventional","GreatLakes"
"26","3643417.33","609218.12","2016-06-26 00:00:00","1.13","1609911.48","376048.28","1048239.45","778315.95","180042.48","89881.02","conventional","GreatLakes"
"30","280015.07","44168.8","2016-05-29 00:00:00","1.13","143022.78","136.56","92686.93","79281.93","12975","430","conventional","HarrisburgScranton"
"38","186673.69","36366.56","2016-04-03 00:00:00","1.13","88833.96","90.37","61382.8","59419.89","1962.91","0","conventional","HarrisburgScranton"
"41","256785.76","35473.08","2016-03-13 00:00:00","1.13","148078.39","202.18","73032.11","71738.99","1293.12","0","conventional","HarrisburgScranton"
"48","269859.91","30857.91","2016-01-24 00:00:00","1.13","145118.66","187.2","93696.14","92434.99","1261.15","0","conventional","HarrisburgScranton"
"0","135848.61","9560.82","2016-12-25 00:00:00","1.13","59100.87","1962.89","65224.03","39632.2","25547.03","44.8","conventional","Indianapolis"
"27","193533.04","17469.3","2016-06-19 00:00:00","1.13","91178.24","19044.12","65841.38","34458.27","25319.68","6063.43","conventional","Indianapolis"
"9","254999.4","67268.17","2016-10-23 00:00:00","1.13","48015.11","8491.64","131224.48","47831.39","83393.09","0","conventional","LasVegas"
"17","82663.2","1887.97","2016-08-28 00:00:00","1.13","48991.99","614.55","31168.69","15323.61","14585.08","1260","conventional","Louisville"
"23","101963.67","2414.28","2016-07-17 00:00:00","1.13","60191.48","2110.74","37247.17","14971.4","19863.67","2412.1","conventional","Louisville"
"40","507580.07","267187.96","2016-03-20 00:00:00","1.13","105076.55","142.45","135173.11","47086.23","88086.88","0","conventional","MiamiFtLauderdale"
"51","502583.68","349992.75","2016-01-03 00:00:00","1.13","44399.13","40.78","108151.02","64404.45","43746.57","0","conventional","MiamiFtLauderdale"
"15","250492.62","141311.03","2016-09-11 00:00:00","1.13","37594.59","252.9","71334.1","58389.81","9139.29","3805","conventional","NewOrleansMobile"
"20","287114.43","153070.5","2016-08-07 00:00:00","1.13","52769.71","333.85","80940.37","62537.13","9693.8","8709.44","conventional","NewOrleansMobile"
"32","4999100.74","100735.1","2016-05-15 00:00:00","1.13","3556589.53","172917.61","1168858.5","1062590.88","103624.27","2643.35","conventional","Northeast"
"35","4815249.22","125736.57","2016-04-24 00:00:00","1.13","3366389.1","142677.6","1180445.95","1087631.09","90193.01","2621.85","conventional","Northeast"
"41","4713935.35","122581.78","2016-03-13 00:00:00","1.13","3460335.94","111254.96","1019762.67","958452.62","61310.05","0","conventional","Northeast"
"39","423257.57","2320.06","2016-03-27 00:00:00","1.13","327259.78","29091.94","64585.79","64585.79","0","0","conventional","NorthernNewEngland"
"38","262808.03","60612.1","2016-04-03 00:00:00","1.13","113708.37","14035.04","74452.52","73697.13","755.39","0","conventional","RaleighGreensboro"
"40","288866.22","57433.83","2016-03-20 00:00:00","1.13","140113.93","17215.48","74102.98","73376.76","726.22","0","conventional","RaleighGreensboro"
"15","240632.37","96272.81","2016-09-11 00:00:00","1.13","71790.5","5966.97","66602.09","63212.61","3389.48","0","conventional","RichmondNorfolk"
"12","133182.18","48667.09","2016-10-02 00:00:00","1.13","35464.62","183.93","48866.54","45781.78","3084.76","0","conventional","Roanoke"
"42","443386.65","136469.26","2016-03-06 00:00:00","1.13","216299.79","19505.98","71111.62","71097.1","5.81","8.71","conventional","Sacramento"
"43","439280.11","133683.82","2016-02-28 00:00:00","1.13","213422.76","21516.31","70657.22","70657.22","0","0","conventional","Sacramento"
"47","434121.25","145374.67","2016-01-31 00:00:00","1.13","209170.61","19002.36","60573.61","60564.87","5.83","2.91","conventional","Sacramento"
"16","563852.38","132309","2016-09-04 00:00:00","1.13","141811.18","2493.01","287239.19","286871.24","129.11","238.84","conventional","Seattle"
"11","5374797.25","1941978.26","2016-10-09 00:00:00","1.13","1006693.14","98555.04","2327570.81","1433086.08","893082.67","1402.06","conventional","West"
"35","124926.39","2573.11","2017-04-30 00:00:00","1.13","99451.52","81.89","22819.87","10547.36","12272.51","0","conventional","Albany"
"6","453755","239860","2017-11-19 00:00:00","1.13","31169","1109","181617","118386","61447","1784","conventional","Atlanta"
"29","572838.59","318335.08","2017-06-11 00:00:00","1.13","51385.66","101.41","203016.44","117300.66","78150.78","7565","conventional","Atlanta"
"3","940850.93","103332.38","2017-12-10 00:00:00","1.13","546809.87","3979.72","286728.96","263946.3","22782.66","0","conventional","BaltimoreWashington"
"0","79646.97","38196.44","2017-12-31 00:00:00","1.13","1706.22","6263","33481.31","28764.84","4676.67","39.8","conventional","Boise"
"4","153282","7805","2017-12-03 00:00:00","1.13","87461","42","57974","54677","3297","0","conventional","BuffaloRochester"
"1","5346535.57","1934361.67","2017-12-24 00:00:00","1.13","1934710.69","116855.41","1360607.8","1277612.22","21328.12","61667.46","conventional","California"
"38","6249182.98","1926187.79","2017-04-09 00:00:00","1.13","2128867.47","161909.09","2032218.63","1957058.55","13132.9","62027.18","conventional","California"
"3","1021445.27","142085.83","2017-12-10 00:00:00","1.13","277789.3","90891.04","510679.1","87489.87","423185.75","3.48","conventional","Chicago"
"36","205401.48","7434.43","2017-04-23 00:00:00","1.13","68248.73","1022.47","128695.85","29243.61","99417.18","35.06","conventional","CincinnatiDayton"
"18","1090966.44","631381.37","2017-08-27 00:00:00","1.13","186107.13","1463.79","272014.15","192595.16","78351.76","1067.23","conventional","DallasFtWorth"
"2","646736.55","157024.25","2017-12-17 00:00:00","1.13","154962.46","12155","322594.84","98284.78","224310.06","0","conventional","Denver"
"6","701022","132242","2017-11-19 00:00:00","1.13","196662","15425","356693","97734","258959","0","conventional","Denver"
"34","904098.6","147250.97","2017-05-07 00:00:00","1.13","357127.75","17250.83","382469.05","272024.11","110311.61","133.33","conventional","Denver"
"3","311949.95","89161.52","2017-12-10 00:00:00","1.13","44929.63","10001.86","167856.94","148544.42","16977.81","2334.71","conventional","Detroit"
"46","176589.86","1277.43","2017-02-12 00:00:00","1.13","107963.46","8309.17","59039.8","49076.31","6314.58","3648.91","conventional","GrandRapids"
"3","274939","43089.18","2017-12-10 00:00:00","1.13","163729.22","84.84","68035.76","62282.56","5753.2","0","conventional","HarrisburgScranton"
"46","276755.29","105170.96","2017-02-12 00:00:00","1.13","106548.49","367.91","64667.93","57944.02","6589.19","134.72","conventional","HarrisburgScranton"
"34","268808.12","155607.42","2017-05-07 00:00:00","1.13","26574.54","224.12","86402.04","33910.3","52241.74","250","conventional","Jacksonville"
"6","234265","60519","2017-11-19 00:00:00","1.13","77336","5388","91022","47255","43420","347","conventional","LasVegas"
"31","3243908.89","1296066.67","2017-05-28 00:00:00","1.13","466479.64","102414.38","1378948.2","1324066.55","300.84","54580.81","conventional","LosAngeles"
"21","243526.27","106178.67","2017-08-06 00:00:00","1.13","36727.83","49.22","100570.55","86175.13","12836.41","1559.01","conventional","Nashville"
"29","218540.28","107489.08","2017-06-11 00:00:00","1.13","23109.92","141.95","87799.33","74772.49","10764.96","2261.88","conventional","Nashville"
"43","254912.18","134356.15","2017-03-05 00:00:00","1.13","50228.72","184","70143.31","55427.21","8536.1","6180","conventional","NewOrleansMobile"
"0","513318.77","12055.64","2017-12-31 00:00:00","1.13","455794.95","1957.91","43510.27","16181.54","27328.73","0","conventional","NorthernNewEngland"
"46","501364.8","13508.23","2017-02-12 00:00:00","1.13","424253.19","7548.54","56054.84","56051.1","3.74","0","conventional","NorthernNewEngland"
"47","701706","23160.46","2017-02-05 00:00:00","1.13","625037","4984.23","48524.31","48524.31","0","0","conventional","NorthernNewEngland"
"34","2617237.35","1371861.27","2017-05-07 00:00:00","1.13","579543.42","8089.83","657742.83","570356.24","71124.76","16261.83","conventional","Plains"
"2","199747.25","48414.09","2017-12-17 00:00:00","1.13","67932.4","999.61","82401.15","77442.99","4954.83","3.33","conventional","RichmondNorfolk"
"23","266821.34","96431.74","2017-07-23 00:00:00","1.13","83045.48","2068.65","85275.47","80562.61","1952.87","2759.99","conventional","RichmondNorfolk"
"33","257009.92","84866.27","2017-05-14 00:00:00","1.13","60389.15","2298.81","109455.69","105063.78","4141.01","250.9","conventional","RichmondNorfolk"
"44","281322.06","79067.59","2017-02-26 00:00:00","1.13","131383.7","4209.86","66660.91","65695.54","965.37","0","conventional","RichmondNorfolk"
"46","255531.24","89620.04","2017-02-12 00:00:00","1.13","96337.1","2392.94","67181.16","66109.53","1071.63","0","conventional","RichmondNorfolk"
"49","286641.35","94347.19","2017-01-22 00:00:00","1.13","107935.3","6890.03","77468.83","75851.48","1617.35","0","conventional","RichmondNorfolk"
"26","156098.42","29008.07","2017-07-02 00:00:00","1.13","44059.61","88.93","82941.81","75455.52","4063.51","3422.78","conventional","Roanoke"
"44","153568.21","33526.51","2017-02-26 00:00:00","1.13","62461.07","176.82","57403.81","56665.14","738.67","0","conventional","Roanoke"
"48","143828.34","37601.17","2017-01-29 00:00:00","1.13","50930.88","146.84","55149.45","53902.27","963.85","283.33","conventional","Roanoke"
"51","146072.21","44014.89","2017-01-08 00:00:00","1.13","48526.46","92.52","53438.34","52587.23","842.22","8.89","conventional","Roanoke"
"3","442147.66","156011.73","2017-12-10 00:00:00","1.13","148747.09","11293.42","126095.42","114750.28","8734.03","2611.11","conventional","SanDiego"
"30","559985.06","184953.76","2017-06-04 00:00:00","1.13","132976.72","20220.15","221834.43","219392.34","163.34","2278.75","conventional","SanDiego"
"48","909650.62","371071.3","2017-01-29 00:00:00","1.13","438456.28","15021.97","85101.07","73349.82","844.31","10906.94","conventional","SanFrancisco"
"43","33684175.01","11335275.58","2017-03-05 00:00:00","1.13","10807889.59","795173.2","10745836.64","8302600.77","2322677.19","120558.68","conventional","TotalUS"
"11","98540.22","2940.63","2018-01-07 00:00:00","1.13","76192.61","42.63","19364.35","8633.09","10707.93","23.33","conventional","Albany"
"3","6295529.61","2380723.98","2018-03-04 00:00:00","1.13","1676629.99","116796.74","2121378.9","1992549.07","47126.97","81702.86","conventional","California"
"5","325042.62","60956.79","2018-02-18 00:00:00","1.13","107433.65","6230.52","150421.66","74636.88","75331.45","453.33","conventional","LasVegas"
"4","99580.43","18466.45","2018-02-25 00:00:00","1.13","25327.67","351.69","55434.62","32907.74","22038.31","488.57","conventional","Louisville"
"9","4022549.75","834676.76","2018-01-21 00:00:00","1.13","1528592.15","23691.17","1635589.67","1400848.71","232308.25","2432.71","conventional","Midsouth"
"2","529200.61","333909.79","2018-03-11 00:00:00","1.13","33091.99","1477.79","160721.04","91546.69","68931.02","243.33","conventional","Orlando"
"3","533700.98","331886.57","2018-03-04 00:00:00","1.13","35297.07","1526.93","164990.41","86462.68","78304.4","223.33","conventional","Orlando"
"4","2115879.93","879720.97","2018-02-25 00:00:00","1.13","527659.45","9044.15","699455.36","641489.04","57064.05","902.27","conventional","Plains"
"4","277107.48","75032.02","2018-02-25 00:00:00","1.13","85267.7","1914.32","114893.44","98624.54","15568.9","700","conventional","RichmondNorfolk"
"0","570446.95","135652.39","2018-03-25 00:00:00","1.13","361227.57","812.1","72754.89","67652.14","624.2","4478.55","conventional","Sacramento"
"2","482065.76","217013.42","2018-03-11 00:00:00","1.13","79944.64","4374.67","180733.03","141288.83","36165.79","3278.41","conventional","SouthCarolina"
"1","574380.46","372785.73","2018-03-18 00:00:00","1.13","43017.73","1301.33","157275.67","93201.11","63924.56","150","conventional","Tampa"
"11","36703156.72","13730992.75","2018-01-07 00:00:00","1.13","10781339.21","677714.86","11513109.9","8231766.23","3130919.1","150424.57","conventional","TotalUS"
"33","171746.76","4838.87","2015-05-10 00:00:00","1.13","99557.66","1.56","67348.67","10756.98","56591.69","0","organic","GreatLakes"
"33","9466.36","369.96","2015-05-10 00:00:00","1.13","4669.91","18.16","4408.33","750","3658.33","0","organic","Nashville"
"30","10092.91","232.65","2015-05-31 00:00:00","1.13","6403.66","431.22","3025.38","1038.61","1986.77","0","organic","RichmondNorfolk"
"11","8171.34","83.19","2015-10-11 00:00:00","1.13","3470.24","0","4617.91","543.34","4074.57","0","organic","Roanoke"
"49","37233.34","15363.18","2015-01-18 00:00:00","1.13","20986.36","0","883.8","883.8","0","0","organic","Sacramento"
"24","17311.07","2275.95","2016-07-10 00:00:00","1.13","6735","0","8300.12","1524.08","6776.04","0","organic","Atlanta"
"49","9327.19","14.36","2016-01-17 00:00:00","1.13","743.11","0","8569.72","8569.72","0","0","organic","Boston"
"15","21710.38","531.09","2016-09-11 00:00:00","1.13","9471.98","0","11707.31","875.67","10831.64","0","organic","CincinnatiDayton"
"18","18700.24","453.45","2016-08-21 00:00:00","1.13","7152.55","0","11094.24","1046.7","10047.54","0","organic","CincinnatiDayton"
"34","20458.94","308.69","2016-05-01 00:00:00","1.13","9102.19","0","11048.06","1403","9645.06","0","organic","CincinnatiDayton"
"29","170250.47","3717.47","2016-06-05 00:00:00","1.13","93039.69","171.41","73321.9","18436.27","54885.63","0","organic","GreatLakes"
"27","17848.83","9746.5","2016-06-19 00:00:00","1.13","55.2","0","8047.13","4002.17","4044.96","0","organic","Houston"
"48","3585.33","334.99","2016-01-24 00:00:00","1.13","1406.09","9.92","1834.33","553.33","1281","0","organic","Indianapolis"
"33","119123.05","11723.12","2016-05-08 00:00:00","1.13","34690.14","0","72709.79","72600.22","109.57","0","organic","LosAngeles"
"22","5882.29","0","2016-07-24 00:00:00","1.13","287.29","0","5595","5589.25","5.75","0","organic","NorthernNewEngland"
"41","38889.87","1465.55","2016-03-13 00:00:00","1.13","10758.3","0","26666.02","35.88","26630.14","0","organic","Portland"
"25","111340.2","45145.4","2016-07-03 00:00:00","1.13","8701.71","0","57493.09","55392.77","2100.32","0","organic","SouthCentral"
"34","113305.24","26730.12","2016-05-01 00:00:00","1.13","12090.39","6307.41","68177.32","57465.21","10712.11","0","organic","SouthCentral"
"31","42244.7","5642.86","2017-05-28 00:00:00","1.13","6595.91","0","30005.93","29825.13","180.8","0","organic","DallasFtWorth"
"19","7502.05","23.42","2017-08-20 00:00:00","1.13","35.82","0","7442.81","7421.38","21.43","0","organic","GrandRapids"
"29","261363.34","3502.12","2017-06-11 00:00:00","1.13","79186.28","4.83","178670.11","16845.36","161824.75","0","organic","GreatLakes"
"42","8967.12","297.8","2017-03-12 00:00:00","1.13","2537.83","0","6131.49","2334.33","3797.16","0","organic","Roanoke"
"44","14902.59","580.25","2017-02-26 00:00:00","1.13","3513.05","228.94","10580.35","4931.05","5649.3","0","organic","SouthCarolina"
"25","180648.11","35464.23","2017-07-09 00:00:00","1.13","7272.31","0","137911.57","134528.08","3383.49","0","organic","SouthCentral"
"30","197098.71","34348.51","2017-06-04 00:00:00","1.13","14133.82","0","148616.38","143879.62","4736.76","0","organic","SouthCentral"
"3","6431.82","19.38","2017-12-10 00:00:00","1.13","76.24","0","6336.2","3246.44","3089.76","0","organic","Syracuse"
"10","84843.44","924.86","2015-10-18 00:00:00","1.12","75595.85","117.07","8205.66","7877.86","327.8","0","conventional","Albany"
"20","111140.93","584.63","2015-08-09 00:00:00","1.12","100961.46","368.95","9225.89","9116.34","109.55","0","conventional","Albany"
"40","46346.85","2141.83","2015-03-22 00:00:00","1.12","34313.56","141.8","9749.66","9252.6","497.06","0","conventional","Albany"
"7","334041.6","250441.38","2015-11-08 00:00:00","1.12","34483.33","488.24","48628.65","35662.93","12941.12","24.6","conventional","Atlanta"
"18","379054.29","274462.42","2015-08-23 00:00:00","1.12","46223.69","950.09","57418.09","45534.11","11883.98","0","conventional","Atlanta"
"35","448596.76","387676.81","2015-04-26 00:00:00","1.12","18366.33","1041.78","41511.84","31315.29","10196.55","0","conventional","Atlanta"
"36","430966.34","368709.65","2015-04-19 00:00:00","1.12","18040.85","873.24","43342.6","29661.72","13680.88","0","conventional","Atlanta"
"41","399566.22","336172.08","2015-03-15 00:00:00","1.12","16508.21","310.7","46575.23","34911.7","11625.94","37.59","conventional","Atlanta"
"5","572019.8","40867.8","2015-11-22 00:00:00","1.12","386137.78","23343.49","121670.73","119007.61","2663.12","0","conventional","BaltimoreWashington"
"8","742220.67","51860.07","2015-11-01 00:00:00","1.12","473819.14","58615.76","157925.7","152716.4","5209.3","0","conventional","BaltimoreWashington"
"12","59496.33","35154.43","2015-10-04 00:00:00","1.12","10821.85","7551.63","5968.42","5462.15","504.65","1.62","conventional","Boise"
"19","64001.61","46189.28","2015-08-16 00:00:00","1.12","5258.21","6457.21","6096.91","6090.51","0","6.4","conventional","Boise"
"29","80751.29","61245.49","2015-06-07 00:00:00","1.12","7237.55","6655.69","5612.56","5603.8","8.76","0","conventional","Boise"
"9","4592461.81","1733791.31","2015-10-25 00:00:00","1.12","2025016.15","215622.63","618031.72","606392.86","7596.27","4042.59","conventional","California"
"25","6718011.83","3581149.88","2015-07-05 00:00:00","1.12","2120303.06","254187.47","762371.42","731692.08","27317.19","3362.15","conventional","California"
"38","5467155.55","2754464.87","2015-04-05 00:00:00","1.12","1886168.89","225396.85","601124.94","539258.29","59212.09","2654.56","conventional","California"
"9","687650.27","59161.08","2015-10-25 00:00:00","1.12","454352.6","108012.41","66124.18","65795.24","323.33","5.61","conventional","Chicago"
"17","773773.53","17363.14","2015-08-30 00:00:00","1.12","570147.23","112344.22","73918.94","71627.03","2205.32","86.59","conventional","Chicago"
"22","791332.34","26653.29","2015-07-26 00:00:00","1.12","577460.34","99066.58","88152.13","83728.75","3516.34","907.04","conventional","Chicago"
"4","429109.64","85241.45","2015-11-29 00:00:00","1.12","179982.42","14146.28","149739.49","31920.41","117819.08","0","conventional","Denver"
"45","629074.28","116907.81","2015-02-15 00:00:00","1.12","404107.32","7797.57","100261.58","80270.81","19965.51","25.26","conventional","Denver"
"4","120552.43","3726.77","2015-11-29 00:00:00","1.12","82760.11","3336.97","30728.58","27835.71","2816.43","76.44","conventional","GrandRapids"
"22","153868.79","3192.59","2015-07-26 00:00:00","1.12","66065.84","9957.92","74652.44","69267.05","4085.24","1300.15","conventional","GrandRapids"
"20","3230139.65","420919.7","2015-08-09 00:00:00","1.12","1839862.82","331336.66","638020.47","497895.48","115527.66","24597.33","conventional","GreatLakes"
"23","3436864.41","449090.82","2015-07-19 00:00:00","1.12","1843047.36","454643.18","690083.05","535843.25","110898.39","43341.41","conventional","GreatLakes"
"28","3511185.14","604782.48","2015-06-14 00:00:00","1.12","1744519.06","346867.18","815016.42","683334.7","119899.69","11782.03","conventional","GreatLakes"
"6","275217.97","4680.06","2015-11-15 00:00:00","1.12","228183.77","197.29","42156.85","40290.46","1866.39","0","conventional","HartfordSpringfield"
"19","351074.46","4402.25","2015-08-16 00:00:00","1.12","292976.9","886.72","52808.59","51496.76","1311.83","0","conventional","HartfordSpringfield"
"20","354490.75","4619.78","2015-08-09 00:00:00","1.12","292318.39","706.64","56845.94","55625.9","1220.04","0","conventional","HartfordSpringfield"
"43","314917.55","4547.97","2015-03-01 00:00:00","1.12","250129.65","271.71","59968.22","57600.88","2367.34","0","conventional","HartfordSpringfield"
"45","255465.26","101363.74","2015-02-15 00:00:00","1.12","111729.04","3869.22","38503.26","38196.57","306.69","0","conventional","LasVegas"
"18","2765838.1","571552.62","2015-08-23 00:00:00","1.12","1286342.3","210164.47","697778.71","654945.01","41707.37","1126.33","conventional","Midsouth"
"2","1254805.29","15990.38","2015-12-13 00:00:00","1.12","975504.52","1657.92","261652.47","222446.62","39205.85","0","conventional","NewYork"
"12","298222.53","3978.7","2015-10-04 00:00:00","1.12","253346.07","248.25","40649.51","40431.73","217.78","0","conventional","NorthernNewEngland"
"49","309202.71","3012.79","2015-01-18 00:00:00","1.12","241380.95","38.05","64770.92","64770.92","0","0","conventional","NorthernNewEngland"
"16","114216.62","1158.99","2015-09-06 00:00:00","1.12","78578.82","2074.97","32403.84","23118.99","9284.85","0","conventional","Pittsburgh"
"7","1285586.97","513609.22","2015-11-08 00:00:00","1.12","467808.56","19975.92","284193.27","266376.52","16399.34","1417.41","conventional","Plains"
"8","1350091.82","469390.49","2015-11-01 00:00:00","1.12","584277.22","17013.86","279410.25","264897.41","13224.58","1288.26","conventional","Plains"
"10","1368887.69","492966.35","2015-10-18 00:00:00","1.12","588304.97","14931.07","272685.3","257340.06","13759.12","1586.12","conventional","Plains"
"16","1714650.22","857114.48","2015-09-06 00:00:00","1.12","547236.44","15397.86","294901.44","276258.81","17590.29","1052.34","conventional","Plains"
"36","1801956.87","1055547.01","2015-04-19 00:00:00","1.12","433296.82","33180.04","279933","272779.43","5725.48","1428.09","conventional","Plains"
"8","229530.31","56638.78","2015-11-01 00:00:00","1.12","60350.15","63741.6","48799.78","46809.56","1990.22","0","conventional","RaleighGreensboro"
"13","222849.89","47076.74","2015-09-27 00:00:00","1.12","71030.22","69313.13","35429.8","33593.74","1836.06","0","conventional","RaleighGreensboro"
"38","245491.91","68933.47","2015-04-05 00:00:00","1.12","53335.28","37207.47","86015.69","85179.62","836.07","0","conventional","RaleighGreensboro"
"40","213086.98","61853.48","2015-03-22 00:00:00","1.12","91980.03","10380.07","48873.4","48817.84","55.56","0","conventional","RichmondNorfolk"
"18","115608.44","38976.84","2015-08-23 00:00:00","1.12","47017.25","318.39","29295.96","27837.68","1458.28","0","conventional","Roanoke"
"41","119124.45","47388.04","2015-03-15 00:00:00","1.12","43327.94","73.88","28334.59","27985.7","348.89","0","conventional","Roanoke"
"42","415147.69","152131.35","2015-03-08 00:00:00","1.12","199610.67","13402.92","50002.75","50002.75","0","0","conventional","Sacramento"
"30","543908.18","244319.84","2015-05-31 00:00:00","1.12","185303.96","14394.68","99889.7","99789.03","97.35","3.32","conventional","Seattle"
"10","226246.39","105221.4","2015-10-18 00:00:00","1.12","55038.8","16616.9","49369.29","40996.42","8372.87","0","conventional","SouthCarolina"
"19","320750.54","157907.67","2015-08-16 00:00:00","1.12","60468.01","17614.64","84760.22","78819.75","5940.47","0","conventional","SouthCarolina"
"1","2206305.07","1449139.49","2015-12-20 00:00:00","1.12","211595.53","10520.4","535049.65","399343.68","135633.67","72.3","conventional","Southeast"
"1","61555.62","17819.26","2015-12-20 00:00:00","1.12","16576.75","2660.37","24499.24","24499.24","0","0","conventional","Spokane"
"5","56013.43","17535.51","2015-11-22 00:00:00","1.12","21806.06","2671.75","14000.11","14000.11","0","0","conventional","Spokane"
"27","84739.31","33513.17","2015-06-21 00:00:00","1.12","33789.94","4665.82","12770.38","12770.38","0","0","conventional","Spokane"
"39","74999.31","36451.47","2015-03-29 00:00:00","1.12","26800.47","2051.36","9696.01","9376.01","320","0","conventional","Spokane"
"13","175958.11","99021.18","2015-09-27 00:00:00","1.12","34231.9","62.01","42643.02","40596.31","2046.71","0","conventional","StLouis"
"9","234023.9","109048.96","2015-10-25 00:00:00","1.12","51940.14","43.18","72991.62","35990.35","36998.43","2.84","conventional","Tampa"
"44","268415.49","167595.76","2015-02-22 00:00:00","1.12","22043.38","39.19","78737.16","62198.85","16538.31","0","conventional","Tampa"
"32","901689.79","58943.81","2016-05-15 00:00:00","1.12","629734.43","16372.03","196639.52","189850.35","6194.73","594.44","conventional","BaltimoreWashington"
"37","789348.02","64549.66","2016-04-10 00:00:00","1.12","522216.25","13247.91","189334.2","186797.56","2536.64","0","conventional","BaltimoreWashington"
"43","888570.06","61483.8","2016-02-28 00:00:00","1.12","641585.11","20335.44","165165.71","162543.26","2622.45","0","conventional","BaltimoreWashington"
"31","168251.29","1532.9","2016-05-22 00:00:00","1.12","72247.42","856.81","93614.16","92304.16","0","1310","conventional","BuffaloRochester"
"15","6059764.51","2297601.9","2016-09-11 00:00:00","1.12","1976499.46","114241.36","1671421.79","1576949.54","66072.42","28399.83","conventional","California"
"32","215807.01","31853.93","2016-05-15 00:00:00","1.12","103793.02","17607.68","62552.38","51589.2","10963.18","0","conventional","Charlotte"
"35","217385.39","31821.2","2016-04-24 00:00:00","1.12","106492","18456.31","60615.88","48775.07","10957.48","883.33","conventional","Charlotte"
"38","192341.67","35648.2","2016-04-03 00:00:00","1.12","87528.81","14614.66","54550","47755.59","6794.41","0","conventional","Charlotte"
"47","774091.49","35213.93","2016-01-31 00:00:00","1.12","512608.82","132958.04","93310.7","92124.35","1186.35","0","conventional","Chicago"
"16","252059.32","3789.59","2016-09-04 00:00:00","1.12","117600.22","2099.28","128570.23","25361.2","102794.03","415","conventional","CincinnatiDayton"
"41","299527.55","82406.98","2016-03-13 00:00:00","1.12","42593.59","65646.79","108880.19","66513.73","32804.22","9562.24","conventional","Detroit"
"34","191903.31","1858.07","2016-05-01 00:00:00","1.12","131194.43","3002.96","55847.85","49040.43","6737.08","70.34","conventional","GrandRapids"
"31","257598.79","40865.69","2016-05-22 00:00:00","1.12","124677.68","182.79","91872.63","90017.38","775.25","1080","conventional","HarrisburgScranton"
"47","390134.81","5276.3","2016-01-31 00:00:00","1.12","322397.86","255.75","62204.9","59996.16","2208.74","0","conventional","HartfordSpringfield"
"7","782911.25","430098.78","2016-11-06 00:00:00","1.12","168814.95","2921.98","181075.54","78827.53","102248.01","0","conventional","Houston"
"24","191786.29","15126.45","2016-07-10 00:00:00","1.12","96588.25","9530.83","70540.76","39858.04","25082.88","5599.84","conventional","Indianapolis"
"28","186723.32","19442.51","2016-06-12 00:00:00","1.12","89225.97","19115.07","58939.77","39160.04","13630.94","6148.79","conventional","Indianapolis"
"40","168886.56","12095.89","2016-03-20 00:00:00","1.12","91015.53","16824.67","48950.47","27044.14","18685.21","3221.12","conventional","Indianapolis"
"10","157329.41","48624.65","2016-10-16 00:00:00","1.12","36096.39","228.23","72380.14","11681.16","60621.2","77.78","conventional","Jacksonville"
"5","237141.08","94282.84","2016-11-20 00:00:00","1.12","29776.1","5608.22","107473.92","54759.06","52714.86","0","conventional","LasVegas"
"14","278479.43","117939.47","2016-09-18 00:00:00","1.12","57221.4","5318.75","97999.81","38957.13","59042.68","0","conventional","LasVegas"
"36","558953.75","281531.64","2016-04-17 00:00:00","1.12","117780.33","101.31","159540.47","62016.44","97104.59","419.44","conventional","MiamiFtLauderdale"
"45","446631.37","219037.75","2016-02-14 00:00:00","1.12","101866.88","75.47","125651.27","54765.16","70886.11","0","conventional","MiamiFtLauderdale"
"20","188016.6","95351.73","2016-08-07 00:00:00","1.12","25466.1","161.34","67037.43","46061.04","20976.39","0","conventional","Nashville"
"35","1718055.86","19783.48","2016-04-24 00:00:00","1.12","1290475.48","12409.29","395387.61","331784.37","62792.13","811.11","conventional","NewYork"
"34","5247266.74","123023.38","2016-05-01 00:00:00","1.12","3800242.35","144510.42","1179490.59","1064779.68","114354.17","356.74","conventional","Northeast"
"36","3849051.4","105339.58","2016-04-17 00:00:00","1.12","2415296.29","102786.85","1225628.68","1115346.23","108151.38","2131.07","conventional","Northeast"
"3","440990.34","24617.32","2016-12-04 00:00:00","1.12","378804.18","2349.92","35218.92","35218.92","0","0","conventional","NorthernNewEngland"
"36","399074.14","2033.75","2016-04-17 00:00:00","1.12","303891.64","29548.55","63600.2","63501.61","33.31","65.28","conventional","NorthernNewEngland"
"19","1873446.99","882147.93","2016-08-14 00:00:00","1.12","435932.3","6193.74","549173.02","525124.87","16834.48","7213.67","conventional","Plains"
"49","1495176.98","634914.42","2016-01-17 00:00:00","1.12","499796.45","25612.84","334853.27","301751.78","28186.72","4914.77","conventional","Plains"
"9","568596.03","77057.58","2016-10-23 00:00:00","1.12","127808.18","12872.16","350858.11","349205.42","1375.66","277.03","conventional","Portland"
"26","297550.9","63248.04","2016-06-26 00:00:00","1.12","110539.24","43580.31","80183.31","77775.85","657.46","1750","conventional","RaleighGreensboro"
"27","313757.2","69174.55","2016-06-19 00:00:00","1.12","116061.69","48615.58","79905.38","78077.13","958.25","870","conventional","RaleighGreensboro"
"19","247600.94","89131.88","2016-08-14 00:00:00","1.12","80717.4","8138.85","69612.81","69444.71","108.1","60","conventional","RichmondNorfolk"
"23","519567.72","169871.43","2016-07-17 00:00:00","1.12","161029.99","23096.26","165570.04","144223.93","20474.7","871.41","conventional","SanDiego"
"38","849739.84","166177.24","2016-04-03 00:00:00","1.12","546227.92","54166.57","83168.11","82300.09","842.81","25.21","conventional","SanFrancisco"
"9","619599.06","69252.3","2016-10-23 00:00:00","1.12","212504.79","483.3","337358.67","335967.69","319.79","1071.19","conventional","Seattle"
"21","595856.48","93422.28","2016-07-31 00:00:00","1.12","157723.11","2598.83","342112.26","341834.97","241.87","35.42","conventional","Seattle"
"14","331549.04","153616.97","2016-09-18 00:00:00","1.12","62717.83","5940.65","109273.59","75354.15","33919.44","0","conventional","SouthCarolina"
"16","83575.85","27414.8","2016-09-04 00:00:00","1.12","15403.74","1519.26","39238.05","39194.32","17.17","26.56","conventional","Spokane"
"17","83627.94","24062.61","2016-08-28 00:00:00","1.12","18386.73","1858.09","39320.51","39315.7","0","4.81","conventional","Spokane"
"19","34386177.3","12352932.68","2016-08-14 00:00:00","1.12","10879341.61","749247.02","10404655.99","8479506.83","1813210.6","111938.56","conventional","TotalUS"
"48","296402.96","45720.39","2016-01-24 00:00:00","1.12","99167.08","16034.41","135481.08","94434.3","24812.34","16234.44","conventional","WestTexNewMexico"
"5","412213","211077","2017-11-26 00:00:00","1.12","27773","903","172460","113141","55576","3743","conventional","Atlanta"
"27","501274.14","249204.48","2017-06-25 00:00:00","1.12","46343.42","149.89","205576.35","102982.83","95431.48","7162.04","conventional","Atlanta"
"46","791126.41","83640.38","2017-02-12 00:00:00","1.12","593329.02","11050.66","103106.35","97915.93","5190.42","0","conventional","Boston"
"28","4668135.31","707122.82","2017-06-18 00:00:00","1.12","1685604.76","403401.16","1872006.57","1345931","448086.41","77989.16","conventional","GreatLakes"
"9","1126402.78","481864.71","2017-10-29 00:00:00","1.12","189258.96","2105.74","453173.37","264530.01","188243.36","400","conventional","Houston"
"0","206562.78","115793.69","2017-12-31 00:00:00","1.12","14230.19","277.37","76261.53","29166.63","46858.23","236.67","conventional","Jacksonville"
"8","321534.28","57828.06","2017-11-05 00:00:00","1.12","121041.61","5037.21","137627.4","41685.93","95611.47","330","conventional","LasVegas"
"25","3382974.98","1520215.45","2017-07-09 00:00:00","1.12","437585.1","87693.03","1337481.4","1285980.32","788.55","50712.53","conventional","LosAngeles"
"40","2583323.58","861802.43","2017-03-26 00:00:00","1.12","418362.3","83244.93","1219913.92","1168719.39","1177.9","50016.63","conventional","LosAngeles"
"42","2633574.94","974290.82","2017-03-12 00:00:00","1.12","439065.83","94533.02","1125685.27","1067166.21","4495.49","54023.57","conventional","LosAngeles"
"52","2878967.54","653896","2017-01-01 00:00:00","1.12","1285364.27","64703.08","875004.19","719379.64","151226.51","4398.04","conventional","Midsouth"
"6","1729745","963556","2017-11-19 00:00:00","1.12","315619","4554","446016","341806","104210","0","conventional","Plains"
"30","698957.23","120671.14","2017-06-04 00:00:00","1.12","128831.45","23470.48","425984.16","423593.25","2161.68","229.23","conventional","Portland"
"39","672306.68","152601.88","2017-04-02 00:00:00","1.12","137424.85","20885.2","361394.75","359313.65","1923.63","157.47","conventional","Portland"
"40","629914.06","142591.43","2017-03-26 00:00:00","1.12","127964.61","16620.87","342737.15","338024.62","4248.56","463.97","conventional","Portland"
"34","365531.86","119254.23","2017-05-07 00:00:00","1.12","102627.13","3870.59","139779.91","135956.54","2975.91","847.46","conventional","RichmondNorfolk"
"45","141558.76","32841.4","2017-02-19 00:00:00","1.12","43497.06","69.27","65151.03","64383.7","767.33","0","conventional","Roanoke"
"4","349900","166920","2017-12-03 00:00:00","1.12","72687","2909","107385","81124","24366","1895","conventional","SouthCarolina"
"48","4143712.22","1855817.07","2017-01-29 00:00:00","1.12","719826.98","6139.7","1561928.47","947470.76","611716.88","2740.83","conventional","Southeast"
"27","103925.6","22126.81","2017-06-25 00:00:00","1.12","27886.74","69.45","53842.6","53465.11","377.49","0","conventional","Spokane"
"39","95055.86","20769.46","2017-04-02 00:00:00","1.12","26687.61","12.45","47586.34","47511.05","43.02","32.27","conventional","Spokane"
"2","144648.75","15823.35","2018-03-11 00:00:00","1.12","110950.68","70","17804.72","14480.52","3033.09","291.11","conventional","Albany"
"7","1225103.27","139312.12","2018-02-04 00:00:00","1.12","708495.55","5611.56","371684.04","369085.25","2512.13","86.66","conventional","BaltimoreWashington"
"8","1152539.42","115283.7","2018-01-28 00:00:00","1.12","805041.45","4257.45","227956.82","225931.13","2019.02","6.67","conventional","BaltimoreWashington"
"8","105025.45","66653.8","2018-01-28 00:00:00","1.12","1971.68","6961.61","29438.36","20717.06","8682.47","38.83","conventional","Boise"
"9","999783.13","15177.93","2018-01-21 00:00:00","1.12","865836.92","6492.83","112275.45","85468.78","26806.67","0","conventional","Boston"
"9","6610010.64","2378177.09","2018-01-21 00:00:00","1.12","2590301.7","122950.68","1518581.17","1431898.88","24801.59","61880.7","conventional","California"
"1","234236.46","125894.69","2018-03-18 00:00:00","1.12","13198.7","449.65","94693.42","38854.51","55768.91","70","conventional","Jacksonville"
"3","229905.22","129813.08","2018-03-04 00:00:00","1.12","12471.8","516.79","87103.55","35609.86","51397.02","96.67","conventional","Jacksonville"
"7","819224.3","62044.22","2018-02-04 00:00:00","1.12","467927.8","645.87","288606.41","254149.59","33540.82","916","conventional","Philadelphia"
"9","407825","101929.83","2018-01-21 00:00:00","1.12","102790.68","4632.9","198471.59","191459.41","7012.18","0","conventional","RaleighGreensboro"
"9","322272.97","72502.51","2018-01-21 00:00:00","1.12","112843.42","1772.99","135154.05","112298.65","22855.4","0","conventional","RichmondNorfolk"
"3","5054856.62","2956740.05","2018-03-04 00:00:00","1.12","410652.92","18500.63","1668963.02","1016239.81","640717.65","12005.56","conventional","Southeast"
"2","90823.29","9823.97","2018-03-11 00:00:00","1.12","45835.73","107.7","35055.89","20163.08","14891.7","1.11","conventional","Syracuse"
"41","68533.2","27916.18","2015-03-15 00:00:00","1.12","27507.13","27.89","13082","1813.33","11268.67","0","organic","Denver"
"47","50107.32","39628.65","2015-02-01 00:00:00","1.12","1721.95","0","8756.72","8756.72","0","0","organic","LosAngeles"
"51","17296.85","14569.66","2015-01-04 00:00:00","1.12","1868.59","0","858.6","830","28.6","0","organic","PhoenixTucson"
"5","57410.08","1279.51","2015-11-22 00:00:00","1.12","21670.78","0","34459.79","81.41","34378.38","0","organic","Portland"
"35","9505.74","497.79","2015-04-26 00:00:00","1.12","5299.89","378.65","3329.41","1640","1689.41","0","organic","RichmondNorfolk"
"50","29676.78","17907.49","2015-01-11 00:00:00","1.12","11586.46","0","182.83","182.83","0","0","organic","SanFrancisco"
"37","16776.27","394.05","2016-04-10 00:00:00","1.12","9103.31","0","7278.91","5473.56","1805.35","0","organic","CincinnatiDayton"
"15","9434.47","815.47","2016-09-11 00:00:00","1.12","3267.61","0","5351.39","877.41","4473.98","0","organic","Columbus"
"0","20099.08","4747.3","2016-12-25 00:00:00","1.12","428.15","0","14923.63","14829.22","94.41","0","organic","DallasFtWorth"
"20","32688.03","11017.8","2016-08-07 00:00:00","1.12","424.96","0","21245.27","8515.91","12729.36","0","organic","DallasFtWorth"
"35","22644.96","503.71","2016-04-24 00:00:00","1.12","10249.88","0","11891.37","2798.69","9092.68","0","organic","Detroit"
"46","30022.42","1306.98","2016-02-07 00:00:00","1.12","12257.79","0","16457.65","12385.21","4072.44","0","organic","Portland"
"43","24693.33","1620.83","2016-02-28 00:00:00","1.12","10119.81","0","12952.69","12878.1","74.59","0","organic","SanDiego"
"2","101938.87","22116.71","2016-12-11 00:00:00","1.12","3578.88","0","76243.28","69391.18","6852.1","0","organic","SouthCentral"
"9","10673.47","2556.24","2016-10-23 00:00:00","1.12","835.53","0","7281.7","197.22","7084.48","0","organic","StLouis"
"37","33122.75","9397.49","2017-04-16 00:00:00","1.12","707.69","0","23017.57","22882.31","135.26","0","organic","DallasFtWorth"
"44","139908.49","3921.76","2017-02-26 00:00:00","1.12","41022.31","1849.73","93114.69","33735.94","59378.75","0","organic","Midsouth"
"46","10485.46","424.16","2017-02-12 00:00:00","1.12","3355.43","236.07","6469.8","2421.74","4048.06","0","organic","RichmondNorfolk"
"46","121268.68","34932.59","2017-02-12 00:00:00","1.12","5509.9","2.91","80823.28","70954.77","9868.51","0","organic","SouthCentral"
"47","104656.52","30563.62","2017-02-05 00:00:00","1.12","4482.2","0","69610.7","63084.5","6526.2","0","organic","SouthCentral"
"44","89221.79","9596.11","2017-02-26 00:00:00","1.12","12259.82","331.84","67034.02","13420.58","53613.44","0","organic","Southeast"
"16","99172.96","879.45","2015-09-06 00:00:00","1.11","90062.62","240.79","7990.1","7762.87","227.23","0","conventional","Albany"
"22","106757.1","648.75","2015-07-26 00:00:00","1.11","91949.05","966.61","13192.69","13061.53","131.16","0","conventional","Albany"
"41","43045.79","2128.26","2015-03-15 00:00:00","1.11","30447.17","99.67","10370.69","9989.59","381.1","0","conventional","Albany"
"32","451250.7","386400.89","2015-05-17 00:00:00","1.11","18618.84","838.68","45392.29","33710.2","11682.09","0","conventional","Atlanta"
"39","365722.14","305028.89","2015-03-29 00:00:00","1.11","16651.99","261.01","43780.25","29313.92","14466.33","0","conventional","Atlanta"
"49","431490.99","372236.92","2015-01-18 00:00:00","1.11","18701.9","511.69","40040.48","16782.71","23257.77","0","conventional","Atlanta"
"50","397542.72","330411.24","2015-01-11 00:00:00","1.11","18958.22","1135.18","47038.08","21309.61","25728.47","0","conventional","Atlanta"
"1","642682.4","44741.37","2015-12-20 00:00:00","1.11","434590.82","19112.14","144238.07","141751.91","2486.16","0","conventional","BaltimoreWashington"
"44","749845.79","50501.07","2015-02-22 00:00:00","1.11","445970.56","62611.61","190762.55","186976.97","3785.58","0","conventional","BaltimoreWashington"
"7","55847.79","31910.27","2015-11-08 00:00:00","1.11","4651.88","6285.73","12999.91","12777.83","119.79","102.29","conventional","Boise"
"9","59874.45","29521.58","2015-10-25 00:00:00","1.11","10089.82","6551.57","13711.48","13660.98","0","50.5","conventional","Boise"
"16","577774.74","4237.44","2015-09-06 00:00:00","1.11","477867.83","496.62","95172.85","94558.41","614.44","0","conventional","Boston"
"43","485736.1","4106.42","2015-03-01 00:00:00","1.11","383573.77","192.98","97862.93","97423.17","439.76","0","conventional","Boston"
"19","5616434.08","3098708.55","2015-08-16 00:00:00","1.11","1731349","208724.73","577651.8","572197.46","2081.96","3372.38","conventional","California"
"8","171793.87","33371.6","2015-11-01 00:00:00","1.11","47079.68","53968.86","37373.73","32848.04","4525.69","0","conventional","Charlotte"
"4","602481.22","42851.47","2015-11-29 00:00:00","1.11","422479.32","74988.97","62161.46","61862.57","298.89","0","conventional","Chicago"
"16","808677.78","17595.54","2015-09-06 00:00:00","1.11","581941.46","122938.43","86202.35","82905.34","3289.62","7.39","conventional","Chicago"
"51","783068.03","30270.26","2015-01-04 00:00:00","1.11","550752.19","124506.1","77539.48","72888.46","4651.02","0","conventional","Chicago"
"29","782886.63","167992.06","2015-06-07 00:00:00","1.11","439309.16","17507.3","158078.11","70061.87","88016.24","0","conventional","Denver"
"39","627546.3","160679.31","2015-03-29 00:00:00","1.11","371990.15","4760.21","90116.63","55936.09","34180.54","0","conventional","Denver"
"4","228427.08","84236.03","2015-11-29 00:00:00","1.11","38244.11","63664.14","42282.8","31628.56","920.38","9733.86","conventional","Detroit"
"18","267968.5","114208.75","2015-08-23 00:00:00","1.11","36663.35","61914.67","55181.73","45741.01","2154.69","7286.03","conventional","Detroit"
"33","360917.96","177872.77","2015-05-10 00:00:00","1.11","42422.72","48825.24","91797.23","87986.35","1880.03","1930.85","conventional","Detroit"
"38","295385.41","113210.53","2015-04-05 00:00:00","1.11","62859.83","49925.6","69389.45","65997.82","1999.07","1392.56","conventional","Detroit"
"46","268195.87","129910.26","2015-02-08 00:00:00","1.11","35996.84","40515.81","61772.96","57777.05","1023.87","2972.04","conventional","Detroit"
"5","140981.22","3734.97","2015-11-22 00:00:00","1.11","94794.75","5725.81","36725.69","33606.78","2327.22","791.69","conventional","GrandRapids"
"39","149631.24","1977.68","2015-03-29 00:00:00","1.11","63600.68","3003.97","81048.91","75725.67","5299.2","24.04","conventional","GrandRapids"
"37","2895992.9","548501.37","2015-04-12 00:00:00","1.11","1403326.56","190091.28","754073.69","688965.8","60642.37","4465.52","conventional","GreatLakes"
"1","180186.23","24111.34","2015-12-20 00:00:00","1.11","100758.01","158.29","55158.59","53929.04","1229.55","0","conventional","HarrisburgScranton"
"9","183276.68","27595.5","2015-10-25 00:00:00","1.11","101618.92","185.61","53876.65","52569.78","1306.87","0","conventional","HarrisburgScranton"
"15","341176.21","4326.64","2015-09-13 00:00:00","1.11","283221.2","206.25","53422.12","47929.52","5492.6","0","conventional","HartfordSpringfield"
"40","292821.36","5900.6","2015-03-22 00:00:00","1.11","230143.88","139.93","56636.95","53990.12","2646.83","0","conventional","HartfordSpringfield"
"5","115384.56","3979.57","2015-11-22 00:00:00","1.11","68939.61","9639.94","32825.44","20313.48","11041.51","1470.45","conventional","Indianapolis"
"16","156608.28","3361.77","2015-09-06 00:00:00","1.11","92568.64","16662.01","44015.86","25163.49","15845.63","3006.74","conventional","Indianapolis"
"40","160557.81","3961","2015-03-22 00:00:00","1.11","102319.13","15542.64","38735.04","19721.51","16305.28","2708.25","conventional","Indianapolis"
"12","63157.22","1596.38","2015-10-04 00:00:00","1.11","39700.73","4198.9","17661.21","10607.98","6299.47","753.76","conventional","Louisville"
"38","510738.88","370549.02","2015-04-05 00:00:00","1.11","48767.27","91.39","91331.2","49707.36","41286.34","337.5","conventional","MiamiFtLauderdale"
"13","2390611.02","479660.47","2015-09-27 00:00:00","1.11","1206766.08","274903.15","429281.32","383854.11","43807.49","1619.72","conventional","Midsouth"
"40","2779012.66","681261.26","2015-03-22 00:00:00","1.11","1282053.45","197573.91","618124.04","560370.06","53740.87","4013.11","conventional","Midsouth"
"36","140649.3","91537.59","2015-04-19 00:00:00","1.11","7598.5","12377.93","29135.28","22422.52","6712.76","0","conventional","Nashville"
"46","1658708.73","26781.64","2015-02-08 00:00:00","1.11","1310966.23","2996.36","317964.5","249204.48","68760.02","0","conventional","NewYork"
"3","303058.29","3320.11","2015-12-06 00:00:00","1.11","261503.41","94.18","38140.59","38140.59","0","0","conventional","NorthernNewEngland"
"45","288514.78","2897.82","2015-02-15 00:00:00","1.11","232117.81","33.13","53466.02","53303.8","162.22","0","conventional","NorthernNewEngland"
"13","91558.77","815.05","2015-09-27 00:00:00","1.11","62972.23","1852.47","25919.02","14361.09","11557.93","0","conventional","Pittsburgh"
"4","1099646.06","460759.58","2015-11-29 00:00:00","1.11","364748.79","10648.01","263489.68","248449.51","14157.64","882.53","conventional","Plains"
"9","1411354.54","559720.23","2015-10-25 00:00:00","1.11","583990.89","15616.99","252026.43","237398.61","13346.37","1281.45","conventional","Plains"
"42","1531085.64","838161.13","2015-03-08 00:00:00","1.11","412581.04","9283.84","271059.63","269498.52","734.29","826.82","conventional","Plains"
"44","495032.46","117115.76","2015-02-22 00:00:00","1.11","287695.04","15574.43","74647.23","74573.17","74.06","0","conventional","Portland"
"49","439617.61","155745.95","2015-01-18 00:00:00","1.11","220991.54","14692.73","48187.39","34402.17","13785.22","0","conventional","Portland"
"28","286814.82","60157.22","2015-06-14 00:00:00","1.11","95409.49","41274.25","89973.86","89685.43","288.43","0","conventional","RaleighGreensboro"
"33","267655.62","76699.18","2015-05-10 00:00:00","1.11","60772.22","37794.41","92389.81","91891.14","498.67","0","conventional","RaleighGreensboro"
"44","258728.48","65910.74","2015-02-22 00:00:00","1.11","69081.33","69371.34","54365.07","53806.04","559.03","0","conventional","RaleighGreensboro"
"35","235546.11","76765.23","2015-04-26 00:00:00","1.11","97538.87","11133.44","50108.57","49595.75","390.6","122.22","conventional","RichmondNorfolk"
"37","213032.44","60609.49","2015-04-12 00:00:00","1.11","96301.96","9863.28","46257.71","44510.63","1747.08","0","conventional","RichmondNorfolk"
"43","110991.01","45568.34","2015-03-01 00:00:00","1.11","38348.5","79.57","26994.6","26965.71","28.89","0","conventional","Roanoke"
"12","404301.76","154884.04","2015-10-04 00:00:00","1.11","194838.77","18666.34","35912.61","31952.3","3960.31","0","conventional","SanDiego"
"35","435990.48","235664.26","2015-04-26 00:00:00","1.11","141949.05","14634.32","43742.85","37689.45","6053.4","0","conventional","SanDiego"
"38","469883.87","249036.72","2015-04-05 00:00:00","1.11","162601.8","15718.9","42526.45","25464.02","16966.53","95.9","conventional","SanDiego"
"44","552036.54","106012.21","2015-02-22 00:00:00","1.11","353201.96","10013.75","82808.62","82779.56","0","29.06","conventional","Seattle"
"9","223607.39","107103.78","2015-10-25 00:00:00","1.11","46792.32","17192.49","52518.8","43924.89","8593.91","0","conventional","SouthCarolina"
"22","327629.87","160050.21","2015-07-26 00:00:00","1.11","63162.91","18771.89","85644.86","80982.38","4662.48","0","conventional","SouthCarolina"
"26","340424.79","152050","2015-06-28 00:00:00","1.11","76047.9","18078.63","94248.26","89211.38","4983.53","53.35","conventional","SouthCarolina"
"39","284839.51","151124.37","2015-03-29 00:00:00","1.11","45649.68","16553.04","71512.42","64967.19","6545.23","0","conventional","SouthCarolina"
"45","278514.05","163447.93","2015-02-15 00:00:00","1.11","40081.18","14735.34","60249.6","44927.07","15322.53","0","conventional","SouthCarolina"
"44","2796195.76","1960713.06","2015-02-22 00:00:00","1.11","236520.37","34466.49","564495.84","437763.9","126731.94","0","conventional","Southeast"
"46","2573973.63","1871661.73","2015-02-08 00:00:00","1.11","226039.73","18310.04","457962.13","272767.32","185194.81","0","conventional","Southeast"
"17","61176.91","31274.84","2015-08-30 00:00:00","1.11","16651.71","3820.56","9429.8","9427.72","2.08","0","conventional","Spokane"
"18","202861.68","111101.26","2015-08-23 00:00:00","1.11","35104.11","33.19","56623.12","56606.63","11.99","4.5","conventional","StLouis"
"10","256610","112096.12","2015-10-18 00:00:00","1.11","54378.07","42.22","90093.59","49373.24","40703.27","17.08","conventional","Tampa"
"26","325434.49","157030.05","2015-06-28 00:00:00","1.11","56095.25","108.06","112201.13","94295.35","17905.78","0","conventional","Tampa"
"24","131630.13","20970.24","2016-07-10 00:00:00","1.11","96581.82","46.49","14031.58","10876","470.58","2685","conventional","Albany"
"45","905144.72","72824.97","2016-02-14 00:00:00","1.11","596869.49","60290.41","175159.85","168368.44","6791.41","0","conventional","BaltimoreWashington"
"47","748107.09","52641.93","2016-01-31 00:00:00","1.11","506187.66","24482.29","164795.21","161204.17","3591.04","0","conventional","BaltimoreWashington"
"51","816760.46","54491.78","2016-01-03 00:00:00","1.11","583418.06","27147.33","151703.29","149408.43","2294.86","0","conventional","BaltimoreWashington"
"38","559718.46","4683.35","2016-04-03 00:00:00","1.11","406529.44","42112.53","106393.14","106262.03","131.11","0","conventional","Boston"
"34","171441.29","1248.25","2016-05-01 00:00:00","1.11","69913.84","1640.55","98638.65","98638.65","0","0","conventional","BuffaloRochester"
"41","163501.31","1393.58","2016-03-13 00:00:00","1.11","77324.69","25.28","84757.76","84757.76","0","0","conventional","BuffaloRochester"
"31","903864.9","36568.67","2016-05-22 00:00:00","1.11","592064.53","145104.44","130127.26","121785.52","6544.59","1797.15","conventional","Chicago"
"37","770661.72","49679.26","2016-04-10 00:00:00","1.11","464981.98","153441.58","102558.9","91081.44","9926.52","1550.94","conventional","Chicago"
"40","770557.34","36017.62","2016-03-20 00:00:00","1.11","514604.02","122807.96","97127.74","93973.32","3147.06","7.36","conventional","Chicago"
"49","778412.5","35099.73","2016-01-17 00:00:00","1.11","500623.85","139309.53","103379.39","87560.47","15802.25","16.67","conventional","Chicago"
"9","156831.11","84696.78","2016-10-23 00:00:00","1.11","21559.06","1763.25","48812.02","46730.56","2081.46","0","conventional","Columbus"
"49","293246.54","82804.19","2016-01-17 00:00:00","1.11","46382.59","78514.15","85545.61","70769.35","4505.37","10270.89","conventional","Detroit"
"0","2954314.99","446144.28","2016-12-25 00:00:00","1.11","1256639.93","146507.02","1105023.76","789983.43","306951.98","8088.35","conventional","GreatLakes"
"1","2791515.27","466186.32","2016-12-18 00:00:00","1.11","1327455.76","146478.91","851394.28","629888.17","211183","10323.11","conventional","GreatLakes"
"43","254954.35","36910.75","2016-02-28 00:00:00","1.11","157390.1","213.14","60440.36","58909.86","1530.5","0","conventional","HarrisburgScranton"
"18","189700.13","90679.27","2016-08-21 00:00:00","1.11","36441.11","188.93","62390.82","34193.62","26027.2","2170","conventional","Jacksonville"
"19","206617.11","98779.51","2016-08-14 00:00:00","1.11","43133.24","217.88","64486.48","22538.59","39347.89","2600","conventional","Jacksonville"
"20","311533.3","144862.85","2016-08-07 00:00:00","1.11","57549.16","7063.01","102058.28","64258.99","37604.85","194.44","conventional","LasVegas"
"16","82940.98","2682.05","2016-09-04 00:00:00","1.11","45780.53","769.26","33709.14","14894.92","18599.22","215","conventional","Louisville"
"47","492691.03","287032.09","2016-01-31 00:00:00","1.11","79763.12","168.96","125726.86","59045.69","66681.17","0","conventional","MiamiFtLauderdale"
"19","265537.57","148300.05","2016-08-14 00:00:00","1.11","48204.73","189.86","68842.93","52182.75","14285.18","2375","conventional","NewOrleansMobile"
"40","4834759.09","108456.51","2016-03-20 00:00:00","1.11","3414702.44","79981.32","1231618.82","1171614.36","60004.46","0","conventional","Northeast"
"51","308711.73","201918.77","2016-01-03 00:00:00","1.11","31729.56","234.28","74829.12","46089.44","28739.68","0","conventional","Orlando"
"8","644652.47","261889.52","2016-10-30 00:00:00","1.11","135479.22","15843.09","231440.64","108153.46","123199.68","87.5","conventional","PhoenixTucson"
"29","308049.48","69779.42","2016-06-05 00:00:00","1.11","115207.29","42240.01","80822.76","78796.85","800.08","1225.83","conventional","RaleighGreensboro"
"36","284896.14","47754.46","2016-04-17 00:00:00","1.11","137649.89","17999.41","81492.38","80748.86","733.64","9.88","conventional","RaleighGreensboro"
"16","263823.88","100753.98","2016-09-04 00:00:00","1.11","86557.82","6483.63","70028.45","69754.69","113.76","160","conventional","RichmondNorfolk"
"18","236349.68","86900.27","2016-08-21 00:00:00","1.11","84501.94","6791.56","58155.91","57801.11","79.8","275","conventional","RichmondNorfolk"
"48","409324.93","55327.2","2016-01-24 00:00:00","1.11","278223.8","18007.03","57766.9","57734.83","32.07","0","conventional","Sacramento"
"49","437356.64","105468.97","2016-01-17 00:00:00","1.11","256283.84","15555.85","60047.98","60045.08","0","2.9","conventional","Sacramento"
"18","605652.82","111362.57","2016-08-21 00:00:00","1.11","140739.28","2503.09","351047.88","350689.25","135.1","223.53","conventional","Seattle"
"20","619209.25","101060.89","2016-08-07 00:00:00","1.11","192576.48","2583.85","322988.03","322390.13","143.28","454.62","conventional","Seattle"
"24","628610.41","103864.49","2016-07-10 00:00:00","1.11","163811.75","6528.3","354405.87","354205.83","146.27","53.77","conventional","Seattle"
"17","352297.98","197155.13","2016-08-28 00:00:00","1.11","48370.23","6799.65","99972.97","82906.46","17066.51","0","conventional","SouthCarolina"
"19","389639.12","198569.92","2016-08-14 00:00:00","1.11","67082.24","10231.05","113755.91","86861.67","26894.24","0","conventional","SouthCarolina"
"6","4224677.32","2338883.91","2016-11-13 00:00:00","1.11","971219.17","22128.14","892446.1","710489.09","180468.83","1488.18","conventional","SouthCentral"
"14","3403999.22","1501212.7","2016-09-18 00:00:00","1.11","566389.42","9444.29","1326952.81","706832.05","617002.43","3118.33","conventional","Southeast"
"17","3580022.43","1919441.39","2016-08-28 00:00:00","1.11","610781.64","10303.2","1039496.2","738943.52","290855.73","9696.95","conventional","Southeast"
"18","3716886.69","1923227.36","2016-08-21 00:00:00","1.11","648951.54","13450.33","1131257.46","827154.53","276587.65","27515.28","conventional","Southeast"
"2","117572.64","38790.31","2016-12-11 00:00:00","1.11","6951.6","146.25","71684.48","57071.3","14613.18","0","conventional","StLouis"
"8","474480.97","230696.56","2016-10-30 00:00:00","1.11","55531.58","17669.83","170583","77112.5","93470.5","0","conventional","WestTexNewMexico"
"1","444781.87","212413.82","2017-12-24 00:00:00","1.11","30834.68","1112.56","200420.81","130079.34","66147.03","4194.44","conventional","Atlanta"
"7","518209","251896","2017-11-12 00:00:00","1.11","31719","1398","233196","154898","75134","3164","conventional","Atlanta"
"43","93814.08","29234.27","2017-03-05 00:00:00","1.11","5256.5","12115.21","47208.1","32638.67","14550.61","18.82","conventional","Boise"
"25","951407.12","164106.61","2017-07-09 00:00:00","1.11","267690.26","16221.33","503388.92","192191.48","309207.68","1989.76","conventional","Denver"
"48","206654.98","87623.67","2017-01-29 00:00:00","1.11","29999.87","236.88","88794.56","37567.36","50878.59","348.61","conventional","Jacksonville"
"41","2737872.14","965781.76","2017-03-19 00:00:00","1.11","422615.12","89296.88","1260178.38","1209897.81","2474.78","47805.79","conventional","LosAngeles"
"4","108947","2489","2017-12-03 00:00:00","1.11","52286","530","53643","9238","44403","1","conventional","Louisville"
"40","100036.14","2435.42","2017-03-26 00:00:00","1.11","46979.43","163.77","50457.52","18244.87","32209.26","3.39","conventional","Louisville"
"51","3454819.97","777266.14","2017-01-08 00:00:00","1.11","1624949.84","45093.12","1007510.87","873053.26","130291.21","4166.4","conventional","Midsouth"
"7","292987","176864","2017-11-12 00:00:00","1.11","25045","2188","88890","83664","4411","816","conventional","NewOrleansMobile"
"9","277437.66","169106.09","2017-10-29 00:00:00","1.11","21885.18","1787","84659.39","72752.65","11155.63","751.11","conventional","NewOrleansMobile"
"45","220338.25","123639.4","2017-02-19 00:00:00","1.11","24706.23","289.36","71703.26","54549.08","7834.18","9320","conventional","NewOrleansMobile"
"52","476239.03","20667.36","2017-01-01 00:00:00","1.11","414792.25","3313.1","37466.32","37466.32","0","0","conventional","NorthernNewEngland"
"7","593320","178779","2017-11-12 00:00:00","1.11","115334","12996","286211","231215","54586","410","conventional","Portland"
"41","634212.88","149500.57","2017-03-19 00:00:00","1.11","129099.31","19059.85","336553.15","334445.43","1589.36","518.36","conventional","Portland"
"52","240752.75","82444.88","2017-01-01 00:00:00","1.11","85577.58","5485.61","67244.68","65961.19","1104.32","179.17","conventional","RichmondNorfolk"
"25","157797.53","29283.77","2017-07-09 00:00:00","1.11","43863.9","232.79","84417.07","78578.39","2538.68","3300","conventional","Roanoke"
"36","653100.77","135560.01","2017-04-23 00:00:00","1.11","203465.08","670.42","313405.26","313046.46","250.26","108.54","conventional","Seattle"
"48","395411.39","174671.54","2017-01-29 00:00:00","1.11","85091.43","3175.63","132472.79","91776.59","40642.03","54.17","conventional","SouthCarolina"
"28","103313.47","21695.01","2017-06-18 00:00:00","1.11","28464.58","84.08","53069.8","53053.14","8.89","7.77","conventional","Spokane"
"50","183270.4","71169.65","2017-01-15 00:00:00","1.11","10367.87","63.07","101669.81","72670.03","28999.78","0","conventional","StLouis"
"51","152614.52","65552.6","2017-01-08 00:00:00","1.11","10274.73","133.06","76654.13","58010.46","18595.06","48.61","conventional","StLouis"
"52","144323.7","90181.75","2017-01-01 00:00:00","1.11","10226.35","212.85","43702.75","39615.42","4087.33","0","conventional","StLouis"
"2","6488605.43","2277437.31","2018-03-11 00:00:00","1.11","1750118.87","108244.33","2352804.92","2230913.33","41105.34","80786.25","conventional","California"
"9","331324.99","74246.57","2018-01-21 00:00:00","1.11","80371.21","4657.83","172049.38","165016.97","7031.3","1.11","conventional","Charlotte"
"5","361966.97","70416.79","2018-02-18 00:00:00","1.11","33890.23","18889.7","238770.25","177738.87","48953.96","12077.42","conventional","Detroit"
"11","4123104.83","1112028.17","2018-01-07 00:00:00","1.11","1238992.5","350648.99","1421435.17","1154910.93","230241.31","36282.93","conventional","GreatLakes"
"6","617475.89","19640","2018-02-11 00:00:00","1.11","512849.57","3564.09","81422.23","35046.08","45221.71","1154.44","conventional","NorthernNewEngland"
"1","508979.43","333194.13","2018-03-18 00:00:00","1.11","32206.33","1543.14","142035.83","82165.92","59626.58","243.33","conventional","Orlando"
"2","676307.43","78454.87","2018-03-11 00:00:00","1.11","308559.86","17485.05","271807.65","172296.2","99071.86","439.59","conventional","Portland"
"9","176001.32","32866.66","2018-01-21 00:00:00","1.11","52406.08","271.62","90456.96","61172.35","29271.28","13.33","conventional","Roanoke"
"47","196031.9","142332.45","2015-02-01 00:00:00","1.11","41999.51","2.92","11697.02","11697.02","0","0","organic","California"
"22","2998.88","70.09","2015-07-26 00:00:00","1.11","1177.29","0","1751.5","330","1421.5","0","organic","Indianapolis"
"25","2935.57","59.2","2015-07-05 00:00:00","1.11","963.26","0","1913.11","470","1443.11","0","organic","Indianapolis"
"1","53170.36","7660.24","2015-12-20 00:00:00","1.11","13978.6","1.56","31529.96","22728.58","8801.38","0","organic","LosAngeles"
"5","657.96","4.62","2015-11-22 00:00:00","1.11","7.87","0","645.47","642.14","3.33","0","organic","MiamiFtLauderdale"
"45","10581.74","244.59","2015-02-15 00:00:00","1.11","8525.9","89.76","1721.49","250","1471.49","0","organic","Nashville"
"47","18623.99","16215.48","2015-02-01 00:00:00","1.11","1142.06","2.89","1263.56","1263.56","0","0","organic","SanDiego"
"33","2481.5","0","2016-05-08 00:00:00","1.11","835.48","0","1646.02","273.33","1372.69","0","organic","Boise"
"46","14072.95","443.33","2016-02-07 00:00:00","1.11","8905.29","0","4724.33","203.33","4521","0","organic","CincinnatiDayton"
"1","21071.85","5025.9","2016-12-18 00:00:00","1.11","286.6","0","15759.35","15746.18","13.17","0","organic","DallasFtWorth"
"36","25616.88","9048.9","2016-04-17 00:00:00","1.11","722.41","0","15845.57","14278.12","1567.45","0","organic","DallasFtWorth"
"36","16685.6","5531.72","2016-04-17 00:00:00","1.11","51.15","0","11102.73","7146.6","3956.13","0","organic","Houston"
"24","5370.5","429.9","2016-07-10 00:00:00","1.11","1722.68","0","3217.92","1233.2","1984.72","0","organic","Indianapolis"
"30","111714.45","14878.34","2016-05-29 00:00:00","1.11","30381.74","0","66454.37","66031.6","422.77","0","organic","LosAngeles"
"34","102002.62","9913.94","2016-05-01 00:00:00","1.11","29545.47","0","62543.21","62529.52","13.69","0","organic","LosAngeles"
"21","12337.37","1053.15","2016-07-31 00:00:00","1.11","4460.9","0","6823.32","881.97","5941.35","0","organic","Nashville"
"28","120789.79","40677.24","2016-06-12 00:00:00","1.11","7936.51","359.3","71816.74","63793.15","8023.59","0","organic","SouthCentral"
"32","128078.72","32418.44","2016-05-15 00:00:00","1.11","15000.26","249.18","80410.84","59811.01","20599.83","0","organic","SouthCentral"
"35","110395.86","27167.11","2016-04-24 00:00:00","1.11","16727.91","39.84","66461","46304.57","20156.43","0","organic","SouthCentral"
"42","25049.48","8206.31","2017-03-12 00:00:00","1.11","408.03","0","16435.14","16288.26","146.88","0","organic","DallasFtWorth"
"30","50502.11","10986.31","2017-06-04 00:00:00","1.11","40.1","0","39475.7","39413.32","62.38","0","organic","Houston"
"34","52220.44","7740.99","2017-05-07 00:00:00","1.11","4048.4","23.83","40407.22","159.67","40247.55","0","organic","Portland"
"35","44526.5","6225.21","2017-04-30 00:00:00","1.11","3347.84","97.16","34856.29","147.76","34708.53","0","organic","Portland"
"43","95526.15","13231.55","2017-03-05 00:00:00","1.11","12552.42","275.95","69466.23","12241.84","57224.39","0","organic","Southeast"
"38","32073.43","3041.33","2017-03-26 00:00:00","1.11","3451.21","66.76","25514.13","25191.62","322.51","0","organic","WestTexNewMexico"
"39","26767.63","4255.75","2017-03-19 00:00:00","1.11","3855.69","11.67","18644.52","13278.06","5366.46","0","organic","WestTexNewMexico"
"28","465804.78","386370.5","2015-06-14 00:00:00","1.1","17701.12","471.72","61261.44","48612.13","12578.28","71.03","conventional","Atlanta"
"30","454702","382900.99","2015-05-31 00:00:00","1.1","19543.18","522.81","51735.02","40505.16","11199.95","29.91","conventional","Atlanta"
"33","480071.18","413452.96","2015-05-10 00:00:00","1.1","18860.63","1089.33","46668.26","34108.44","12559.82","0","conventional","Atlanta"
"42","420826.32","361559.22","2015-03-08 00:00:00","1.1","15788.71","236.97","43241.42","33847.33","9394.09","0","conventional","Atlanta"
"44","431308.56","369316.29","2015-02-22 00:00:00","1.1","18324.76","237.47","43430.04","33423.74","10006.3","0","conventional","Atlanta"
"48","449332.85","393408.17","2015-01-25 00:00:00","1.1","18718.27","594.25","36612.16","13176.39","23435.77","0","conventional","Atlanta"
"24","850931.58","58827.99","2015-07-12 00:00:00","1.1","547537.41","50679.01","193887.17","189236.32","4406.05","244.8","conventional","BaltimoreWashington"
"40","808897.21","65158.96","2015-03-22 00:00:00","1.1","524971.24","42381.39","176385.62","171699.95","4685.67","0","conventional","BaltimoreWashington"
"20","61286.98","44739.54","2015-08-09 00:00:00","1.1","5034","3931.19","7582.25","7568.92","13.33","0","conventional","Boise"
"50","437771.89","5548.11","2015-01-11 00:00:00","1.1","320577.36","121.81","111524.61","111192.88","331.73","0","conventional","Boston"
"20","6232081.27","3260775.73","2015-08-09 00:00:00","1.1","2196704.97","193831.6","580768.97","570728.54","7356.84","2683.59","conventional","California"
"26","5641742.02","3163839.74","2015-06-28 00:00:00","1.1","1610910.07","212173.21","654819","630301.44","21861.54","2656.02","conventional","California"
"31","5621713.64","2978396.74","2015-05-24 00:00:00","1.1","1873205.91","195991.06","574119.93","546420.69","24485.84","3213.4","conventional","California"
"39","5341821.67","2609532.63","2015-03-29 00:00:00","1.1","1869271.31","193577.55","669440.18","605995.11","61958.73","1486.34","conventional","California"
"31","222390.09","10258.51","2015-05-24 00:00:00","1.1","152036.29","4490.78","55604.51","24486.78","30170.62","947.11","conventional","CincinnatiDayton"
"30","143985.96","80729.03","2015-05-31 00:00:00","1.1","21813.84","13935.13","27507.96","21434.49","4733.2","1340.27","conventional","Columbus"
"33","162802.65","97879.64","2015-05-10 00:00:00","1.1","27581.34","10126.3","27215.37","23689.19","2796.71","729.47","conventional","Columbus"
"23","857872.86","119266.12","2015-07-19 00:00:00","1.1","513055.1","17089.18","208462.46","68585.03","139859.47","17.96","conventional","Denver"
"1","250436.24","110507.5","2015-12-20 00:00:00","1.1","42663.06","45459.85","51805.83","40496.17","2931.68","8377.98","conventional","Detroit"
"6","248933.35","88132.72","2015-11-15 00:00:00","1.1","35472.8","52490.9","72836.93","65345.24","1141.32","6350.37","conventional","Detroit"
"12","286400.89","81617.68","2015-10-04 00:00:00","1.1","60336.35","90271.45","54175.41","40779.28","1039.04","12357.09","conventional","Detroit"
"49","291788.43","113616.86","2015-01-18 00:00:00","1.1","45446.17","37740.18","94985.22","92319.38","1066.01","1599.83","conventional","Detroit"
"26","155972.38","3089.5","2015-06-28 00:00:00","1.1","55014.27","9941.32","87927.29","80548.8","5044.35","2334.14","conventional","GrandRapids"
"9","2671535.94","383559.81","2015-10-25 00:00:00","1.1","1460066.36","331096.84","496812.93","335249.25","130933.76","30629.92","conventional","GreatLakes"
"13","2770074.76","343271.52","2015-09-27 00:00:00","1.1","1605775.14","344488.51","476539.59","327299.75","103091.55","46148.29","conventional","GreatLakes"
"22","3135698.38","475306.73","2015-07-26 00:00:00","1.1","1616355","281882.1","762154.55","617211.53","127530.47","17412.55","conventional","GreatLakes"
"41","2948199.23","475449.58","2015-03-15 00:00:00","1.1","1626922.95","223788.7","622038","498932.31","114147.11","8958.58","conventional","GreatLakes"
"50","3067638.32","416900.3","2015-01-11 00:00:00","1.1","1818618.04","316856.73","515263.25","412976.97","91214.54","11071.74","conventional","GreatLakes"
"3","171195.76","25260.16","2015-12-06 00:00:00","1.1","99013.86","118.19","46803.55","46345.26","458.29","0","conventional","HarrisburgScranton"
"18","222637.15","37213.9","2015-08-23 00:00:00","1.1","128402.42","584.81","56436.02","54580.78","1140.14","715.1","conventional","HarrisburgScranton"
"21","242281.36","40387.93","2015-08-02 00:00:00","1.1","143352.05","733.22","57808.16","56786.27","1018.67","3.22","conventional","HarrisburgScranton"
"1","116353.68","3702.2","2015-12-20 00:00:00","1.1","67983.94","9327.71","35339.83","18144.63","12133.67","5061.53","conventional","Indianapolis"
"11","128848.68","4270.64","2015-10-11 00:00:00","1.1","75604.83","13860.26","35112.95","21300.25","11566.09","2246.61","conventional","Indianapolis"
"38","146744.37","105691.56","2015-04-05 00:00:00","1.1","11012.21","848.18","29192.42","16686.17","12506.25","0","conventional","Jacksonville"
"44","121048.7","79840.95","2015-02-22 00:00:00","1.1","10684.39","1447.09","29076.27","21773.29","7302.98","0","conventional","Jacksonville"
"33","85446.43","2278.4","2015-05-10 00:00:00","1.1","60221.59","606.53","22339.91","9533.88","12740.14","65.89","conventional","Louisville"
"44","2720346.71","632670.12","2015-02-22 00:00:00","1.1","1209150.04","295228.18","583298.37","535973.53","46783.55","541.29","conventional","Midsouth"
"51","2578275.12","575245.44","2015-01-04 00:00:00","1.1","1311502.53","181058.65","510468.5","429166.89","80986.81","314.8","conventional","Midsouth"
"18","1477964.12","22589.42","2015-08-23 00:00:00","1.1","1222687.73","822.48","231864.49","197249.71","34604.15","10.63","conventional","NewYork"
"20","1563915.04","23326.28","2015-08-09 00:00:00","1.1","1290583.13","976.16","249029.47","218715.85","30313.62","0","conventional","NewYork"
"7","4205775.44","86385.14","2015-11-08 00:00:00","1.1","3333003.32","4491.79","781895.19","645890.25","136004.94","0","conventional","Northeast"
"20","4786334.13","105393.94","2015-08-09 00:00:00","1.1","3894801.66","9116.57","777021.96","722077.58","54944.38","0","conventional","Northeast"
"24","509215.2","3111.08","2015-07-12 00:00:00","1.1","341891.96","15371.77","148840.39","148811.62","28.77","0","conventional","NorthernNewEngland"
"38","300679.66","211116.53","2015-04-05 00:00:00","1.1","25858.76","103.76","63600.61","34091.52","29143.81","365.28","conventional","Orlando"
"51","407675.56","24190.91","2015-01-04 00:00:00","1.1","294715.33","2121.45","86647.87","72829.94","13817.93","0","conventional","Philadelphia"
"0","1306923.23","571602.6","2015-12-27 00:00:00","1.1","404837.9","25188.57","305294.16","279127.08","24838.63","1328.45","conventional","Plains"
"5","1281613.28","584490.6","2015-11-22 00:00:00","1.1","403638.25","15421.83","278062.6","260079.65","16838.2","1144.75","conventional","Plains"
"41","1590080.35","839457.23","2015-03-15 00:00:00","1.1","435373.81","10344.37","304904.94","300231.39","3729.66","943.89","conventional","Plains"
"16","465258.45","174913.44","2015-09-06 00:00:00","1.1","188351.71","13357.86","88635.44","88369.14","231.21","35.09","conventional","Portland"
"40","426180.78","153885.51","2015-03-22 00:00:00","1.1","213514.26","16449.01","42332","42292.09","37.97","1.94","conventional","Portland"
"37","274985.46","71379.06","2015-04-12 00:00:00","1.1","72736.73","37443.69","93425.98","92113.02","1312.96","0","conventional","RaleighGreensboro"
"36","231641.21","75898.29","2015-04-19 00:00:00","1.1","91143.24","10864.49","53735.19","53008.05","727.14","0","conventional","RichmondNorfolk"
"44","225830.42","75550.59","2015-02-22 00:00:00","1.1","89874.92","17018.36","43386.55","43046.27","340.28","0","conventional","RichmondNorfolk"
"12","377192.1","70755.56","2015-10-04 00:00:00","1.1","259002.51","12312.13","35121.9","35121.9","0","0","conventional","Sacramento"
"22","495344.27","279280.58","2015-07-26 00:00:00","1.1","161574.35","16605.49","37883.85","36718.01","1165.84","0","conventional","SanDiego"
"24","490312.63","251056.27","2015-07-12 00:00:00","1.1","182844.55","14524.67","41887.14","38417.55","3469.59","0","conventional","SanDiego"
"13","467791.95","159459.18","2015-09-27 00:00:00","1.1","152002.76","10158.38","146171.63","146143.41","13.28","14.94","conventional","Seattle"
"28","339919.17","172821.14","2015-06-14 00:00:00","1.1","60267.01","18287.95","88543.07","82278.6","6256.45","8.02","conventional","SouthCarolina"
"35","319659.25","191953.94","2015-04-26 00:00:00","1.1","43170.27","16204.46","68330.58","63208.06","5122.52","0","conventional","SouthCarolina"
"38","311646.73","187483.15","2015-04-05 00:00:00","1.1","44278.23","18418.66","61466.69","53591.38","7875.31","0","conventional","SouthCarolina"
"50","279706.73","162428.39","2015-01-11 00:00:00","1.1","39713.75","14197.05","63367.54","44864.96","18502.58","0","conventional","SouthCarolina"
"40","74725.33","32960.85","2015-03-22 00:00:00","1.1","28457.8","2400.38","10906.3","10906.3","0","0","conventional","Spokane"
"0","152121.37","50481.76","2015-12-27 00:00:00","1.1","25206.85","23.89","76408.87","58430.48","17978.39","0","conventional","StLouis"
"47","308371.9","209893.28","2015-02-01 00:00:00","1.1","48651.4","59.1","49768.12","49768.12","0","0","conventional","StLouis"
"15","257374.81","97653.71","2015-09-13 00:00:00","1.1","69978.38","102.06","89640.66","50111.01","39529.65","0","conventional","Tampa"
"40","880238.91","65397","2016-03-20 00:00:00","1.1","614918.47","16342.85","183580.59","180891.69","2688.9","0","conventional","BaltimoreWashington"
"46","966321","73754.24","2016-02-07 00:00:00","1.1","621956.14","48009.43","222601.19","217666.76","4934.43","0","conventional","BaltimoreWashington"
"40","645235.38","5364.32","2016-03-20 00:00:00","1.1","490720.39","34714.64","114436.03","114286.03","150","0","conventional","Boston"
"42","600639.74","6153.04","2016-03-06 00:00:00","1.1","434300.22","36352.99","123833.49","123551.47","282.02","0","conventional","Boston"
"37","152123.92","1278.33","2016-04-10 00:00:00","1.1","55802.4","53.93","94989.26","94766.21","113.33","109.72","conventional","BuffaloRochester"
"25","7087455.16","2409025.69","2016-07-03 00:00:00","1.1","2439611.73","356022.1","1882795.64","1722082.22","119871.18","40842.24","conventional","California"
"37","210587.77","39141.6","2016-04-10 00:00:00","1.1","93571.42","16896.71","60978.04","48991.14","11986.9","0","conventional","Charlotte"
"4","581638.75","151462.15","2016-11-27 00:00:00","1.1","291205.61","81651.23","57319.76","56501.53","797.78","20.45","conventional","Chicago"
"22","264194.71","4346.75","2016-07-24 00:00:00","1.1","133484.48","7052.87","119310.61","25436.76","89695.64","4178.21","conventional","CincinnatiDayton"
"4","134305.97","58518.04","2016-11-27 00:00:00","1.1","19133.76","1296.49","55357.68","53684.96","1671.27","1.45","conventional","Columbus"
"8","138565.73","75422.45","2016-10-30 00:00:00","1.1","16016.58","1373.56","45753.14","43902.77","1850.37","0","conventional","Columbus"
"14","320748.32","105595.83","2016-09-18 00:00:00","1.1","53981.52","8602.38","152568.59","147793.11","4601.38","174.1","conventional","Detroit"
"50","325997.55","133286.56","2016-01-10 00:00:00","1.1","49832.73","73427.07","69451.19","57082.27","2453.77","9915.15","conventional","Detroit"
"38","156883.18","2410.14","2016-04-03 00:00:00","1.1","97646.19","3234.16","53592.69","47054.51","6427.73","110.45","conventional","GrandRapids"
"27","3955098.89","608467.47","2016-06-19 00:00:00","1.1","1766243.34","431784.45","1148603.63","804836.17","242409.56","101357.9","conventional","GreatLakes"
"46","310166.32","42668.36","2016-02-07 00:00:00","1.1","186545.28","334.31","80618.37","78497.61","2120.76","0","conventional","HarrisburgScranton"
"45","398441.13","6064.88","2016-02-14 00:00:00","1.1","326486.66","316.89","65572.7","61273.21","4299.49","0","conventional","HartfordSpringfield"
"25","205562.64","15757.59","2016-07-03 00:00:00","1.1","97347.96","9152.69","83304.4","47612.13","29634.22","6058.05","conventional","Indianapolis"
"15","150295.99","70095.71","2016-09-11 00:00:00","1.1","23109.94","148.82","56941.52","22375.81","34565.71","0","conventional","Jacksonville"
"6","259546.55","114475.73","2016-11-13 00:00:00","1.1","32698.74","6683","105689.08","51797.1","53891.98","0","conventional","LasVegas"
"5","2272023.15","880344.33","2016-11-20 00:00:00","1.1","456709.37","60511.55","874457.9","808238.28","43041.56","23178.06","conventional","LosAngeles"
"1","67720.14","1247.68","2016-12-18 00:00:00","1.1","33646.11","433.53","32392.82","13133.96","19258.86","0","conventional","Louisville"
"10","81707.99","1538.97","2016-10-16 00:00:00","1.1","37516.02","282.44","42370.56","11941.35","30429.21","0","conventional","Louisville"
"44","481704.97","244778.76","2016-02-21 00:00:00","1.1","102684.81","78.3","134163.1","48792.84","85370.26","0","conventional","MiamiFtLauderdale"
"42","2942515.87","592136.76","2016-03-06 00:00:00","1.1","1532054.71","122484.91","695839.49","618397.55","73641.87","3800.07","conventional","Midsouth"
"21","186520.46","88436.32","2016-07-31 00:00:00","1.1","29435.66","250.6","68397.88","58584.96","9715.7","97.22","conventional","Nashville"
"30","499944.01","19245.04","2016-05-29 00:00:00","1.1","337329.57","58060.21","85309.19","83274.96","4.23","2030","conventional","NorthernNewEngland"
"43","387149.69","4257.34","2016-02-28 00:00:00","1.1","288178.36","26834.63","67879.36","67323.1","556.26","0","conventional","NorthernNewEngland"
"41","533501.85","27514.15","2016-03-13 00:00:00","1.1","380794.66","775.58","124417.46","115167.32","9250.14","0","conventional","Philadelphia"
"16","1933628.13","931227.39","2016-09-04 00:00:00","1.1","541981.42","6177.12","454242.2","409642.51","30741.42","13858.27","conventional","Plains"
"32","293520.49","57225.93","2016-05-15 00:00:00","1.1","131575.08","15602.76","89116.72","86768.77","1193.78","1154.17","conventional","RaleighGreensboro"
"2","186495.71","67313.99","2016-12-11 00:00:00","1.1","51724.9","2894.98","64561.84","63970.47","591.37","0","conventional","RichmondNorfolk"
"20","266174.1","98312.66","2016-08-07 00:00:00","1.1","93057.33","8281.61","66522.5","60015.34","4302.16","2205","conventional","RichmondNorfolk"
"31","488201.43","156352.97","2016-05-22 00:00:00","1.1","253576.99","20549.75","57721.72","55547.83","0","2173.89","conventional","Sacramento"
"22","581023.47","85459.65","2016-07-24 00:00:00","1.1","163758.14","1555.09","330250.59","329976.05","114.66","159.88","conventional","Seattle"
"25","663580.48","101636.27","2016-07-03 00:00:00","1.1","179739.71","10770.71","371433.79","371093.38","225.23","115.18","conventional","Seattle"
"24","3646868.94","1599856.44","2016-07-10 00:00:00","1.1","848789.03","29960.26","1168263.21","785436.82","322739.72","60086.67","conventional","Southeast"
"3","118176.43","40780.54","2016-12-04 00:00:00","1.1","6623.28","37.24","70735.37","40391.54","30343.83","0","conventional","StLouis"
"48","167619.96","38174.66","2016-01-24 00:00:00","1.1","28333.37","4.76","101107.17","67007.75","34086.25","13.17","conventional","StLouis"
"40","326332.48","148381.21","2016-03-20 00:00:00","1.1","69085.96","56.69","108808.62","52243.64","56564.98","0","conventional","Tampa"
"18","33592097.72","12725249.3","2016-08-21 00:00:00","1.1","9906498.51","609720.87","10350629.04","8749239.27","1446381.11","155008.66","conventional","TotalUS"
"24","35567568.43","11457080.38","2016-07-10 00:00:00","1.1","11677528","1266433.97","11166526.08","8984513.63","1727668.8","454343.65","conventional","TotalUS"
"5","4944373.81","2005353.24","2016-11-20 00:00:00","1.1","913021.63","105452.1","1920546.84","1357080.6","562175.85","1290.39","conventional","West"
"21","5463799.79","1874227.32","2016-07-31 00:00:00","1.1","1254400.92","95280.92","2239890.63","1730972.57","505626.06","3292","conventional","West"
"34","726726.65","377225.07","2017-05-07 00:00:00","1.1","72058.11","248.63","277194.84","148163.73","121006.86","8024.25","conventional","Atlanta"
"48","830499.38","86213.34","2017-01-29 00:00:00","1.1","511365.64","135946.07","96974.33","85615.7","1691.15","9667.48","conventional","Chicago"
"35","242716.93","11133.59","2017-04-30 00:00:00","1.1","89607.64","1158.27","140817.43","30877.63","109897.14","42.66","conventional","CincinnatiDayton"
"3","149626.6","62869.74","2017-12-10 00:00:00","1.1","18377.18","1247.67","67132.01","59594.53","7390.92","146.56","conventional","Columbus"
"30","196391.15","82888.11","2017-06-04 00:00:00","1.1","20624.08","1780.61","91098.35","85697.33","5341.79","59.23","conventional","Columbus"
"10","1037930.19","525021.72","2017-10-22 00:00:00","1.1","186939.29","2275.11","323694.07","252684.38","70932.42","77.27","conventional","DallasFtWorth"
"4","849840","149815","2017-12-03 00:00:00","1.1","325073","9270","365682","98904","266779","0","conventional","Denver"
"18","896083.2","122874.44","2017-08-27 00:00:00","1.1","379022.88","10439.85","383746.03","99069.57","281790.9","2885.56","conventional","Denver"
"34","5308891.12","923002.11","2017-05-07 00:00:00","1.1","1932630.68","469332.59","1983925.74","1072504.99","832296.7","79124.05","conventional","GreatLakes"
"45","3184221.55","458082.87","2017-02-19 00:00:00","1.1","1329999.72","224790.76","1171348.2","721288.96","401353.64","48705.6","conventional","GreatLakes"
"16","1138315.8","606027.02","2017-09-10 00:00:00","1.1","165584.72","2452.1","364251.96","259297.35","104954.61","0","conventional","Houston"
"1","2389829.32","1076720.74","2017-12-24 00:00:00","1.1","350754.59","78272.26","884081.73","831557.36","15344.42","37179.95","conventional","LosAngeles"
"32","104440.16","2090.74","2017-05-21 00:00:00","1.1","51642.32","225.38","50481.72","14518.52","35959.83","3.37","conventional","Louisville"
"36","226088.3","109053.98","2017-04-23 00:00:00","1.1","8877.76","75.09","108081.47","97879.1","8397.37","1805","conventional","Nashville"
"51","230884.67","124108.53","2017-01-08 00:00:00","1.1","31296.37","316","75163.77","52403.61","13645.16","9115","conventional","NewOrleansMobile"
"4","636106","15373","2017-12-03 00:00:00","1.1","576981","1540","42212","20648","21564","0","conventional","NorthernNewEngland"
"28","591731.93","214632.83","2017-06-18 00:00:00","1.1","163049.23","19625.98","194423.89","189387","386.74","4650.15","conventional","SanDiego"
"0","559149.89","167408.78","2017-12-31 00:00:00","1.1","182686.49","699.05","208355.57","161594.74","46404.85","355.98","conventional","Seattle"
"9","5167419.42","2567803.45","2017-10-29 00:00:00","1.1","938018.17","12452.51","1649145.29","1013799.29","634225.69","1120.31","conventional","SouthCentral"
"1","5116876.57","1773530.98","2017-12-24 00:00:00","1.1","1202037.28","89973.68","2051334.63","1124779.76","915774.05","10780.82","conventional","West"
"9","639421.29","288131.95","2018-01-21 00:00:00","1.1","56731.74","1612.56","292945.04","158655.8","128969.24","5320","conventional","Atlanta"
"10","670766.04","298975.97","2018-01-14 00:00:00","1.1","60229.21","1604.9","309955.96","171508.47","134436.39","4011.1","conventional","Atlanta"
"5","6379219.83","2086478.7","2018-02-18 00:00:00","1.1","2413234.64","114573.33","1764933.16","1640897.04","47009.82","77026.3","conventional","California"
"10","1003142.47","178992.28","2018-01-14 00:00:00","1.1","323916.08","11963.62","488270.49","121454.8","366815.69","0","conventional","Denver"
"3","2667104.06","985767.65","2018-03-04 00:00:00","1.1","371412.09","77531.99","1232392.33","1144956.76","33430.29","54005.28","conventional","LosAngeles"
"6","3803512.06","1000333.25","2018-02-11 00:00:00","1.1","1266291.36","24733.63","1512153.82","1303270.27","199986.79","8896.76","conventional","Midsouth"
"6","367903.88","106372.21","2018-02-11 00:00:00","1.1","91013.42","5010.88","165507.37","156789.32","8718.05","0","conventional","RaleighGreensboro"
"0","316217.11","77628.91","2018-03-25 00:00:00","1.1","88215.28","1928.8","148444.12","135644.21","11246.17","1553.74","conventional","RichmondNorfolk"
"0","488321.93","140383.72","2018-03-25 00:00:00","1.1","156203","13940.11","177795.1","168263.27","7442.94","2088.89","conventional","SanDiego"
"9","506254.11","234534.94","2018-01-21 00:00:00","1.1","77898.32","3486.87","190333.98","138219.59","49325.5","2788.89","conventional","SouthCarolina"
"2","5239198.71","2984665.37","2018-03-11 00:00:00","1.1","403000.78","18332.57","1833199.99","1211466.26","610537.41","11196.32","conventional","Southeast"
"3","89700.27","7365.24","2018-03-04 00:00:00","1.1","50900.41","81.18","31353.44","9960.15","21393.29","0","conventional","Syracuse"
"50","158110.68","123712.51","2015-01-11 00:00:00","1.1","25975.27","1.47","8421.43","8421.43","0","0","organic","California"
"49","42234.91","5475.13","2015-01-18 00:00:00","1.1","32538.95","42.01","4178.82","992.64","3186.18","0","organic","Denver"
"26","8491.02","492.49","2016-06-26 00:00:00","1.1","3910.86","0","4087.67","698.81","3388.86","0","organic","Columbus"
"42","3976.8","351.73","2016-03-06 00:00:00","1.1","3320.01","0","305.06","286.67","18.39","0","organic","GrandRapids"
"2","167640.67","2755.84","2016-12-11 00:00:00","1.1","77907.93","0","86976.9","22634.41","64342.49","0","organic","GreatLakes"
"6","38684.7","13849.17","2016-11-13 00:00:00","1.1","25.58","0","24809.95","24786.62","23.33","0","organic","Houston"
"19","31622.99","10822.39","2016-08-14 00:00:00","1.1","30.59","0","20770.01","20700.01","70","0","organic","Houston"
"34","16297.47","5949.1","2016-05-01 00:00:00","1.1","32.49","0","10315.88","9033.37","1282.51","0","organic","Houston"
"40","96605.4","9650.76","2016-03-20 00:00:00","1.1","29926.72","3.07","57024.85","51792.12","5232.73","0","organic","LosAngeles"
"21","4845.69","0","2016-07-31 00:00:00","1.1","214.28","0","4631.41","4631.41","0","0","organic","NorthernNewEngland"
"5","8894.34","320.57","2016-11-20 00:00:00","1.1","1919.85","253.34","6400.58","1854.79","4545.79","0","organic","RichmondNorfolk"
"4","6187.92","18.25","2016-11-27 00:00:00","1.1","1877.65","0","4292.02","1074.78","3217.24","0","organic","Roanoke"
"1","100860.88","23988.1","2016-12-18 00:00:00","1.1","4296.17","0","72576.61","67763.58","4813.03","0","organic","SouthCentral"
"29","117920.36","36488.57","2016-06-05 00:00:00","1.1","7670.66","417.29","73343.84","59332.91","14010.93","0","organic","SouthCentral"
"41","7739.62","1855.25","2016-03-13 00:00:00","1.1","429.47","1.74","5453.16","66.9","5386.26","0","organic","StLouis"
"33","41244.99","4759.58","2016-05-08 00:00:00","1.1","9207.54","14337.18","12940.69","7111.59","5829.1","0","organic","WestTexNewMexico"
"41","26679.37","8489.39","2017-03-19 00:00:00","1.1","509.47","0","17680.51","17453.88","226.63","0","organic","DallasFtWorth"
"51","104424.88","26212.5","2017-01-08 00:00:00","1.1","6181.32","0","72031.06","69782.27","2248.79","0","organic","SouthCentral"
"45","8031.89","990.14","2017-02-19 00:00:00","1.1","539.15","0","6502.6","828.52","5674.08","0","organic","StLouis"
"33","446864.94","64155.43","2017-05-14 00:00:00","1.1","54107.85","268.13","328333.53","160414.47","167919.06","0","organic","West"
"9","358478.08","236814.29","2015-10-25 00:00:00","1.09","64607.97","304.36","56751.46","31826.88","24924.58","0","conventional","Atlanta"
"10","349072.48","228710.28","2015-10-18 00:00:00","1.09","59731.79","291.22","60339.19","36884.35","23454.84","0","conventional","Atlanta"
"19","465213.81","362579.51","2015-08-16 00:00:00","1.09","41992.44","1424.96","59216.9","45068.25","14148.65","0","conventional","Atlanta"
"15","924993.61","55699.25","2015-09-13 00:00:00","1.09","675524.33","42270.47","151499.56","145686.02","5813.54","0","conventional","BaltimoreWashington"
"28","955046.82","64005.15","2015-06-14 00:00:00","1.09","593499.63","48344.86","249197.18","244982.26","3668.3","546.62","conventional","BaltimoreWashington"
"46","844931.21","71703.52","2015-02-08 00:00:00","1.09","554857.41","37437.32","180932.96","175771.39","5161.57","0","conventional","BaltimoreWashington"
"5","52875.58","25408.86","2015-11-22 00:00:00","1.09","3255.97","6662.8","17547.95","17530.67","4.32","12.96","conventional","Boise"
"23","63958.04","45921.6","2015-07-19 00:00:00","1.09","5300.3","5565.17","7170.97","6354.45","816.52","0","conventional","Boise"
"38","76704.46","57339.81","2015-04-05 00:00:00","1.09","9060.49","3790.38","6513.78","6510.61","0","3.17","conventional","Boise"
"16","5806392.78","2859325.91","2015-09-06 00:00:00","1.09","2077193.6","240185","629688.27","591629.83","33545.37","4513.07","conventional","California"
"13","168780.22","24397.92","2015-09-27 00:00:00","1.09","54210.03","58551.64","31620.63","27053.27","4567.36","0","conventional","Charlotte"
"41","827010.39","30100.78","2015-03-15 00:00:00","1.09","600833.1","98822.1","97254.41","93312.94","3914.88","26.59","conventional","Chicago"
"43","863391.73","24137.05","2015-03-01 00:00:00","1.09","637043.16","111791.06","90420.46","88092.48","2289.01","38.97","conventional","Chicago"
"21","206121.36","2443.41","2015-08-02 00:00:00","1.09","142847.6","9778.16","51052.19","16179.92","33163.78","1708.49","conventional","CincinnatiDayton"
"38","126109.82","67298.39","2015-04-05 00:00:00","1.09","30313.37","9926.54","18571.52","17853.07","642.52","75.93","conventional","Columbus"
"44","114280.87","56131.64","2015-02-22 00:00:00","1.09","26134.29","10603.51","21411.43","18266.69","2275.13","869.61","conventional","Columbus"
"16","729046.74","138154.55","2015-09-06 00:00:00","1.09","420365.75","19090.66","151435.78","47833.83","103601.95","0","conventional","Denver"
"20","669377.04","131770.05","2015-08-09 00:00:00","1.09","377129.38","24025.84","136451.77","46596.12","89855.65","0","conventional","Denver"
"50","666579.35","110974.25","2015-01-11 00:00:00","1.09","427723.2","5357.69","122524.21","85793.27","36703.98","26.96","conventional","Denver"
"5","270529.34","95526.76","2015-11-22 00:00:00","1.09","55945.23","63404.02","55653.33","47388.76","1257.23","7007.34","conventional","Detroit"
"16","336982.39","143927.73","2015-09-06 00:00:00","1.09","51351.12","79770.33","61933.21","49676.97","1237.68","11018.56","conventional","Detroit"
"30","324400.67","162243.06","2015-05-31 00:00:00","1.09","28903.88","53233.66","80020.07","74758.21","797.64","4464.22","conventional","Detroit"
"16","170309.3","3673.53","2015-09-06 00:00:00","1.09","111964.57","6016.37","48654.83","45108.48","3486.89","59.46","conventional","GrandRapids"
"35","189609.49","4480.46","2015-04-26 00:00:00","1.09","105590.91","6421.76","73116.36","68758.56","4305.08","52.72","conventional","GrandRapids"
"6","2494044.41","342002.87","2015-11-15 00:00:00","1.09","1322818.28","248635.49","580587.77","465154.46","99695.62","15737.69","conventional","GreatLakes"
"32","3753201.03","787079.55","2015-05-17 00:00:00","1.09","1939235.3","406338.23","620547.95","481046.82","110126.4","29374.73","conventional","GreatLakes"
"39","2971443.88","456518.93","2015-03-29 00:00:00","1.09","1472879.42","196545.04","845500.49","758625.31","82421.91","4453.27","conventional","GreatLakes"
"6","189916.88","25483.85","2015-11-15 00:00:00","1.09","113515.58","93.58","50823.87","46939.57","3884.3","0","conventional","HarrisburgScranton"
"7","214993.36","27837.88","2015-11-08 00:00:00","1.09","137670.52","169.5","49315.46","47637.88","1677.58","0","conventional","HarrisburgScranton"
"19","247813.45","37089.49","2015-08-16 00:00:00","1.09","161018.66","402.5","49302.8","48581.44","714.85","6.51","conventional","HarrisburgScranton"
"46","364571.57","6791.17","2015-02-08 00:00:00","1.09","289098.22","215.13","68467.05","65594.58","2872.47","0","conventional","HartfordSpringfield"
"39","161288.59","5382.76","2015-03-29 00:00:00","1.09","97691.27","8095.81","50118.75","37465.78","11727.21","925.76","conventional","Indianapolis"
"17","284309.17","114660.27","2015-08-30 00:00:00","1.09","124423.82","6958.54","38266.54","37518.56","747.98","0","conventional","LasVegas"
"21","272441.01","137413.89","2015-08-02 00:00:00","1.09","79606.69","6250.99","49169.44","38914.95","10254.49","0","conventional","LasVegas"
"19","78926.9","5051.31","2015-08-16 00:00:00","1.09","45325.78","7750.34","20799.47","11076","7718.56","2004.91","conventional","Louisville"
"15","2814803.06","574792.78","2015-09-13 00:00:00","1.09","1444401.99","182702.62","612905.67","548306.36","61850.13","2749.18","conventional","Midsouth"
"28","3173051.42","653441.16","2015-06-14 00:00:00","1.09","1484200.81","206159.51","829249.94","786795.07","40769.55","1685.32","conventional","Midsouth"
"17","142153.55","82766.98","2015-08-30 00:00:00","1.09","21072.35","7912.88","30401.34","24581.81","5819.53","0","conventional","Nashville"
"24","152991.78","90781.1","2015-07-12 00:00:00","1.09","17434.57","9746.41","35029.7","29736.49","5171.88","121.33","conventional","Nashville"
"41","233696.32","159683.23","2015-03-15 00:00:00","1.09","11363.11","183.95","62466.03","58352.29","4113.74","0","conventional","NewOrleansMobile"
"51","1402890.2","23641","2015-01-04 00:00:00","1.09","1127882.44","1871.07","249495.69","178683.01","70812.68","0","conventional","NewYork"
"2","3696551.52","81055.1","2015-12-13 00:00:00","1.09","2852333.86","4716.39","758446.17","706707.82","51734.84","3.51","conventional","Northeast"
"6","3538946.22","89242.5","2015-11-15 00:00:00","1.09","2738913.76","3393.33","707396.63","658542.91","48853.72","0","conventional","Northeast"
"8","4801621.08","95355.74","2015-11-01 00:00:00","1.09","3920642.46","4729.26","780893.62","697293.46","83580.91","19.25","conventional","Northeast"
"46","4457049.41","128978.49","2015-02-08 00:00:00","1.09","3354876.63","7219.81","965974.48","869917.39","96055.45","1.64","conventional","Northeast"
"51","3759282.62","126640.65","2015-01-04 00:00:00","1.09","2860709.93","7580.38","764351.66","669970.5","94381.16","0","conventional","Northeast"
"15","356105.25","1752.73","2015-09-13 00:00:00","1.09","301172.05","277.25","52903.22","52023.22","880","0","conventional","NorthernNewEngland"
"42","287963.73","2507.83","2015-03-08 00:00:00","1.09","234532.06","15.02","50908.82","50606.6","302.22","0","conventional","NorthernNewEngland"
"18","449716.31","21862.51","2015-08-23 00:00:00","1.09","336374.97","717.48","90761.35","82479.25","8193.68","88.42","conventional","Philadelphia"
"46","477875.71","26219.21","2015-02-08 00:00:00","1.09","336509.39","1353.94","113793.17","100107.79","13683.87","1.51","conventional","Philadelphia"
"6","1294866.75","549163.56","2015-11-15 00:00:00","1.09","441216.08","17268.45","287218.66","270313.26","16012.74","892.66","conventional","Plains"
"23","1701986.81","824192.7","2015-07-19 00:00:00","1.09","491747.17","37429.71","348617.23","332847.58","14512.26","1257.39","conventional","Plains"
"30","1853451.18","1085643.8","2015-05-31 00:00:00","1.09","418763.72","11918.96","337124.7","334423.95","902.84","1797.91","conventional","Plains"
"40","1651115.09","885071.63","2015-03-22 00:00:00","1.09","450192.76","11548.82","304301.88","293708.39","9411.9","1181.59","conventional","Plains"
"43","1619341.49","854129.32","2015-03-01 00:00:00","1.09","460986.95","11417.67","292807.55","291293.85","540.74","972.96","conventional","Plains"
"50","1402841.83","737363.86","2015-01-11 00:00:00","1.09","448207.79","10009.45","207260.73","205299.64","954.59","1006.5","conventional","Plains"
"48","432770.06","131530.29","2015-01-25 00:00:00","1.09","229573.27","13384.3","58282.2","40428.06","17854.14","0","conventional","Portland"
"16","131197.71","42757.3","2015-09-06 00:00:00","1.09","55250.67","139.46","33050.28","33001.48","42.7","6.1","conventional","Roanoke"
"20","116317.58","45164.18","2015-08-09 00:00:00","1.09","40962.84","76.24","30114.32","30114.32","0","0","conventional","Roanoke"
"33","141860.18","52698.39","2015-05-10 00:00:00","1.09","52242.5","146.1","36773.19","34415.41","2357.78","0","conventional","Roanoke"
"35","137885.58","63041.96","2015-04-26 00:00:00","1.09","47028.39","81.83","27733.4","27733.4","0","0","conventional","Roanoke"
"40","126535.83","51584.99","2015-03-22 00:00:00","1.09","46659.25","102.64","28188.95","28170.39","15.56","3","conventional","Roanoke"
"44","127855.51","55931.84","2015-02-22 00:00:00","1.09","45806.33","43.06","26074.28","25882.69","191.59","0","conventional","Roanoke"
"50","429492.28","109368.41","2015-01-11 00:00:00","1.09","271300.08","5094.23","43729.56","43722.89","6.67","0","conventional","Sacramento"
"0","450185.94","101442.85","2015-12-27 00:00:00","1.09","178459.6","7000.66","163282.83","162930.64","26.71","325.48","conventional","Seattle"
"18","310381.51","139531.8","2015-08-23 00:00:00","1.09","64117.55","17089.65","89642.51","84625.03","5017.48","0","conventional","SouthCarolina"
"32","346700.41","200005.38","2015-05-17 00:00:00","1.09","46163.06","18077.99","82453.98","76994.15","5459.83","0","conventional","SouthCarolina"
"13","63902.9","25431.53","2015-09-27 00:00:00","1.09","23735.71","2196.24","12539.42","12539.42","0","0","conventional","Spokane"
"32","77996.78","36879.96","2015-05-17 00:00:00","1.09","24110.51","4295.38","12710.93","12710.93","0","0","conventional","Spokane"
"3","147544.08","60481.9","2015-12-06 00:00:00","1.09","25222.92","27.18","61812.08","53742.31","8069.77","0","conventional","StLouis"
"34","275080.92","190986.18","2015-05-03 00:00:00","1.09","36252.66","32.39","47809.69","47809.69","0","0","conventional","StLouis"
"46","214718.99","140791.53","2015-02-08 00:00:00","1.09","31995.56","48.87","41883.03","41880.81","2.22","0","conventional","StLouis"
"38","354134.22","242307.65","2015-04-05 00:00:00","1.09","26336.27","193.86","85296.44","51105.07","34191.37","0","conventional","Tampa"
"21","30358467.88","12115233.76","2015-08-02 00:00:00","1.09","12219014.12","984702.75","5039517.25","4322985.19","689175.8","27356.26","conventional","TotalUS"
"48","1022653.39","69829.09","2016-01-24 00:00:00","1.09","689359.24","24029.92","239435.14","233609.99","5825.15","0","conventional","BaltimoreWashington"
"10","77804.54","35485.6","2016-10-16 00:00:00","1.09","2006.71","6689.31","33622.92","32413.74","1197.89","11.29","conventional","Boise"
"1","579577.33","6123.84","2016-12-18 00:00:00","1.09","488107.01","7765.43","77581.05","76135.49","1445.56","0","conventional","Boston"
"32","164790.54","1410.85","2016-05-15 00:00:00","1.09","72074.47","1160.99","90144.23","90144.23","0","0","conventional","BuffaloRochester"
"33","201142.55","1613.21","2016-05-08 00:00:00","1.09","97493.47","764.71","101271.16","101271.16","0","0","conventional","BuffaloRochester"
"42","208506.12","38805.91","2016-03-06 00:00:00","1.09","98212.71","21768.74","49718.76","44120.4","5598.36","0","conventional","Charlotte"
"2","734954.21","84616.3","2016-12-11 00:00:00","1.09","449932.23","103932.55","96473.13","87751.52","1102.23","7619.38","conventional","Chicago"
"44","752336.04","39220.29","2016-02-21 00:00:00","1.09","483562.05","125838.6","103715.1","93141.66","10558.8","14.64","conventional","Chicago"
"4","183176.26","1811.14","2016-11-27 00:00:00","1.09","75977.47","690.05","104697.6","19930.04","84702.28","65.28","conventional","CincinnatiDayton"
"13","268805.44","3821.72","2016-09-25 00:00:00","1.09","112149.61","1396.32","151437.79","23812.95","127624.84","0","conventional","CincinnatiDayton"
"15","339890.13","123013.74","2016-09-11 00:00:00","1.09","57728.78","10905.57","148242.04","143846.64","4395.4","0","conventional","Detroit"
"40","371639.1","78492.11","2016-03-20 00:00:00","1.09","67761.91","111819.43","113565.65","58374.48","35829.04","19362.13","conventional","Detroit"
"35","283535.19","50495.46","2016-04-24 00:00:00","1.09","157366.58","235.32","75437.83","74325.2","1112.63","0","conventional","HarrisburgScranton"
"45","264904.19","39983.9","2016-02-14 00:00:00","1.09","155336.11","224.2","69359.98","67077.95","2282.03","0","conventional","HarrisburgScranton"
"51","252693.38","36241.25","2016-01-03 00:00:00","1.09","157969.24","315.45","58167.44","57475.61","691.83","0","conventional","HarrisburgScranton"
"51","148599.47","103296.4","2016-01-03 00:00:00","1.09","8714.57","487.53","36100.97","20713.33","15387.64","0","conventional","Jacksonville"
"27","98289.94","2648.74","2016-06-19 00:00:00","1.09","54424.22","5024.82","36192.16","13083.05","19034.42","4074.69","conventional","Louisville"
"29","99179.74","2153.72","2016-06-05 00:00:00","1.09","56150.97","9893.38","30981.67","15423.24","12558.7","2999.73","conventional","Louisville"
"30","3349139.43","708286.6","2016-05-29 00:00:00","1.09","1603134.92","199248.47","838469.44","736868.61","87305.62","14295.21","conventional","Midsouth"
"17","172757.72","104278.59","2016-08-28 00:00:00","1.09","12600.77","347.34","55531.02","52255.66","3275.36","0","conventional","Nashville"
"18","184733.93","102330.82","2016-08-21 00:00:00","1.09","15916.71","193.95","66292.45","62586.96","3705.49","0","conventional","Nashville"
"23","284925.7","141466.9","2016-07-17 00:00:00","1.09","40877.52","271.3","102309.98","86821.17","13213.81","2275","conventional","NewOrleansMobile"
"37","987897.9","19209.79","2016-04-10 00:00:00","1.09","588026.18","2136.66","378525.27","337797.27","38411.25","2316.75","conventional","NewYork"
"40","1743194.56","23278.85","2016-03-20 00:00:00","1.09","1269404.72","1917.48","448593.51","407712.49","40881.02","0","conventional","NewYork"
"45","1806980.64","23786.18","2016-02-14 00:00:00","1.09","1388157.42","1219.98","393817.06","326948.56","66868.5","0","conventional","NewYork"
"37","3756625.12","113797.04","2016-04-10 00:00:00","1.09","2340135.2","164663.65","1138029.23","1070178.97","64699.95","3150.31","conventional","Northeast"
"49","4891516.5","102211.78","2016-01-17 00:00:00","1.09","3491028.64","77510.23","1220765.85","1153104.63","67661.22","0","conventional","Northeast"
"40","291755.18","136450.8","2016-03-20 00:00:00","1.09","56331.07","89.23","98884.08","39885.63","58998.45","0","conventional","Orlando"
"0","1449394.65","581226.62","2016-12-25 00:00:00","1.09","446633.64","4267.77","417266.62","384954.53","30652.88","1659.21","conventional","Plains"
"3","1676509.02","946350.29","2016-12-04 00:00:00","1.09","349760.6","3190.05","377208.08","325851.34","43201.73","8155.01","conventional","Plains"
"24","2028847.18","691422.45","2016-07-10 00:00:00","1.09","634634.29","16160.39","686630.05","614584.95","22163.03","49882.07","conventional","Plains"
"28","298517.24","61649.07","2016-06-12 00:00:00","1.09","111257.49","47593.7","78016.98","75397.66","408.21","2211.11","conventional","RaleighGreensboro"
"37","274246.43","62706.78","2016-04-10 00:00:00","1.09","112390.31","16301.47","82847.87","81149.04","1688.94","9.89","conventional","RaleighGreensboro"
"44","419479.7","124241.28","2016-02-21 00:00:00","1.09","219980.44","17229.28","58028.7","58022.88","5.82","0","conventional","Sacramento"
"12","534801.53","209855.65","2016-10-02 00:00:00","1.09","131355.15","17065.91","176524.82","159927.44","15812.38","785","conventional","SanDiego"
"1","459322.74","67730.61","2016-12-18 00:00:00","1.09","132123.37","254.31","259214.45","258720.25","215.6","278.6","conventional","Seattle"
"3","304040.1","122448.61","2016-12-04 00:00:00","1.09","64899.79","3039.45","113652.25","56900.14","56728.78","23.33","conventional","SouthCarolina"
"9","4477594.56","2043310.73","2016-10-23 00:00:00","1.09","1016610.9","20588.09","1397084.84","1228547.91","140925.06","27611.87","conventional","SouthCentral"
"19","4230674.67","2241425","2016-08-14 00:00:00","1.09","738177.11","15287.26","1235785.3","745879.1","467642.03","22264.17","conventional","Southeast"
"26","3619364.21","1630877.04","2016-06-26 00:00:00","1.09","777463.11","26639.39","1184384.67","850211.6","280635.29","53537.78","conventional","Southeast"
"49","2913810.18","1721272.85","2016-01-17 00:00:00","1.09","425617.01","16861.86","750058.46","507151.29","242855.86","51.31","conventional","Southeast"
"13","86853.6","17514.92","2016-09-25 00:00:00","1.09","19838.82","124.82","49375.04","39036.9","10338.14","0","conventional","Spokane"
"18","87249.43","27169.12","2016-08-21 00:00:00","1.09","14030.13","2000.73","44049.45","44033.76","8.51","7.18","conventional","Spokane"
"25","97365.48","29447.29","2016-07-03 00:00:00","1.09","19298.27","3407.45","45212.47","44836.14","349.79","26.54","conventional","Spokane"
"17","33993931.31","12561055.5","2016-08-28 00:00:00","1.09","10420973","563738.54","10448164.27","8503870.88","1785021.92","159271.47","conventional","TotalUS"
"4","4187550.98","1525325.69","2016-11-27 00:00:00","1.09","938768.71","86789.7","1636666.88","1068035.07","565542.44","3089.37","conventional","West"
"47","1170444.52","174325.38","2017-02-05 00:00:00","1.09","770463.22","29352.66","196303.26","187362.83","6286.24","2654.19","conventional","BaltimoreWashington"
"34","121483.27","60550.46","2017-05-07 00:00:00","1.09","3285.18","9701.89","47945.74","45880.43","2055.34","9.97","conventional","Boise"
"51","730358.49","7543.51","2017-01-08 00:00:00","1.09","605624.94","9300.68","107889.36","107796.03","93.33","0","conventional","Boston"
"4","5544556","2333912","2017-12-03 00:00:00","1.09","1660573","100234","1449838","1365781","30856","53201","conventional","California"
"25","255253.55","3260.92","2017-07-09 00:00:00","1.09","95015.46","1259.09","155718.08","38542.84","116563.71","611.53","conventional","CincinnatiDayton"
"28","281486.15","4452.82","2017-06-18 00:00:00","1.09","110401.61","2143.52","164488.2","33465.46","130291.88","730.86","conventional","CincinnatiDayton"
"0","202635.01","2522.84","2017-12-31 00:00:00","1.09","103361.16","58453.24","38297.77","17391.94","4053.28","16852.55","conventional","GrandRapids"
"26","194572.17","8629.27","2017-07-02 00:00:00","1.09","78472.44","1678.38","105792.08","54877.91","47715.79","3198.38","conventional","Indianapolis"
"32","185608.56","13080.23","2017-05-21 00:00:00","1.09","71966.19","1202.57","99359.57","44714.52","54004.53","640.52","conventional","Indianapolis"
"9","2850377.2","1085428.83","2017-10-29 00:00:00","1.09","843048.34","81784.71","840115.32","794198.46","16098.25","29818.61","conventional","LosAngeles"
"37","230566.12","111412.23","2017-04-16 00:00:00","1.09","9801.87","135.7","109216.32","102366.17","5170.15","1680","conventional","Nashville"
"49","1812652.88","790172.66","2017-01-22 00:00:00","1.09","503597.38","5427.07","513455.77","463066.89","48648.26","1740.62","conventional","Plains"
"1","137679.86","32538.88","2017-12-24 00:00:00","1.09","35304.59","79.43","69756.96","58617.25","11139.71","0","conventional","Roanoke"
"6","112603","31004","2017-11-19 00:00:00","1.09","31095","158","50346","46213","4130","3","conventional","Roanoke"
"33","760302.75","161654.66","2017-05-14 00:00:00","1.09","182174.19","646.27","415827.63","411542.11","4195.83","89.69","conventional","Seattle"
"37","682386.6","131986.76","2017-04-16 00:00:00","1.09","151806.57","404.18","398189.09","397484.51","217.5","487.08","conventional","Seattle"
"44","3780081.91","2009302.02","2017-02-26 00:00:00","1.09","536981.39","6635.9","1227162.6","876737.08","337642.19","12783.33","conventional","Southeast"
"37","101877.38","22310.41","2017-04-16 00:00:00","1.09","24057.81","131.98","55377.18","55362.83","6.28","8.07","conventional","Spokane"
"40","93209.14","20638.9","2017-03-26 00:00:00","1.09","24121.86","21.01","48427.37","48412.48","9.53","5.36","conventional","Spokane"
"45","144525.33","76057.35","2017-02-19 00:00:00","1.09","8727.38","161.48","59579.12","52365.6","7213.52","0","conventional","StLouis"
"4","33824253","11746980","2017-12-03 00:00:00","1.09","10905968","583801","10587491","7730801","2748622","108068","conventional","TotalUS"
"34","47293921.6","17076650.82","2017-05-07 00:00:00","1.09","13549102.59","863471.88","15804696.31","11228049.63","4324231.19","252415.49","conventional","TotalUS"
"4","113183.43","42116.22","2018-02-25 00:00:00","1.09","7518.83","11798.39","51749.99","17586.21","33806.52","357.26","conventional","Boise"
"1","428600.2","82792.93","2018-03-18 00:00:00","1.09","43727.67","29920.79","272158.81","220038.13","37118.17","15002.51","conventional","Detroit"
"6","321368.64","77585.95","2018-02-11 00:00:00","1.09","165153.24","116.39","78513.06","72248.7","4766.58","1497.78","conventional","HarrisburgScranton"
"3","207466.39","52161.49","2018-03-04 00:00:00","1.09","35083.44","5581.83","114639.63","99830.1","11245.17","3564.36","conventional","Indianapolis"
"10","189671.57","35632","2018-01-14 00:00:00","1.09","58767.29","184.49","95087.79","62260.15","32827.64","0","conventional","Roanoke"
"2","40449603.12","14089091.05","2018-03-11 00:00:00","1.09","10758039.45","707578.82","14894893.8","11392828.89","3229556.62","272508.29","conventional","TotalUS"
"8","40171640.84","14551799.5","2018-01-28 00:00:00","1.09","12119884.61","575974.74","12923981.99","9749412.19","3041125.42","133444.38","conventional","TotalUS"
"42","70858.71","34792.41","2015-03-08 00:00:00","1.09","26156.12","45.91","9864.27","2923.33","6940.94","0","organic","Denver"
"33","16805.16","573.64","2015-05-10 00:00:00","1.09","6949.68","0","9281.84","716.67","8565.17","0","organic","Detroit"
"43","20407.13","18706.98","2015-03-01 00:00:00","1.09","795.47","0","904.68","904.68","0","0","organic","SanDiego"
"43","49820.01","34980.14","2015-03-01 00:00:00","1.09","14818.37","0","21.5","21.5","0","0","organic","SanFrancisco"
"20","22772.04","470","2016-08-07 00:00:00","1.09","7721.78","0","14580.26","666.17","13914.09","0","organic","CincinnatiDayton"
"28","21266.49","545.86","2016-06-12 00:00:00","1.09","10293.17","0","10427.46","691.21","9736.25","0","organic","CincinnatiDayton"
"34","21668.3","7176.13","2016-05-01 00:00:00","1.09","965.49","0","13526.68","11158.19","2368.49","0","organic","DallasFtWorth"
"2","6248.59","112.62","2016-12-11 00:00:00","1.09","1368.33","0","4767.64","881.26","3886.38","0","organic","Indianapolis"
"41","117245.31","11588.48","2016-03-13 00:00:00","1.09","37583.32","0","68073.51","59198.13","8875.38","0","organic","LosAngeles"
"45","89422.16","7138.11","2016-02-14 00:00:00","1.09","29178.56","90.94","53014.55","45117.48","7897.07","0","organic","LosAngeles"
"10","144647.08","53252.15","2016-10-16 00:00:00","1.09","4007.89","0","87387.04","68709.98","18677.06","0","organic","SouthCentral"
"11","150647.8","54851.54","2016-10-09 00:00:00","1.09","4379.24","0","91417.02","66104.4","25312.62","0","organic","SouthCentral"
"50","255091.59","26496.6","2016-01-10 00:00:00","1.09","71724.89","119.85","156750.25","21108.02","135642.23","0","organic","West"
"34","52358.11","5422.01","2016-05-01 00:00:00","1.09","17237.12","21948.79","7750.19","5167.45","2582.74","0","organic","WestTexNewMexico"
"44","25937.71","2174.39","2017-02-26 00:00:00","1.09","9684.7","0","14078.62","13934.92","143.7","0","organic","LasVegas"
"48","99597.27","16192.49","2017-01-29 00:00:00","1.09","29310.8","1.56","54092.42","42914.14","11178.28","0","organic","LosAngeles"
"47","3239.7","52.94","2017-02-05 00:00:00","1.09","789.96","0","2396.8","53.16","2343.64","0","organic","Spokane"
"51","267702.99","29794.9","2017-01-08 00:00:00","1.09","45439.29","125.69","192343.11","41364.31","150978.8","0","organic","West"
"3","78992.15","1132","2015-12-06 00:00:00","1.08","71976.41","72.58","5811.16","5677.4","133.76","0","conventional","Albany"
"1","331377.53","251774.15","2015-12-20 00:00:00","1.08","20702.45","103.06","58797.87","46930.26","11867.61","0","conventional","Atlanta"
"22","437377.75","335372.02","2015-07-26 00:00:00","1.08","44087.07","708","57210.66","45114.22","12096.44","0","conventional","Atlanta"
"51","788025.06","53987.31","2015-01-04 00:00:00","1.08","552906.04","39995.03","141136.68","137146.07","3990.61","0","conventional","BaltimoreWashington"
"15","64208.84","45738.83","2015-09-13 00:00:00","1.08","4393.9","6593.46","7482.65","7482.65","0","0","conventional","Boise"
"49","62870.49","50354.95","2015-01-18 00:00:00","1.08","6342.37","2257.23","3915.94","1119.18","2796.76","0","conventional","Boise"
"28","684346.48","5104.19","2015-06-14 00:00:00","1.08","521254.77","6545.42","151442.1","151258.77","183.33","0","conventional","Boston"
"11","5063309.38","1757211.58","2015-10-11 00:00:00","1.08","2530023.18","221032.74","555041.88","533478.03","18373.18","3190.67","conventional","California"
"17","5647385.15","3104607.82","2015-08-30 00:00:00","1.08","1660274.32","233027.36","649475.65","640600.64","5989.25","2885.76","conventional","California"
"32","5289138.5","2923673.93","2015-05-17 00:00:00","1.08","1649623.66","168597.35","547243.56","525804.7","18497.03","2941.83","conventional","California"
"44","201741.43","44679.57","2015-02-22 00:00:00","1.08","48498.63","61590.31","46972.92","44919.71","2053.21","0","conventional","Charlotte"
"11","708914.17","16455.46","2015-10-11 00:00:00","1.08","503813.92","119996.31","68648.48","65144.93","528.99","2974.56","conventional","Chicago"
"13","202012.62","2220.62","2015-09-27 00:00:00","1.08","138937.95","11725.37","49128.68","12344.28","34341.61","2442.79","conventional","CincinnatiDayton"
"20","214374.41","2357.57","2015-08-09 00:00:00","1.08","144957.92","10921.95","56136.97","19933.89","34194.18","2008.9","conventional","CincinnatiDayton"
"34","238140.96","11468.92","2015-05-03 00:00:00","1.08","162213.47","7282.09","57176.48","18315.96","37361.33","1499.19","conventional","CincinnatiDayton"
"18","130920.97","64597.94","2015-08-23 00:00:00","1.08","29728.3","15723.09","20871.64","14961.58","5010.51","899.55","conventional","Columbus"
"48","116995.68","53201.66","2015-01-25 00:00:00","1.08","32775.08","7822.59","23196.35","21117.47","2057.45","21.43","conventional","Columbus"
"33","735145.02","148762.57","2015-05-10 00:00:00","1.08","454026.16","16724.31","115631.98","49343.56","66285.96","2.46","conventional","Denver"
"36","797021.22","129744.18","2015-04-19 00:00:00","1.08","544167.43","6231.67","116877.94","44279.02","72598.92","0","conventional","Denver"
"0","255499.7","83097.26","2015-12-27 00:00:00","1.08","50545.78","59789.18","62067.48","48936.21","762.35","12368.92","conventional","Detroit"
"50","332165.05","108378.69","2015-01-11 00:00:00","1.08","90104.73","76985","56696.63","48639.13","620.82","7436.68","conventional","Detroit"
"20","186733.16","4807.41","2015-08-09 00:00:00","1.08","120579.39","8389.85","52956.51","49559.83","3294.27","102.41","conventional","GrandRapids"
"42","146835.6","1783.51","2015-03-08 00:00:00","1.08","68592.44","3903.17","72556.48","69329.04","3169.54","57.9","conventional","GrandRapids"
"27","3720458.83","487936.68","2015-06-21 00:00:00","1.08","1958437.1","493928.69","780156.36","611156.81","132172.82","36826.73","conventional","GreatLakes"
"49","3006207.02","401683.43","2015-01-18 00:00:00","1.08","1650327.26","257105.89","697090.44","600155.95","93434.54","3499.95","conventional","GreatLakes"
"40","219149.75","28701.47","2015-03-22 00:00:00","1.08","129731.5","481.59","60235.19","57777.32","2457.87","0","conventional","HarrisburgScranton"
"4","108444.41","3079.44","2015-11-29 00:00:00","1.08","65254.08","10854.59","29256.3","17455.74","9975.21","1825.35","conventional","Indianapolis"
"6","124218.61","3478.99","2015-11-15 00:00:00","1.08","71346.37","12795.08","36598.17","22294.87","11753.19","2550.11","conventional","Indianapolis"
"36","179103.3","12091.85","2015-04-19 00:00:00","1.08","106308.89","10136.69","50565.87","35778.37","13533.9","1253.6","conventional","Indianapolis"
"20","83592.89","3152.23","2015-08-09 00:00:00","1.08","52753.42","4025.84","23661.4","12114.64","10835.71","711.05","conventional","Louisville"
"23","77503.36","5812.67","2015-07-19 00:00:00","1.08","44739.72","4934.99","22015.98","13721.17","7346.56","948.25","conventional","Louisville"
"38","75626.3","1833.31","2015-04-05 00:00:00","1.08","49893.14","565.69","23334.16","15903.95","7424.19","6.02","conventional","Louisville"
"8","2511760.36","549089.55","2015-11-01 00:00:00","1.08","1188242.89","260946.16","513481.76","429082.15","81904.3","2495.31","conventional","Midsouth"
"16","3013825.75","564493.74","2015-09-06 00:00:00","1.08","1458691.19","314497.84","676142.98","598816.21","75569.59","1757.18","conventional","Midsouth"
"21","151807.11","87160.08","2015-08-02 00:00:00","1.08","19863.22","9366.36","35417.45","30724.37","4552.23","140.85","conventional","Nashville"
"35","166556.79","117295.03","2015-04-26 00:00:00","1.08","8599.82","15685.44","24976.5","21480.56","3495.94","0","conventional","Nashville"
"41","131053.65","86390.93","2015-03-15 00:00:00","1.08","6821.52","11458.43","26382.77","21886.31","3381.7","1114.76","conventional","Nashville"
"42","149239.4","104187.91","2015-03-08 00:00:00","1.08","7723.68","10813.59","26514.22","22958.63","3555.59","0","conventional","Nashville"
"49","143464.64","97216.47","2015-01-18 00:00:00","1.08","8423.57","12187.72","25636.88","23520.54","2116.34","0","conventional","Nashville"
"43","224752.17","138924.43","2015-03-01 00:00:00","1.08","16229.64","384.82","69213.28","62740.63","6472.65","0","conventional","NewOrleansMobile"
"5","274209.2","2770.62","2015-11-22 00:00:00","1.08","230517.24","140.77","40780.57","40777.1","3.47","0","conventional","NorthernNewEngland"
"9","313881.26","2599.46","2015-10-25 00:00:00","1.08","268057.07","158.24","43066.49","42475.38","591.11","0","conventional","NorthernNewEngland"
"3","1245289.61","579077.46","2015-12-06 00:00:00","1.08","394656.96","13005.11","258550.08","243961.62","13539.44","1049.02","conventional","Plains"
"19","1727851.85","911935.06","2015-08-16 00:00:00","1.08","508403.31","14777.59","292735.89","277836.31","13619.13","1280.45","conventional","Plains"
"26","1826182.48","954738.73","2015-06-28 00:00:00","1.08","480810.73","18637.71","371995.31","358087.94","12451.24","1456.13","conventional","Plains"
"27","1921720.44","1049002.63","2015-06-21 00:00:00","1.08","474166.48","22901.69","375649.64","358605.35","15767.87","1276.42","conventional","Plains"
"39","1657404.68","912075.07","2015-03-29 00:00:00","1.08","441015.24","10085.33","294229.04","286268.48","6846.07","1114.49","conventional","Plains"
"44","1547969.24","818736.11","2015-02-22 00:00:00","1.08","430679.66","20287.44","278266.03","276280.33","860.21","1125.49","conventional","Plains"
"48","1510836.96","841332.54","2015-01-25 00:00:00","1.08","454162.3","14022.68","201319.44","198193.38","1929.49","1196.57","conventional","Plains"
"18","545296.58","153011.47","2015-08-23 00:00:00","1.08","274926.31","15312.9","102045.9","101670.76","332.04","43.1","conventional","Portland"
"27","579558","170388.26","2015-06-21 00:00:00","1.08","284787.85","32660.15","91721.74","89830.23","14.83","1876.68","conventional","Portland"
"28","622880.59","180452.62","2015-06-14 00:00:00","1.08","323409.94","18608.64","100409.39","99951.29","393.39","64.71","conventional","Portland"
"46","447701.68","161940.61","2015-02-08 00:00:00","1.08","232248.98","13386.63","40125.46","38999.96","1125.5","0","conventional","Portland"
"32","135281.35","55106.27","2015-05-17 00:00:00","1.08","46302.99","68.28","33803.81","32381.59","1422.22","0","conventional","Roanoke"
"36","144665.27","68391.59","2015-04-19 00:00:00","1.08","44913.65","146.75","31213.28","30623.78","589.5","0","conventional","Roanoke"
"9","408336.19","172518.85","2015-10-25 00:00:00","1.08","165522.86","18702.56","51591.92","48469.97","3117.85","4.1","conventional","SanDiego"
"15","464305.03","191302.75","2015-09-13 00:00:00","1.08","199953.93","21645.98","51402.37","46655.35","4747.02","0","conventional","SanDiego"
"31","477415.68","273672.82","2015-05-24 00:00:00","1.08","155813.57","13519.38","34409.91","29727.22","4682.69","0","conventional","SanDiego"
"39","450370.85","234361.38","2015-03-29 00:00:00","1.08","155583.39","14998.04","45428.04","25798.74","19629.3","0","conventional","SanDiego"
"10","484106.11","147440.78","2015-10-18 00:00:00","1.08","185069.58","10284.15","141311.6","141266.83","0","44.77","conventional","Seattle"
"33","638696.86","263440.86","2015-05-10 00:00:00","1.08","242012.13","9484.24","123759.63","111289.42","12415.67","54.54","conventional","Seattle"
"46","488980.65","153475.96","2015-02-08 00:00:00","1.08","257164.75","10978.6","67361.34","65239.69","2117.07","4.58","conventional","Seattle"
"7","221080.11","118352.11","2015-11-08 00:00:00","1.08","47266.75","15742.56","39718.69","34385.71","5325.2","7.78","conventional","SouthCarolina"
"13","253422.99","111054.81","2015-09-27 00:00:00","1.08","72273.16","18765.64","51329.38","42223.65","9105.73","0","conventional","SouthCarolina"
"36","322940.72","185939.51","2015-04-19 00:00:00","1.08","43227.61","15722.07","78051.53","72168.56","5882.97","0","conventional","SouthCarolina"
"38","3140456.17","2257669.21","2015-04-05 00:00:00","1.08","252737.98","26137.34","603911.64","387483.75","215544.56","883.33","conventional","Southeast"
"7","63821.22","19315.13","2015-11-08 00:00:00","1.08","26207.73","2182.03","16116.33","16116.33","0","0","conventional","Spokane"
"9","66852.57","16618.08","2015-10-25 00:00:00","1.08","33389.28","2073.74","14771.47","14720.74","50.73","0","conventional","Spokane"
"16","67101.52","32235.74","2015-09-06 00:00:00","1.08","18153.73","3891.68","12820.37","12820.37","0","0","conventional","Spokane"
"18","84333.73","34441.25","2015-08-23 00:00:00","1.08","35454.67","2497.82","11939.99","11869.39","70.6","0","conventional","Spokane"
"30","82469.7","42027.99","2015-05-31 00:00:00","1.08","24334.27","3310.34","12797.1","12797.1","0","0","conventional","Spokane"
"35","80443.94","41208.97","2015-04-26 00:00:00","1.08","24094.05","2597.12","12543.8","12543.8","0","0","conventional","Spokane"
"18","29699845.61","11283021.31","2015-08-23 00:00:00","1.08","12551529.7","909284.22","4956010.38","4318010.6","612362.43","25637.35","conventional","TotalUS"
"30","673496.13","7708.04","2016-05-29 00:00:00","1.08","461424.99","72848.75","131514.35","129466.02","142.22","1906.11","conventional","Boston"
"36","617179.71","3871.79","2016-04-17 00:00:00","1.08","438210.92","43926.9","131170.1","131035.57","109.53","25","conventional","Boston"
"39","639420.34","4253.9","2016-03-27 00:00:00","1.08","463187.03","51477.79","120501.62","120388.84","112.78","0","conventional","Boston"
"43","652943","6632.53","2016-02-28 00:00:00","1.08","506048.61","36934.25","103327.61","102683.47","644.14","0","conventional","Boston"
"16","6681646.14","2501655.4","2016-09-04 00:00:00","1.08","2179345.27","107653.45","1892992.02","1819641.81","47476.91","25873.3","conventional","California"
"24","6721690.88","2399360.67","2016-07-10 00:00:00","1.08","2117397.07","292540.95","1912392.19","1771309.82","107540.46","33541.91","conventional","California"
"35","879308.05","34134.42","2016-04-24 00:00:00","1.08","592370.7","151281.44","101521.49","96823.55","4684.93","13.01","conventional","Chicago"
"36","913421.8","47878.48","2016-04-17 00:00:00","1.08","619840.15","137009.63","108693.54","101842.17","4806.9","2044.47","conventional","Chicago"
"50","844277.25","44289.03","2016-01-10 00:00:00","1.08","534404.57","143202.95","122380.7","82670.76","39333.27","376.67","conventional","Chicago"
"7","239233.63","2895.96","2016-11-06 00:00:00","1.08","91902.63","1003.69","143431.35","16151.12","127193.62","86.61","conventional","CincinnatiDayton"
"6","894000.36","480163.12","2016-11-13 00:00:00","1.08","199890.31","3946.67","210000.26","209726.5","160.63","113.13","conventional","DallasFtWorth"
"9","993986.41","420151.75","2016-10-23 00:00:00","1.08","240421.45","3183.27","330229.94","323804.52","4850.5","1574.92","conventional","DallasFtWorth"
"11","758236.76","149621.92","2016-10-09 00:00:00","1.08","240858.41","13026.15","354730.28","85264.87","269465.41","0","conventional","Denver"
"16","326335.52","119899.31","2016-09-04 00:00:00","1.08","56047.32","11880.35","138508.54","138186.39","287.05","35.1","conventional","Detroit"
"19","367007.17","127204.13","2016-08-14 00:00:00","1.08","53136.76","15900.17","170766.11","168988.87","1081.03","696.21","conventional","Detroit"
"32","270638.76","34543.04","2016-05-15 00:00:00","1.08","159858.65","227.18","76009.89","73289.96","2719.93","0","conventional","HarrisburgScranton"
"40","269456.81","35428.08","2016-03-20 00:00:00","1.08","159452.29","270.23","74306.21","72833.96","1472.25","0","conventional","HarrisburgScranton"
"23","195710.39","15914.63","2016-07-17 00:00:00","1.08","93315.97","9427.32","77052.47","39495.08","32642.41","4914.98","conventional","Indianapolis"
"10","315743.92","88625.1","2016-10-16 00:00:00","1.08","51473.72","5356.91","170288.19","74347.08","95941.11","0","conventional","LasVegas"
"19","295535.64","129727.7","2016-08-14 00:00:00","1.08","53954.55","6997.8","104855.59","63416.1","41439.49","0","conventional","LasVegas"
"23","283074","118910.27","2016-07-17 00:00:00","1.08","52023.77","7495.98","104643.98","71629.96","31540.69","1473.33","conventional","LasVegas"
"48","158978.46","9727.38","2016-01-24 00:00:00","1.08","81835.15","6141.39","61274.54","44326.23","16948.31","0","conventional","LasVegas"
"31","3154318.39","658991.13","2016-05-22 00:00:00","1.08","1530509.31","95835.45","868982.5","772949.59","78541.95","17490.96","conventional","Midsouth"
"39","2911903.46","558314.44","2016-03-27 00:00:00","1.08","1535010.34","90880.43","727698.25","630763.15","94069.91","2865.19","conventional","Midsouth"
"1","183103.22","83700.37","2016-12-18 00:00:00","1.08","21081.99","430","77890.86","51001.13","17159.73","9730","conventional","NewOrleansMobile"
"30","1827100.26","19729.58","2016-05-29 00:00:00","1.08","1354634.86","24551.86","428183.96","357118.51","70667.12","398.33","conventional","NewYork"
"36","1030786.84","16212.12","2016-04-17 00:00:00","1.08","582843.38","4694.24","427037.1","350600.31","74702.17","1734.62","conventional","NewYork"
"45","4959257.88","121413.01","2016-02-14 00:00:00","1.08","3553331.27","129490.05","1155023.55","1047179.93","107841.88","1.74","conventional","Northeast"
"17","573338.65","211564.36","2016-08-28 00:00:00","1.08","287750.3","4901.82","69122.17","67069.76","22.41","2030","conventional","NorthernNewEngland"
"42","405931.49","4140.63","2016-03-06 00:00:00","1.08","303581.5","26686.24","71523.12","71471.61","51.51","0","conventional","NorthernNewEngland"
"49","447078.92","3556.39","2016-01-17 00:00:00","1.08","328749.75","22335.05","92437.73","92437.73","0","0","conventional","NorthernNewEngland"
"42","291732.26","142948.4","2016-03-06 00:00:00","1.08","51358.16","39.29","97386.41","46058.69","51327.72","0","conventional","Orlando"
"2","1468901.87","724148.87","2016-12-11 00:00:00","1.08","330240.87","3599.85","410912.28","382366.52","24588.8","3956.96","conventional","Plains"
"50","1670524.63","750885.43","2016-01-10 00:00:00","1.08","510181.5","36259.27","373198.43","310260.35","59405.46","3532.62","conventional","Plains"
"11","598035.57","107796.99","2016-10-09 00:00:00","1.08","124430.54","15502.77","350305.27","284345.95","65755.98","203.34","conventional","Portland"
"41","303779.53","65417.48","2016-03-13 00:00:00","1.08","142777.21","20693.96","74890.88","73420.12","1470.76","0","conventional","RaleighGreensboro"
"42","298087.71","66431.92","2016-03-06 00:00:00","1.08","140242.5","22198.37","69214.92","68588.92","626","0","conventional","RaleighGreensboro"
"43","281060.42","59637.15","2016-02-28 00:00:00","1.08","136706.15","19136.17","65580.95","63934.42","1646.53","0","conventional","RaleighGreensboro"
"50","434238.52","122362.72","2016-01-10 00:00:00","1.08","229930.15","15444.14","66501.51","66489.91","11.6","0","conventional","Sacramento"
"4","392291.47","160595.93","2016-11-27 00:00:00","1.08","108871.8","12510.47","110313.27","98751.41","10626.32","935.54","conventional","SanDiego"
"15","498555.72","164685.23","2016-09-11 00:00:00","1.08","144231.63","12611.44","177027.42","161784.53","15187.89","55","conventional","SanDiego"
"17","592604.21","114777.38","2016-08-28 00:00:00","1.08","174074.05","2493.89","301258.89","300809.11","141.03","308.75","conventional","Seattle"
"15","341887.56","156750.7","2016-09-11 00:00:00","1.08","59265.51","6695.14","119176.21","94007.45","25095.15","73.61","conventional","SouthCarolina"
"18","381549.32","193878","2016-08-21 00:00:00","1.08","58093.31","8868.16","120709.85","104376.41","16333.44","0","conventional","SouthCarolina"
"24","389300.41","168421","2016-07-10 00:00:00","1.08","87043.24","21153.33","112682.84","89946.17","22731.67","5","conventional","SouthCarolina"
"15","3431698.41","1673305.36","2016-09-11 00:00:00","1.08","497550.12","10177.7","1250665.23","791919.62","455458.67","3286.94","conventional","Southeast"
"22","82617.47","24997.25","2016-07-24 00:00:00","1.08","15528.98","210.5","41880.74","41880.74","0","0","conventional","Spokane"
"39","342762.43","159310.12","2016-03-27 00:00:00","1.08","70270.88","67.71","113113.72","58016.76","55096.96","0","conventional","Tampa"
"42","331997.49","149559.05","2016-03-06 00:00:00","1.08","67539.98","20.59","114877.87","62840.15","52037.72","0","conventional","Tampa"
"15","34126730.95","12962762.94","2016-09-11 00:00:00","1.08","10380438.09","512160.27","10271369.65","8199580.75","2016484.84","55304.06","conventional","TotalUS"
"13","5338132.99","1763859.71","2016-09-25 00:00:00","1.08","1029363.3","107712.68","2437197.3","1445592.77","987092.17","4512.36","conventional","West"
"22","5556043.02","1812625.23","2016-07-24 00:00:00","1.08","1301287.98","96068.39","2346061.42","1664867.92","664224.62","16968.88","conventional","West"
"8","567572.7","275749.63","2017-11-05 00:00:00","1.08","32494.72","1124.72","258203.63","189677.82","66802.08","1723.73","conventional","Atlanta"
"30","710038.58","361265.98","2017-06-04 00:00:00","1.08","55627.72","130.81","293014.07","174068.36","113270.71","5675","conventional","Atlanta"
"43","511362.62","237307.08","2017-03-05 00:00:00","1.08","52012.07","62.73","221980.74","143650.82","77624.92","705","conventional","Atlanta"
"3","85496.29","53165.53","2017-12-10 00:00:00","1.08","1936.25","4746.44","25648.07","19630.21","5945.47","72.39","conventional","Boise"
"34","7872203.23","2851510.24","2017-05-07 00:00:00","1.08","2470795.47","150595.46","2399302.06","2314634.27","3601.53","81066.26","conventional","California"
"2","369196.72","60128.92","2017-12-17 00:00:00","1.08","98625.18","32609.74","177832.88","149638.4","20548.33","7646.15","conventional","Detroit"
"44","3848715.52","565282.75","2017-02-26 00:00:00","1.08","1692494.9","368973.25","1221964.62","756489.66","369884.9","95590.06","conventional","GreatLakes"
"6","178437","7408","2017-11-19 00:00:00","1.08","76810","613","93605","42396","51103","106","conventional","Indianapolis"
"25","209047.97","8754.14","2017-07-09 00:00:00","1.08","85278.67","1835.09","113180.07","51238.22","59538.32","2403.53","conventional","Indianapolis"
"7","2626121","1225567","2017-11-12 00:00:00","1.08","413517","72562","914474","851550","23684","39240","conventional","LosAngeles"
"31","111487.07","2098.77","2017-05-28 00:00:00","1.08","48808.39","305.78","60274.13","16202.19","44055.13","16.81","conventional","Louisville"
"5","159826","83217","2017-11-26 00:00:00","1.08","6254","183","70172","58959","10358","856","conventional","Nashville"
"50","168143.15","74537.1","2017-01-15 00:00:00","1.08","47948.29","3405.2","42252.56","29876.42","12376.14","0","conventional","Pittsburgh"
"38","713478.54","156932.81","2017-04-09 00:00:00","1.08","145011.71","22074.29","389459.73","385964.86","3215.76","279.11","conventional","Portland"
"2","124002.08","29951.42","2017-12-17 00:00:00","1.08","31312.81","85.19","62652.66","56079.52","6554.89","18.25","conventional","Roanoke"
"8","176421.06","65571.8","2017-11-05 00:00:00","1.08","34149.97","209.3","76489.99","69792.75","6641.68","55.56","conventional","Roanoke"
"44","499261.3","163501.3","2017-02-26 00:00:00","1.08","282428.66","6156.19","47175.15","45582.62","242.71","1349.82","conventional","Sacramento"
"46","423595.21","173371.46","2017-02-12 00:00:00","1.08","188127.57","9247.17","52849.01","51822.69","186.04","840.28","conventional","Sacramento"
"48","513293.45","203929.81","2017-01-29 00:00:00","1.08","247415.04","7505.24","54443.36","52021.69","35.56","2386.11","conventional","Sacramento"
"4","479566","186079","2017-12-03 00:00:00","1.08","147995","13899","131592","124045","4828","2719","conventional","SanDiego"
"33","556946.85","196722.52","2017-05-14 00:00:00","1.08","132664.9","18988.93","208570.5","206313.02","90.47","2167.01","conventional","SanDiego"
"0","4651107.62","2795828.19","2017-12-31 00:00:00","1.08","448136.41","12621.43","1394521.59","807942.12","571443.81","15135.66","conventional","Southeast"
"33","108411.15","23815.87","2017-05-14 00:00:00","1.08","31405.86","68.52","53120.9","53015.54","18.68","86.68","conventional","Spokane"
"18","645080.71","432526.95","2017-08-27 00:00:00","1.08","65673.79","6963.17","139916.8","100976.02","38460.78","480","conventional","WestTexNewMexico"
"3","139520.6","12002.12","2018-03-04 00:00:00","1.08","105069.57","95.62","22353.29","16128.51","5941.45","283.33","conventional","Albany"
"3","594551.6","272245.24","2018-03-04 00:00:00","1.08","37136.05","1763.52","283406.79","178019.66","103016.02","2371.11","conventional","Atlanta"
"8","559460.44","267126.26","2018-01-28 00:00:00","1.08","37573.74","1661.8","253098.64","165156.6","83774.26","4167.78","conventional","Atlanta"
"0","277267.97","70493.35","2018-03-25 00:00:00","1.08","27183.18","9616.52","169974.92","140702.4","20939.89","8332.63","conventional","CincinnatiDayton"
"4","464413.57","72595.4","2018-02-25 00:00:00","1.08","90296.46","53864.5","247657.21","185976.63","32253.35","29427.23","conventional","Detroit"
"9","4824586.17","939693.95","2018-01-21 00:00:00","1.08","1678615.71","599358.14","1606918.37","1091946.07","411120.89","103851.41","conventional","GreatLakes"
"5","2749718.75","1148398.39","2018-02-18 00:00:00","1.08","357520.77","74811.86","1168987.73","1089251.46","33031.23","46705.04","conventional","LosAngeles"
"8","2893717.97","1134192.09","2018-01-28 00:00:00","1.08","707838.42","81296.65","970390.81","911703.94","16595.96","42090.91","conventional","LosAngeles"
"2","117108.97","26859.44","2018-03-11 00:00:00","1.08","26636.99","263.3","63349.24","46121.81","16452.99","774.44","conventional","Louisville"
"4","230229.94","105794.31","2018-02-25 00:00:00","1.08","10432.01","350.86","113652.76","83854.53","27860.65","1937.58","conventional","Nashville"
"8","221273.84","103525.83","2018-01-28 00:00:00","1.08","11727.15","500.49","105520.37","79909.39","24040.98","1570","conventional","Nashville"
"8","314915.09","198062.3","2018-01-28 00:00:00","1.08","21726.15","2409.57","92717.07","81430.82","10352.92","933.33","conventional","NewOrleansMobile"
"2","765746.37","50349.63","2018-03-11 00:00:00","1.08","662866.85","1245.98","51283.91","27070.31","23244.71","968.89","conventional","NorthernNewEngland"
"0","2298609.62","870297.25","2018-03-25 00:00:00","1.08","765738.57","8214.57","654359.23","603569.13","50091.31","698.79","conventional","Plains"
"5","36709887.49","13262751.42","2018-02-18 00:00:00","1.08","10491918.44","552969.73","12402247.9","9023351.68","3151157.42","227738.8","conventional","TotalUS"
"9","42939821.55","14218843.83","2018-01-21 00:00:00","1.08","13929702.12","928815.12","13862460.48","9866218.28","3789722.9","206519.3","conventional","TotalUS"
"11","6358768.95","2061960.91","2018-01-07 00:00:00","1.08","1706532.52","108441.55","2481833.97","1175889.89","1291212.75","14731.33","conventional","West"
"33","4169.57","110.38","2015-05-10 00:00:00","1.08","845.07","0","3214.12","820","2394.12","0","organic","Indianapolis"
"50","60232.63","52087.31","2015-01-11 00:00:00","1.08","2063.44","0","6081.88","6081.88","0","0","organic","LosAngeles"
"17","4600.76","206.75","2015-08-30 00:00:00","1.08","136.02","0","4257.99","4257.99","0","0","organic","NewOrleansMobile"
"29","13703.15","145.56","2015-06-07 00:00:00","1.08","6329.81","0","7227.78","1443.33","5784.45","0","organic","Roanoke"
"38","2909.88","15.51","2016-04-03 00:00:00","1.08","772.7","0","2121.67","225.84","1895.83","0","organic","Boise"
"30","65325.69","186.15","2016-05-29 00:00:00","1.08","64298.18","0","841.36","841.36","0","0","organic","Chicago"
"28","31272.25","11728.55","2016-06-12 00:00:00","1.08","671.78","0","18871.92","18194.67","677.25","0","organic","DallasFtWorth"
"46","35694.81","4205.46","2016-02-07 00:00:00","1.08","3815.33","32.99","27641.03","4198.37","23442.66","0","organic","Denver"
"6","22242.88","623.31","2016-11-13 00:00:00","1.08","7197.29","0","14422.28","1054.34","13367.94","0","organic","Detroit"
"13","21564.13","786.55","2016-09-25 00:00:00","1.08","6839.89","0","13937.69","518.66","13419.03","0","organic","Detroit"
"38","117966.34","11577.05","2016-04-03 00:00:00","1.08","45515.68","0","60873.61","53603.7","7269.91","0","organic","LosAngeles"
"50","80027.43","11524.93","2016-01-10 00:00:00","1.08","17132.02","0","51370.48","41151.84","10218.64","0","organic","LosAngeles"
"11","4017.83","0","2016-10-09 00:00:00","1.08","1676","0","2341.83","273.33","2068.5","0","organic","Louisville"
"41","3691.76","0","2016-03-13 00:00:00","1.08","1890.63","0","1801.13","200","1601.13","0","organic","Louisville"
"29","13135.08","740.89","2016-06-05 00:00:00","1.08","4637.83","0","7756.36","2111.61","5644.75","0","organic","Nashville"
"15","12126.14","100.69","2016-09-11 00:00:00","1.08","3898.72","0","8126.73","1658.8","6467.93","0","organic","Roanoke"
"1","46216.41","373.65","2016-12-18 00:00:00","1.08","10784.3","1.31","35057.15","443.67","34613.48","0","organic","Seattle"
"16","169684.45","43288.51","2016-09-04 00:00:00","1.08","5218.47","0","121177.47","115963.68","5213.79","0","organic","SouthCentral"
"40","4726.65","88.02","2016-03-20 00:00:00","1.08","1757.48","0","2881.15","441.53","2439.62","0","organic","Spokane"
"51","11446.01","3979.05","2016-01-03 00:00:00","1.08","125.64","0","7341.32","1630","5711.32","0","organic","Tampa"
"33","291268.76","49339.11","2016-05-08 00:00:00","1.08","99082.98","5756.76","137089.91","20696.46","116393.45","0","organic","West"
"30","42392.08","6369.58","2017-06-04 00:00:00","1.08","4490.33","0","31532.17","31403.21","128.96","0","organic","DallasFtWorth"
"40","244035.03","4955.2","2017-03-26 00:00:00","1.08","80775.44","0","158304.39","30051.74","128252.65","0","organic","GreatLakes"
"42","206958.43","4366.07","2017-03-12 00:00:00","1.08","65744.45","0","136847.91","26522.69","110325.22","0","organic","GreatLakes"
"46","162213.86","5063.86","2017-02-12 00:00:00","1.08","68691.1","0","88458.9","23146.58","65312.32","0","organic","GreatLakes"
"25","45385.29","9747.26","2017-07-09 00:00:00","1.08","15.97","0","35622.06","35612.06","10","0","organic","Houston"
"48","121203.53","35172.06","2017-01-29 00:00:00","1.08","5405.54","0","80625.93","76958.46","3667.47","0","organic","SouthCentral"
"11","28741.11","22.16","2018-01-07 00:00:00","1.08","6254.59","225.17","22239.19","22132.06","107.13","0","organic","Charlotte"
"9","74338.76","842.4","2015-10-25 00:00:00","1.07","64757.44","113","8625.92","8061.47","564.45","0","conventional","Albany"
"17","105693.84","689.01","2015-08-30 00:00:00","1.07","94362.67","335.43","10306.73","10218.93","87.8","0","conventional","Albany"
"29","122743.06","656.71","2015-06-07 00:00:00","1.07","99220.82","90.32","22775.21","22314.99","460.22","0","conventional","Albany"
"42","40507.36","795.68","2015-03-08 00:00:00","1.07","30370.64","159.05","9181.99","8827.55","354.44","0","conventional","Albany"
"44","45675.05","1088.38","2015-02-22 00:00:00","1.07","35056.13","151","9379.54","9000.16","379.38","0","conventional","Albany"
"3","357636.82","283024.01","2015-12-06 00:00:00","1.07","23740.85","181.92","50690.04","37032.67","13654.66","2.71","conventional","Atlanta"
"13","370321.17","262107.44","2015-09-27 00:00:00","1.07","61870.63","680.8","45662.3","20533.87","25125.65","2.78","conventional","Atlanta"
"15","417232.18","278048.26","2015-09-13 00:00:00","1.07","62485.97","714.93","75983.02","46290.32","29678.76","13.94","conventional","Atlanta"
"21","67763.91","51151.27","2015-08-02 00:00:00","1.07","5140.89","5435.36","6036.39","5987.5","48.89","0","conventional","Boise"
"22","67826.07","50978.38","2015-07-26 00:00:00","1.07","4856.27","5479.57","6511.85","6358.04","153.81","0","conventional","Boise"
"46","69970.75","54229.34","2015-02-08 00:00:00","1.07","9647.24","3047","3047.17","1373.42","1673.75","0","conventional","Boise"
"1","489802.88","4912.37","2015-12-20 00:00:00","1.07","390100.99","5887.72","88901.8","88768.47","133.33","0","conventional","Boston"
"5","466759.99","4457.62","2015-11-22 00:00:00","1.07","383420.46","233.74","78648.17","78161.82","486.35","0","conventional","Boston"
"12","536479.42","5804.31","2015-10-04 00:00:00","1.07","427358.64","277.56","103038.91","97207.43","5831.48","0","conventional","Boston"
"13","553307.04","5210.84","2015-09-27 00:00:00","1.07","463079.81","289.49","84726.9","82123.56","2603.34","0","conventional","Boston"
"18","589471.32","4744.11","2015-08-23 00:00:00","1.07","488292.1","608.61","95826.5","95585.38","241.12","0","conventional","Boston"
"20","690517.19","4173.23","2015-08-09 00:00:00","1.07","590998.11","827.06","94518.79","94287.69","231.1","0","conventional","Boston"
"10","4999031.79","1847991.31","2015-10-18 00:00:00","1.07","2286235.79","217814.17","646990.52","633893.61","10780.32","2316.59","conventional","California"
"27","5952597.29","3328631.93","2015-06-21 00:00:00","1.07","1743509.25","218423.77","662032.34","634244.68","24277.53","3510.13","conventional","California"
"2","668601.5","40380.09","2015-12-13 00:00:00","1.07","451470.42","94162.53","82588.46","76829.42","5693.75","65.29","conventional","Chicago"
"29","234981.67","10630.01","2015-06-07 00:00:00","1.07","146360.2","14601.72","63389.74","23651.85","36952.36","2785.53","conventional","CincinnatiDayton"
"37","129397.39","66513.95","2015-04-12 00:00:00","1.07","28065.91","9955.72","24861.81","23837.01","840.46","184.34","conventional","Columbus"
"20","341289.98","136799.68","2015-08-09 00:00:00","1.07","56896.42","80145.92","67447.96","54938.34","1471.57","11038.05","conventional","Detroit"
"28","197387.76","4446.1","2015-06-14 00:00:00","1.07","116392.81","4934.17","71614.68","67207.35","4401.93","5.4","conventional","GrandRapids"
"49","150201.39","970.13","2015-01-18 00:00:00","1.07","78433.37","6411.99","64385.9","60381.95","3727.81","276.14","conventional","GrandRapids"
"4","2198408.92","318661.4","2015-11-29 00:00:00","1.07","1199426.12","248818.72","431502.68","328369.47","83149.01","19984.2","conventional","GreatLakes"
"16","3272555.01","432770.76","2015-09-06 00:00:00","1.07","1876392.91","348448.68","614942.66","468148.29","121209.44","25584.93","conventional","GreatLakes"
"26","3336314.35","476721.82","2015-06-28 00:00:00","1.07","1631460.3","261863.52","966268.71","803974.11","148652.02","13642.58","conventional","GreatLakes"
"46","2856456.35","515789.01","2015-02-08 00:00:00","1.07","1541252.99","238780.53","560633.82","472576.07","78544.87","9512.88","conventional","GreatLakes"
"15","254744.58","33047.61","2015-09-13 00:00:00","1.07","170884.4","294.21","50518.36","48537.65","1980.71","0","conventional","HarrisburgScranton"
"20","247575.06","40320.2","2015-08-09 00:00:00","1.07","149595.95","510.58","57148.33","56333.05","815.28","0","conventional","HarrisburgScranton"
"43","230913.14","28899.98","2015-03-01 00:00:00","1.07","134019.55","614.07","67379.54","65870.9","1508.64","0","conventional","HarrisburgScranton"
"23","168164.47","4866.47","2015-07-19 00:00:00","1.07","101983.73","15100.98","46213.29","25201.47","18741.75","2270.07","conventional","Indianapolis"
"42","160438.38","6082.65","2015-03-08 00:00:00","1.07","97697.59","10846.32","45811.82","27937.4","15551.62","2322.8","conventional","Indianapolis"
"41","261650.41","112120.65","2015-03-15 00:00:00","1.07","108345.08","5897.76","35286.92","34915.51","371.41","0","conventional","LasVegas"
"28","82364.21","2241.94","2015-06-14 00:00:00","1.07","50907.67","3570.35","25644.25","15803.53","9422.58","418.14","conventional","Louisville"
"34","3410467.52","793989.95","2015-05-03 00:00:00","1.07","1557507.45","364283.54","694686.58","624533.81","68904.63","1248.14","conventional","Midsouth"
"22","149262.89","85386.58","2015-07-26 00:00:00","1.07","19400.24","9807.32","34668.75","29923.8","4702.51","42.44","conventional","Nashville"
"32","149400.13","100832.21","2015-05-17 00:00:00","1.07","8161.87","10852.62","29553.43","25235.57","4310.3","7.56","conventional","Nashville"
"33","165726.92","114337.07","2015-05-10 00:00:00","1.07","9079.59","13932.74","28377.52","23620.06","4406.92","350.54","conventional","Nashville"
"39","151301.45","102824.72","2015-03-29 00:00:00","1.07","8307.47","14079.54","26089.72","19540.62","6549.1","0","conventional","Nashville"
"48","140855.47","95428.54","2015-01-25 00:00:00","1.07","8371.74","11082.07","25973.12","24183.43","1789.69","0","conventional","Nashville"
"50","149832.2","103822.6","2015-01-11 00:00:00","1.07","9098.86","11665.78","25244.96","22478.92","2766.04","0","conventional","Nashville"
"6","287015.98","2589.55","2015-11-15 00:00:00","1.07","237255.49","90.93","47080.01","46867.66","212.35","0","conventional","NorthernNewEngland"
"8","350260.55","3271.4","2015-11-01 00:00:00","1.07","281498.53","209.48","65281.14","65081.14","200","0","conventional","NorthernNewEngland"
"39","412639.2","2452.76","2015-03-29 00:00:00","1.07","372165.06","57.27","37964.11","37036.33","927.78","0","conventional","NorthernNewEngland"
"24","1808842.07","953323.15","2015-07-12 00:00:00","1.07","530475.53","14462.47","310580.92","292683.09","12904.75","4993.08","conventional","Plains"
"7","223564.41","61118.97","2015-11-08 00:00:00","1.07","68546.36","52451.86","41447.22","39551.73","1895.49","0","conventional","RaleighGreensboro"
"31","142274.01","55748.5","2015-05-24 00:00:00","1.07","50452.59","99.51","35973.41","34793.39","1180.02","0","conventional","Roanoke"
"45","136950.98","68986.21","2015-02-15 00:00:00","1.07","39203.72","87.02","28674.03","26632.49","2041.54","0","conventional","Roanoke"
"3","318280.23","82537.98","2015-12-06 00:00:00","1.07","184349.52","12748.39","38644.34","38638.58","0","5.76","conventional","Sacramento"
"14","448488.04","204096.06","2015-09-20 00:00:00","1.07","173105.77","28629.58","42656.63","39560.7","3095.93","0","conventional","SanDiego"
"21","500999.15","275822.73","2015-08-02 00:00:00","1.07","168300.62","12740.87","44134.93","42995.09","1139.84","0","conventional","SanDiego"
"5","426337.91","111896.12","2015-11-22 00:00:00","1.07","155494.84","9372.34","149574.61","149358.02","0","216.59","conventional","Seattle"
"43","613535.33","162940.98","2015-03-01 00:00:00","1.07","327299.85","12576.63","110717.87","110637.01","62.51","18.35","conventional","Seattle"
"6","224373.12","116059.4","2015-11-15 00:00:00","1.07","61600.25","11569.87","35143.6","29409.04","5734.56","0","conventional","SouthCarolina"
"31","92664.44","41058.09","2015-05-24 00:00:00","1.07","33679.94","3564.33","14362.08","14362.08","0","0","conventional","Spokane"
"50","70697.07","21973.57","2015-01-11 00:00:00","1.07","35996.7","4131.75","8595.05","6899.1","1695.95","0","conventional","Spokane"
"6","160185.59","62810.86","2015-11-15 00:00:00","1.07","28499.99","14.91","68859.83","61782.77","7074.83","2.23","conventional","StLouis"
"17","29761638.48","11650976.87","2015-08-30 00:00:00","1.07","11995960.83","1060352.53","5054348.25","4316352.47","685816.37","52179.41","conventional","TotalUS"
"22","30652211.08","12196225.93","2015-07-26 00:00:00","1.07","12009228.05","1017157.74","5429599.36","4627251.87","779807.55","22539.94","conventional","TotalUS"
"23","32324647.66","12742760.17","2015-07-19 00:00:00","1.07","12605457.17","1154897.34","5821532.98","4757798.96","1013834.06","49899.96","conventional","TotalUS"
"24","31660031.68","12384449.4","2015-07-12 00:00:00","1.07","12403360.2","980361.75","5891860.33","5067198.34","796786.14","27875.85","conventional","TotalUS"
"35","30894157.8","13833715.28","2015-04-26 00:00:00","1.07","10867403.08","889732.2","5303307.24","4584203.44","687179.4","31924.4","conventional","TotalUS"
"22","5126588.84","2293111.63","2015-07-26 00:00:00","1.07","1776143.49","146112.77","911220.95","645013.13","266207.82","0","conventional","West"
"46","169614.01","2031.67","2016-02-07 00:00:00","1.07","157271.87","109.88","10200.59","9349.67","850.92","0","conventional","Albany"
"34","929492.14","67682.14","2016-05-01 00:00:00","1.07","648816.85","15073.22","197919.93","194073.11","3244.04","602.78","conventional","BaltimoreWashington"
"35","626895.08","4157.76","2016-04-24 00:00:00","1.07","446540.8","51958.73","124237.79","123011.98","152.2","1073.61","conventional","Boston"
"19","6538335.89","2200099.61","2016-08-14 00:00:00","1.07","2538994.07","218247.48","1580994.73","1476927.5","73032.78","31034.45","conventional","California"
"44","193132.2","36397.39","2016-02-21 00:00:00","1.07","86393.95","19834.26","50506.6","45927","4579.6","0","conventional","Charlotte"
"6","249072.9","2998.06","2016-11-13 00:00:00","1.07","92084.04","899.73","153091.07","23980.47","129104.39","6.21","conventional","CincinnatiDayton"
"10","246801.93","6797.94","2016-10-16 00:00:00","1.07","89324.91","1275.42","149403.66","32352.58","117051.08","0","conventional","CincinnatiDayton"
"18","256195.06","3838.13","2016-08-21 00:00:00","1.07","118303.09","1922.26","132131.58","28706.18","102390.4","1035","conventional","CincinnatiDayton"
"21","254689.93","4322.1","2016-07-31 00:00:00","1.07","129945.29","3804.63","116617.91","27836.86","88090.7","690.35","conventional","CincinnatiDayton"
"0","136733.12","54284.13","2016-12-25 00:00:00","1.07","24334.73","1538.2","56576.06","55083.7","1459.35","33.01","conventional","Columbus"
"14","167438.32","85331.98","2016-09-18 00:00:00","1.07","26634.72","2505.47","52966.15","51334.31","1631.84","0","conventional","Columbus"
"17","168757.98","71113.29","2016-08-28 00:00:00","1.07","34419.8","2593.07","60631.82","57069.78","1842.04","1720","conventional","Columbus"
"29","175046.12","62727.64","2016-06-05 00:00:00","1.07","38734.74","25833.35","47750.39","35846.32","6408.19","5495.88","conventional","Columbus"
"23","771606.04","145158.79","2016-07-17 00:00:00","1.07","204309.28","19016.94","403121.03","148177.84","254837.63","105.56","conventional","Denver"
"31","303330.62","118921.39","2016-05-22 00:00:00","1.07","40268.68","35077.81","109062.74","94755.66","4350.37","9956.71","conventional","Detroit"
"35","181857.18","2001.47","2016-04-24 00:00:00","1.07","113325.77","3088.37","63441.57","55324.04","8087.07","30.46","conventional","GrandRapids"
"40","208712.19","2126.48","2016-03-20 00:00:00","1.07","140410.18","4357.31","61818.22","55984.2","5768.11","65.91","conventional","GrandRapids"
"43","202356.13","2248.94","2016-02-28 00:00:00","1.07","141141.8","5163.51","53801.88","49889.74","3808.83","103.31","conventional","GrandRapids"
"44","2837626.92","339775.05","2016-02-21 00:00:00","1.07","1566426.52","295941.81","635483.54","453590.22","163400.48","18492.84","conventional","GreatLakes"
"47","240911.84","30150.26","2016-01-31 00:00:00","1.07","141567.72","148.18","69045.68","67727.22","1318.46","0","conventional","HarrisburgScranton"
"51","322752.02","4199.14","2016-01-03 00:00:00","1.07","275680.97","297.23","42574.68","41477.93","1096.75","0","conventional","HartfordSpringfield"
"37","168009.21","15421.4","2016-04-10 00:00:00","1.07","84833.75","11125.19","56628.87","29065.55","26374.68","1188.64","conventional","Indianapolis"
"40","140301.04","59970.41","2016-03-20 00:00:00","1.07","26015.08","269.21","54046.34","19113.11","34933.23","0","conventional","Jacksonville"
"41","79810.59","1951.19","2016-03-13 00:00:00","1.07","47340.88","3216.26","27302.26","12899.12","13596.2","806.94","conventional","Louisville"
"38","2690267.94","564866.92","2016-04-03 00:00:00","1.07","1351629.65","78798.43","694972.94","593439.47","99452.54","2080.93","conventional","Midsouth"
"41","3093898.37","573263.79","2016-03-13 00:00:00","1.07","1674136.15","107243.08","739255.35","637043.83","100801.35","1410.17","conventional","Midsouth"
"22","191727.48","87692.81","2016-07-24 00:00:00","1.07","31317.01","255.64","72462.02","59470.62","12991.4","0","conventional","Nashville"
"23","196773.62","90032","2016-07-17 00:00:00","1.07","33912.54","220.24","72608.84","63132.79","9476.05","0","conventional","Nashville"
"51","1454164.32","16972.91","2016-01-03 00:00:00","1.07","1192875.91","1462.15","242853.35","205535.79","37308.73","8.83","conventional","NewYork"
"51","4524219.73","96146.84","2016-01-03 00:00:00","1.07","3588931.66","53765.74","785375.49","731458.46","52073.39","1843.64","conventional","Northeast"
"32","443517.22","3333.83","2016-05-15 00:00:00","1.07","314998.46","47340.47","77844.46","77840.76","3.7","0","conventional","NorthernNewEngland"
"35","431615.62","2993.41","2016-04-24 00:00:00","1.07","326907.16","39188.2","62526.85","62471.31","55.54","0","conventional","NorthernNewEngland"
"47","419786.19","3328.89","2016-01-31 00:00:00","1.07","292519.75","18558.03","105379.52","104227.82","1151.7","0","conventional","NorthernNewEngland"
"48","453559.54","852.07","2016-01-24 00:00:00","1.07","319014.01","22047.61","111645.85","111162.6","483.25","0","conventional","NorthernNewEngland"
"39","1740836.89","773936.48","2016-03-27 00:00:00","1.07","518333.94","44611.53","403954.94","371049.93","31032.53","1872.48","conventional","Plains"
"43","1647189.23","716192.38","2016-02-28 00:00:00","1.07","496105.73","38146.51","396744.61","357647.85","37148.43","1948.33","conventional","Plains"
"33","318524.19","56914.24","2016-05-08 00:00:00","1.07","154919.75","16994.03","89696.17","86964.65","1553.74","1177.78","conventional","RaleighGreensboro"
"35","311438.51","69533.11","2016-04-24 00:00:00","1.07","135696.85","18008.74","88199.81","87008.55","1191.26","0","conventional","RaleighGreensboro"
"22","272728.01","96397.86","2016-07-24 00:00:00","1.07","91585.66","9256.75","75487.74","64454.83","6622.91","4410","conventional","RichmondNorfolk"
"13","142130.59","50868.03","2016-09-25 00:00:00","1.07","39269.6","116.89","51876.07","51504.04","372.03","0","conventional","Roanoke"
"21","143067.18","44288.47","2016-07-31 00:00:00","1.07","43886.04","92.05","54800.62","49803.99","4396.63","600","conventional","Roanoke"
"0","428247.63","119611.9","2016-12-25 00:00:00","1.07","263467.16","811.18","44357.39","39136.56","2868.61","2352.22","conventional","Sacramento"
"1","269690.96","103487.49","2016-12-18 00:00:00","1.07","56975.33","2551.31","106676.83","62581.88","44094.95","0","conventional","SouthCarolina"
"26","367778.6","150191.51","2016-06-26 00:00:00","1.07","90300.07","18403.06","108883.96","90996.76","17790.53","96.67","conventional","SouthCarolina"
"39","315023.95","136387.5","2016-03-27 00:00:00","1.07","91995.56","7331.32","79309.57","61407.01","17902.56","0","conventional","SouthCarolina"
"40","331531.06","149730.39","2016-03-20 00:00:00","1.07","94541.56","8317.29","78941.82","60250.9","18690.92","0","conventional","SouthCarolina"
"28","3393712.37","1757284.4","2016-06-12 00:00:00","1.07","592433.27","30505.16","1013489.54","641109.21","295047.83","77332.5","conventional","Southeast"
"42","3161231.11","1642177.9","2016-03-06 00:00:00","1.07","592206.11","14794.78","912052.32","493727.49","418324.83","0","conventional","Southeast"
"6","99460.72","12237.95","2016-11-13 00:00:00","1.07","31222.61","35.41","55964.75","55562.16","81.03","321.56","conventional","Spokane"
"51","375548.86","226406.25","2016-01-03 00:00:00","1.07","46447.87","133.9","102560.84","69223.85","33336.99","0","conventional","Tampa"
"13","598623.24","334016.4","2016-09-25 00:00:00","1.07","61710.24","14663.85","188232.75","117476.89","70580.86","175","conventional","WestTexNewMexico"
"4","504933","263807","2017-12-03 00:00:00","1.07","32457","1390","207280","137581","66640","3058","conventional","Atlanta"
"38","225843.95","107031.4","2017-04-09 00:00:00","1.07","23208.36","1696.6","93907.59","91576.93","2306.18","24.48","conventional","Columbus"
"45","159054.67","60793.07","2017-02-19 00:00:00","1.07","31711.26","2015.14","64535.2","62128.28","2406.92","0","conventional","Columbus"
"8","934570.7","122060.91","2017-11-05 00:00:00","1.07","320967.57","8617.99","482924.23","89816.96","393106.16","1.11","conventional","Denver"
"45","799071.01","153258.18","2017-02-19 00:00:00","1.07","254318.67","17088.87","374405.29","150957.59","223447.7","0","conventional","Denver"
"45","311270.6","82084.73","2017-02-19 00:00:00","1.07","46507.12","20143.65","162535.1","147195.14","3389.57","11950.39","conventional","Detroit"
"30","218092.41","11334.96","2017-06-04 00:00:00","1.07","79916.6","1766.11","125074.74","40296.68","84463.79","314.27","conventional","Indianapolis"
"3","2404221.58","1024592.52","2017-12-10 00:00:00","1.07","396712.41","62000.95","920915.7","868361.67","16284.72","36269.31","conventional","LosAngeles"
"26","3507155.74","1521073.33","2017-07-02 00:00:00","1.07","497356.53","104452.24","1384273.64","1337890.74","411.72","45971.18","conventional","LosAngeles"
"2","80191.11","6894.24","2017-12-17 00:00:00","1.07","28129.43","326.83","44840.61","29455.18","15356.82","28.61","conventional","Louisville"
"3","3370521.81","728666.15","2017-12-10 00:00:00","1.07","1219626.41","17891.07","1404338.18","1229379.23","172927.24","2031.71","conventional","Midsouth"
"46","3403723.66","936823.61","2017-02-12 00:00:00","1.07","1373680.54","38397.21","1054822.3","860148.6","190222.35","4451.35","conventional","Midsouth"
"7","202631","121879","2017-11-12 00:00:00","1.07","7035","281","73436","63381","9118","936","conventional","Nashville"
"19","261757.88","114191.45","2017-08-20 00:00:00","1.07","37848.66","52.6","109665.17","90141.14","17632.7","1891.33","conventional","Nashville"
"30","269102.17","133059.17","2017-06-04 00:00:00","1.07","12467.64","119.54","123455.82","106243.76","14782.06","2430","conventional","Nashville"
"3","474539.47","157173.69","2017-12-10 00:00:00","1.07","266189.47","910.41","50265.9","45079.72","526.67","4659.51","conventional","Sacramento"
"2","30757767.03","10704214.26","2017-12-17 00:00:00","1.07","9934618.43","574089.32","9544845.02","7149680.01","2260602.86","134562.15","conventional","TotalUS"
"26","7020076.49","2270834.48","2017-07-02 00:00:00","1.07","1330339","150862.92","3268040.09","2074185.51","1185728.1","8126.48","conventional","West"
"30","6927745.15","2425106.14","2017-06-04 00:00:00","1.07","1176272.52","157620.26","3168746.23","2078712.99","1085987.41","4045.83","conventional","West"
"31","6955988.8","2356866.57","2017-05-28 00:00:00","1.07","1328698.82","158308.24","3112115.17","1940875.89","1167041","4198.28","conventional","West"
"7","128702.15","39582.33","2018-02-04 00:00:00","1.07","8511.49","22490.26","58118.07","17470.72","40491.57","155.78","conventional","Boise"
"1","245062.31","68444.95","2018-03-18 00:00:00","1.07","16626.16","10114.52","149876.68","119963.26","25174.42","4739","conventional","CincinnatiDayton"
"10","194619.31","77236.77","2018-01-14 00:00:00","1.07","24462.37","3266.68","89653.49","75499.35","14125.61","28.53","conventional","Columbus"
"9","119167.18","9137.72","2018-01-21 00:00:00","1.07","48370.29","699.18","60959.99","34517.5","26442.49","0","conventional","Louisville"
"3","178885.9","43252.27","2018-03-04 00:00:00","1.07","37048.49","245.11","98340.03","73252.51","24594.18","493.34","conventional","Roanoke"
"6","554598.15","193066.47","2018-02-11 00:00:00","1.07","282308.93","1180.54","78042.21","70403.14","1800.9","5838.17","conventional","Sacramento"
"4","538360.91","175663.85","2018-02-25 00:00:00","1.07","163499.41","15737.33","183460.32","174528.26","6291.5","2640.56","conventional","SanDiego"
"8","566134.81","168171.75","2018-01-28 00:00:00","1.07","256042.84","16669.82","125250.4","118366.92","4446.82","2436.66","conventional","SanDiego"
"1","5278752.32","2993709.42","2018-03-18 00:00:00","1.07","397715.46","17560.86","1869766.58","1246650.93","611691.39","11424.26","conventional","Southeast"
"9","105005.26","24435.65","2018-01-21 00:00:00","1.07","33395.51","517.34","46656.76","22478.8","24044.51","133.45","conventional","Spokane"
"1","191261.08","90217.1","2018-03-18 00:00:00","1.07","6557.08","418.97","94067.93","85441.83","8175.36","450.74","conventional","StLouis"
"3","40741214.05","14439547.46","2018-03-04 00:00:00","1.07","11289307.37","571747.72","14440611.5","10832907.44","3339214.96","268489.1","conventional","TotalUS"
"0","7851.73","1347.91","2015-12-27 00:00:00","1.07","935.8","12.36","5555.66","214.52","5341.14","0","organic","StLouis"
"11","19264.55","1672.78","2016-10-09 00:00:00","1.07","4499.81","0","13091.96","65.12","13026.84","0","organic","Atlanta"
"3","15658.75","269.53","2016-12-04 00:00:00","1.07","5925.9","0","9463.32","201.57","9261.75","0","organic","CincinnatiDayton"
"44","33868.46","5720.97","2016-02-21 00:00:00","1.07","2259.38","4.41","25883.7","15546.79","10336.91","0","organic","Denver"
"35","15724.92","5900.79","2016-04-24 00:00:00","1.07","68.56","0","9755.57","5786.88","3968.69","0","organic","Houston"
"39","104358.7","8848.36","2016-03-27 00:00:00","1.07","30213.25","3.07","65294.02","53904.69","11389.33","0","organic","LosAngeles"
"44","91664.08","9483.06","2016-02-21 00:00:00","1.07","27925.49","7.69","54247.84","53008.59","1239.25","0","organic","LosAngeles"
"46","80943.91","7720.21","2016-02-07 00:00:00","1.07","22562","37.04","50624.66","38739.27","11885.39","0","organic","LosAngeles"
"15","3778.51","1.31","2016-09-11 00:00:00","1.07","1380.08","0","2397.12","310","2087.12","0","organic","Louisville"
"15","164162.25","47884.79","2016-09-11 00:00:00","1.07","4446.52","0","111830.94","105704.69","6126.25","0","organic","SouthCentral"
"30","144179.65","43253.38","2016-05-29 00:00:00","1.07","13727.01","4019.29","83179.97","65946.52","17233.45","0","organic","SouthCentral"
"33","133142.97","30976.28","2016-05-08 00:00:00","1.07","8774.75","4649.03","88742.91","59018.15","29724.76","0","organic","SouthCentral"
"45","292307.61","27729.22","2016-02-14 00:00:00","1.07","74888.46","133.74","189556.19","25453.95","164102.24","0","organic","West"
"46","11072.75","1085.35","2017-02-12 00:00:00","1.07","4061.87","0","5925.53","200.31","5725.22","0","organic","Atlanta"
"51","12346.01","323.43","2017-01-08 00:00:00","1.07","6801.77","0","5220.81","654.36","4566.45","0","organic","CincinnatiDayton"
"51","20116.95","9041.57","2017-01-08 00:00:00","1.07","47.04","0","11028.34","11028.34","0","0","organic","Houston"
"43","146065.71","12954.25","2017-03-05 00:00:00","1.07","28009.38","6.45","105095.63","77383.56","27712.07","0","organic","LosAngeles"
"52","99950.32","15830.84","2017-01-01 00:00:00","1.07","28951.76","1.56","55166.16","43159.57","12006.59","0","organic","LosAngeles"
"3","144862.82","1035.21","2017-12-10 00:00:00","1.07","39167.18","43.9","104616.53","4627.52","99798.2","190.81","organic","Seattle"
"1","30564.4","7515.02","2018-03-18 00:00:00","1.07","138.75","0","22910.63","22467.29","443.34","0","organic","Houston"
"45","41567.62","986.66","2015-02-15 00:00:00","1.06","30045.51","222.42","10313.03","9979.87","333.16","0","conventional","Albany"
"48","45147.5","941.38","2015-01-25 00:00:00","1.06","33196.16","164.14","10845.82","10103.35","742.47","0","conventional","Albany"
"45","427391.28","364446.77","2015-02-15 00:00:00","1.06","17420.41","638.18","44885.92","26727.66","18158.26","0","conventional","Atlanta"
"47","1007418.76","93166.54","2015-02-01 00:00:00","1.06","666010.38","83652.48","164589.36","159916.87","4672.49","0","conventional","BaltimoreWashington"
"4","49069.13","24189.98","2015-11-29 00:00:00","1.06","2789.67","6031.49","16057.99","15860.63","0","197.36","conventional","Boise"
"27","81397.07","52790.21","2015-06-21 00:00:00","1.06","15444.74","5875.85","7286.27","7021.56","0","264.71","conventional","Boise"
"33","95788.53","62505.3","2015-05-10 00:00:00","1.06","15896.54","7891.16","9495.53","9453.06","0","42.47","conventional","Boise"
"43","75046.37","40578","2015-03-01 00:00:00","1.06","23738.56","3491.83","7237.98","6478.75","759.23","0","conventional","Boise"
"8","553096.84","4886.14","2015-11-01 00:00:00","1.06","449532.49","170.29","98507.92","93443.08","5064.84","0","conventional","Boston"
"37","5636644.51","2848184","2015-04-12 00:00:00","1.06","1988818.23","185198.77","614443.51","532714.02","79865.3","1864.19","conventional","California"
"40","5571812.77","2348618.25","2015-03-22 00:00:00","1.06","2314393.94","195791.46","713009.12","681403.86","30058.97","1546.29","conventional","California"
"41","5557163.11","2962520.41","2015-03-15 00:00:00","1.06","1737353.95","194761.49","662527.26","632903.55","27625.15","1998.56","conventional","California"
"48","4929884.26","2380955.61","2015-01-25 00:00:00","1.06","1827783.28","150535.5","570609.87","521004.15","46809.48","2796.24","conventional","California"
"23","223479.02","3726.35","2015-07-19 00:00:00","1.06","146965.54","14449.26","58337.87","21470.67","33782.97","3084.23","conventional","CincinnatiDayton"
"30","222382.69","10459.41","2015-05-31 00:00:00","1.06","143893.61","4652.39","63377.28","20976.26","41425.81","975.21","conventional","CincinnatiDayton"
"33","259598.76","11982.39","2015-05-10 00:00:00","1.06","172173.77","2408.09","73034.51","22506.92","50265.04","262.55","conventional","CincinnatiDayton"
"35","214469.51","8217.17","2015-04-26 00:00:00","1.06","138764.19","6904.19","60583.96","21522.31","37783.16","1278.49","conventional","CincinnatiDayton"
"38","196168.6","7516.57","2015-04-05 00:00:00","1.06","135093.59","2508.15","51050.29","36567.48","14361.02","121.79","conventional","CincinnatiDayton"
"25","373691.57","140339.02","2015-07-05 00:00:00","1.06","62718.27","96051.18","74583.1","66416.56","1849.74","6316.8","conventional","Detroit"
"34","374659.88","161288.26","2015-05-03 00:00:00","1.06","71919.54","74593.79","66858.29","60634.57","785.52","5438.2","conventional","Detroit"
"34","238550.81","6301.92","2015-05-03 00:00:00","1.06","176717.87","6727.83","48803.19","46862.74","1898.03","42.42","conventional","GrandRapids"
"36","3857605.11","615564.03","2015-04-19 00:00:00","1.06","2140254.41","383840.98","717945.69","609139.49","84879.59","23926.61","conventional","GreatLakes"
"47","283137.88","42732.12","2015-02-01 00:00:00","1.06","168621.69","851.33","70932.74","69529.64","1403.1","0","conventional","HarrisburgScranton"
"24","389782.2","4947.35","2015-07-12 00:00:00","1.06","299937.47","11286.35","73611.03","71429.27","2181.76","0","conventional","HartfordSpringfield"
"51","332208.14","6387.6","2015-01-04 00:00:00","1.06","267593.62","165.35","58061.57","55401.31","2660.26","0","conventional","HartfordSpringfield"
"33","195532.38","16899.58","2015-05-10 00:00:00","1.06","127193.06","5271.2","46168.54","23578.29","22228.41","361.84","conventional","Indianapolis"
"48","149473.79","3642.56","2015-01-25 00:00:00","1.06","108152.4","724.5","36954.33","21963.56","14952.61","38.16","conventional","Indianapolis"
"18","261084.13","131414.8","2015-08-23 00:00:00","1.06","84541.6","4561.64","40566.09","38541.74","2024.35","0","conventional","LasVegas"
"22","272267.5","137702.81","2015-07-26 00:00:00","1.06","75823.92","8654.82","50085.95","41514.45","8571.5","0","conventional","LasVegas"
"48","249509.99","114584.67","2015-01-25 00:00:00","1.06","98937.17","3874.78","32113.37","31833.66","279.71","0","conventional","LasVegas"
"49","233186.09","100191.96","2015-01-18 00:00:00","1.06","94930.69","4887.89","33175.55","32897.59","277.96","0","conventional","LasVegas"
"9","64602.5","2031.83","2015-10-25 00:00:00","1.06","36450.26","4127.43","21992.98","11226.36","9879.33","887.29","conventional","Louisville"
"49","85580.15","2250.1","2015-01-18 00:00:00","1.06","63826.82","426.73","19076.5","10228.66","8804.67","43.17","conventional","Louisville"
"5","1903245","422437.27","2015-11-22 00:00:00","1.06","955972.74","117353.23","407481.76","364155.91","41724.4","1601.45","conventional","Midsouth"
"46","2734006.98","732854.05","2015-02-08 00:00:00","1.06","1222159.62","159491.59","619501.72","543231.71","75649.4","620.61","conventional","Midsouth"
"26","159981.66","90881.66","2015-06-28 00:00:00","1.06","19436.14","8297.63","41366.23","36900.28","3662.58","803.37","conventional","Nashville"
"38","155074.03","104270.46","2015-04-05 00:00:00","1.06","8266.56","14141.74","28395.27","21583.06","6812.21","0","conventional","Nashville"
"13","199908.44","123528.92","2015-09-27 00:00:00","1.06","17616.44","1515.75","57247.33","53115.57","4131.76","0","conventional","NewOrleansMobile"
"42","248273.79","163007.69","2015-03-08 00:00:00","1.06","12379.43","269.87","72616.8","69335.51","3281.29","0","conventional","NewOrleansMobile"
"8","2180520.22","24197.61","2015-11-01 00:00:00","1.06","1916954.83","1226.57","238141.21","183727.03","54399.03","15.15","conventional","NewYork"
"47","412752.74","4353.96","2015-02-01 00:00:00","1.06","361694.45","34.23","46670.1","46576.76","93.34","0","conventional","NorthernNewEngland"
"48","290611.31","3806.65","2015-01-25 00:00:00","1.06","233232.89","24.12","53547.65","53543.21","4.44","0","conventional","NorthernNewEngland"
"50","314717.03","4578.25","2015-01-11 00:00:00","1.06","265252.09","22.9","44863.79","44863.79","0","0","conventional","NorthernNewEngland"
"10","496236.63","14369.89","2015-10-18 00:00:00","1.06","388376.48","819.38","92670.88","83101.65","9569.23","0","conventional","Philadelphia"
"18","1731574.98","930286.05","2015-08-23 00:00:00","1.06","498120.52","16041.72","287126.69","275002.9","10772.67","1351.12","conventional","Plains"
"25","1988311.9","927860.87","2015-07-05 00:00:00","1.06","627548.45","19636.37","413266.21","396505.99","15522.11","1238.11","conventional","Plains"
"28","1974806.07","1117926.72","2015-06-14 00:00:00","1.06","443241.8","27161.21","386476.34","375290.39","9693.84","1492.11","conventional","Plains"
"32","1966712.28","1228815.94","2015-05-17 00:00:00","1.06","413931.34","11424.24","312540.76","308421.89","2567.1","1551.77","conventional","Plains"
"8","423475.77","98262.62","2015-11-01 00:00:00","1.06","182672.87","11993.63","130546.65","130164.27","123.39","258.99","conventional","Portland"
"32","487024.66","210129.55","2015-05-17 00:00:00","1.06","162760.11","19253.03","94881.97","94742.82","0","139.15","conventional","Portland"
"17","213120.84","70639.52","2015-08-30 00:00:00","1.06","86152.24","10562.29","45766.79","45766.79","0","0","conventional","RichmondNorfolk"
"20","216580.39","72133.51","2015-08-09 00:00:00","1.06","87338.9","12731.89","44376.09","44376.09","0","0","conventional","RichmondNorfolk"
"33","263027.68","72224.74","2015-05-10 00:00:00","1.06","115679.54","11036.66","64086.74","57579.67","6507.07","0","conventional","RichmondNorfolk"
"46","212887.85","74594.17","2015-02-08 00:00:00","1.06","81138.97","7883.33","49271.38","42969.44","6301.94","0","conventional","RichmondNorfolk"
"24","128054.41","50647.98","2015-07-12 00:00:00","1.06","42235.42","740.63","34430.38","34430.38","0","0","conventional","Roanoke"
"30","133856.19","57819.4","2015-05-31 00:00:00","1.06","41122.46","33.05","34881.28","33050.17","1831.11","0","conventional","Roanoke"
"5","354986.48","83984.24","2015-11-22 00:00:00","1.06","218912.41","12684.6","39405.23","39405.23","0","0","conventional","Sacramento"
"41","463106.48","257709.12","2015-03-15 00:00:00","1.06","144761.07","17440","43196.29","37920.39","5268.51","7.39","conventional","SanDiego"
"3","694982.49","102771.75","2015-12-06 00:00:00","1.06","498975.34","37321.12","55914.28","55171.77","638.89","103.62","conventional","SanFrancisco"
"7","490827.32","135637.5","2015-11-08 00:00:00","1.06","172982","9195.56","173012.26","172749.32","0","262.94","conventional","Seattle"
"12","513268.88","103495.71","2015-10-04 00:00:00","1.06","281914.21","11368.07","116490.89","115646.75","0","844.14","conventional","Seattle"
"50","527350.82","144349.43","2015-01-11 00:00:00","1.06","278069.43","18076.48","86855.48","81221.3","5632.65","1.53","conventional","Seattle"
"46","282822.72","169169.05","2015-02-08 00:00:00","1.06","41468.74","12641.17","59543.76","44770.78","14772.98","0","conventional","SouthCarolina"
"48","311348.31","187805.04","2015-01-25 00:00:00","1.06","46947.97","12431.59","64163.71","45690.04","18473.67","0","conventional","SouthCarolina"
"22","216993.01","120124.79","2015-07-26 00:00:00","1.06","38710.22","21.88","58136.12","58136.12","0","0","conventional","StLouis"
"26","32408705.7","13299568.71","2015-06-28 00:00:00","1.06","11505999.24","1045832.54","6557305.21","5690216.31","846752.4","20336.5","conventional","TotalUS"
"32","32027686.15","14615941.59","2015-05-17 00:00:00","1.06","11003341.22","963549.53","5444853.81","4747544.74","660983.55","36325.52","conventional","TotalUS"
"38","31500669.44","13939014.43","2015-04-05 00:00:00","1.06","11526980.36","871981.29","5162693.36","4477299.71","666514.74","18878.91","conventional","TotalUS"
"2","422026.71","186343.72","2016-12-11 00:00:00","1.06","56200.04","171.64","179311.31","112574.78","66736.53","0","conventional","Atlanta"
"32","709563.16","5790.13","2016-05-15 00:00:00","1.06","517840.35","63055.48","122877.2","122533.87","198.89","144.44","conventional","Boston"
"27","6528056.18","2409003","2016-06-19 00:00:00","1.06","2045112.18","319711.53","1754229.47","1622056.72","101882.82","30289.93","conventional","California"
"24","266811.55","4664.36","2016-07-10 00:00:00","1.06","149184.73","6514.15","106448.31","23189.21","78560.24","4698.86","conventional","CincinnatiDayton"
"1","131322.27","55604.5","2016-12-18 00:00:00","1.06","31791.33","2522.96","41403.48","38839.35","2461.41","102.72","conventional","Columbus"
"15","177299.48","89423.71","2016-09-11 00:00:00","1.06","25412.5","2345.13","60118.14","58343.14","1755","20","conventional","Columbus"
"16","161362.24","73011.64","2016-09-04 00:00:00","1.06","29161.53","2616.16","56572.91","55935.18","466.29","171.44","conventional","Columbus"
"24","170762.71","80019.89","2016-07-10 00:00:00","1.06","36096.76","5812.55","48833.51","32848.9","11536.73","4447.88","conventional","Columbus"
"0","319957.45","89825","2016-12-25 00:00:00","1.06","59758.69","7121.96","163251.8","161040.94","2191.64","19.22","conventional","Detroit"
"40","3368333.6","372244.77","2016-03-20 00:00:00","1.06","1730562.82","425736.86","839789.15","549844.69","245562.93","44381.53","conventional","GreatLakes"
"50","3310201.06","503914.83","2016-01-10 00:00:00","1.06","1753942.06","352247.15","700097.02","488806.3","185907.38","25383.34","conventional","GreatLakes"
"39","158322.64","70255.18","2016-03-27 00:00:00","1.06","27911.77","402.32","59753.37","19304.31","40449.06","0","conventional","Jacksonville"
"42","155654.59","71185.02","2016-03-06 00:00:00","1.06","26487.57","503.38","57478.62","17429.08","40049.54","0","conventional","Jacksonville"
"12","2865744.94","1337602.73","2016-10-02 00:00:00","1.06","471344.12","62565.39","994232.7","931963.97","40145.34","22123.39","conventional","LosAngeles"
"14","2589309.14","999948.52","2016-09-18 00:00:00","1.06","457932.5","55346.12","1076082","1008961.12","36400.02","30720.86","conventional","LosAngeles"
"21","2826836.07","961494.69","2016-07-31 00:00:00","1.06","562612.83","70783.66","1231944.89","1135205.94","64811.85","31927.1","conventional","LosAngeles"
"26","98077.6","2762.38","2016-06-26 00:00:00","1.06","56614.79","3534.27","35166.16","16663.76","15457.04","3045.36","conventional","Louisville"
"36","3029003.02","544932.88","2016-04-17 00:00:00","1.06","1613809.61","97349.53","772911","692332.57","75800.03","4778.4","conventional","Midsouth"
"44","2747176.06","539072.29","2016-02-21 00:00:00","1.06","1378970.85","141965.35","687167.57","586732.16","99759.98","675.43","conventional","Midsouth"
"10","177609.17","78566.29","2016-10-16 00:00:00","1.06","21640.42","233.46","77169","56615.71","20373.29","180","conventional","Nashville"
"19","202833.66","102665.18","2016-08-14 00:00:00","1.06","19071.46","173.94","80923.08","67507.82","13415.26","0","conventional","Nashville"
"24","291978.06","149481.91","2016-07-10 00:00:00","1.06","41307.31","335","100853.84","79378.63","10060.49","11414.72","conventional","NewOrleansMobile"
"47","4650798.49","102906.84","2016-01-31 00:00:00","1.06","3443651.01","59279.93","1044960.71","981185.6","63773.37","1.74","conventional","Northeast"
"24","569327.81","134476.2","2016-07-10 00:00:00","1.06","339263.01","10102.89","85485.71","77486.39","4.32","7995","conventional","NorthernNewEngland"
"36","347880.73","172247.41","2016-04-17 00:00:00","1.06","69222","225.84","106185.48","44830.15","61355.33","0","conventional","Orlando"
"39","311571.85","152991.07","2016-03-27 00:00:00","1.06","56406.32","62.9","102111.56","45393.81","56717.75","0","conventional","Orlando"
"1","1426470.94","581861.96","2016-12-18 00:00:00","1.06","428227.02","3271.57","413110.39","377226.69","30112.48","5771.22","conventional","Plains"
"42","1734414.9","798294.79","2016-03-06 00:00:00","1.06","481425.08","44771.53","409923.5","375200.3","31752.25","2970.95","conventional","Plains"
"34","326468.57","77783.94","2016-05-01 00:00:00","1.06","143133.66","17389.45","88161.52","86752.27","1406.78","2.47","conventional","RaleighGreensboro"
"17","250434.52","87612.12","2016-08-28 00:00:00","1.06","85621.03","5087.71","72113.66","70265.15","178.51","1670","conventional","RichmondNorfolk"
"23","264253.28","82855.27","2016-07-17 00:00:00","1.06","92471.42","9386.11","79540.48","69396.45","683.2","9460.83","conventional","RichmondNorfolk"
"14","144272.73","57840.6","2016-09-18 00:00:00","1.06","38597.58","92.7","47741.85","43287.12","4444.73","10","conventional","Roanoke"
"34","481861.11","158376.45","2016-05-01 00:00:00","1.06","251468.09","16678.02","55338.55","54906.9","106.65","325","conventional","Sacramento"
"16","550756.68","186260.68","2016-09-04 00:00:00","1.06","164050.31","12126.32","188319.37","177175.95","10942.03","201.39","conventional","SanDiego"
"33","961334.65","259594.33","2016-05-08 00:00:00","1.06","569011.84","49424.67","83303.81","80879.28","885.92","1538.61","conventional","SanFrancisco"
"42","325786.78","156334.57","2016-03-06 00:00:00","1.06","90668.09","8137.83","70646.29","52684.66","17961.63","0","conventional","SouthCarolina"
"5","4150510.67","2351202.94","2016-11-20 00:00:00","1.06","871661.63","16553.22","911092.88","735263.86","173417.7","2411.32","conventional","SouthCentral"
"51","3280451.38","2208431.81","2016-01-03 00:00:00","1.06","339054.7","17650.77","715314.1","482358.65","232943.41","12.04","conventional","Southeast"
"24","90750.72","28563.77","2016-07-10 00:00:00","1.06","16330.66","1198.87","44657.42","44566.32","33.56","57.54","conventional","Spokane"
"13","165887.64","89034.64","2016-09-25 00:00:00","1.06","12643.89","25.48","64183.63","38326.05","25857.58","0","conventional","StLouis"
"36","387923.77","183628.75","2016-04-17 00:00:00","1.06","79809.39","97.76","124387.87","63443.38","60944.49","0","conventional","Tampa"
"25","39993186.04","12508937.27","2016-07-03 00:00:00","1.06","13315901.42","1761343.08","12407004.27","9967538.34","1887772.28","551693.65","conventional","TotalUS"
"21","708243.4","404007.95","2016-07-31 00:00:00","1.06","76077.49","15442.57","212715.39","144484.06","65764.66","2466.67","conventional","WestTexNewMexico"
"3","5715712.21","2234102.17","2017-12-10 00:00:00","1.06","2013200.4","90168.26","1378241.38","1291298.72","27353.79","59588.87","conventional","California"
"37","261398.15","7865.99","2017-04-16 00:00:00","1.06","77040.01","1300.87","175191.28","36250.42","138925.16","15.7","conventional","CincinnatiDayton"
"1","140322.03","47451.51","2017-12-24 00:00:00","1.06","20793.8","5024.24","67052.48","61296.18","5712.32","43.98","conventional","Columbus"
"48","163084.68","66807.47","2017-01-29 00:00:00","1.06","32338.23","1335.12","62603.86","54598.58","8001.06","4.22","conventional","Columbus"
"36","211977.98","11831.88","2017-04-23 00:00:00","1.06","72470.48","1240.51","126435.11","42539.62","83872.46","23.03","conventional","Indianapolis"
"7","291325","57132","2017-11-12 00:00:00","1.06","110255","5043","118895","42648","76180","67","conventional","LasVegas"
"26","376795.81","129619.03","2017-07-02 00:00:00","1.06","48964.77","8471.78","189740.23","70018.95","119721.28","0","conventional","LasVegas"
"31","364486.68","130568.12","2017-05-28 00:00:00","1.06","50153.97","10114.51","173650.08","62414","111236.08","0","conventional","LasVegas"
"28","104369.68","2581.61","2017-06-18 00:00:00","1.06","49620.17","541.77","51626.13","21822.14","29725.7","78.29","conventional","Louisville"
"30","121602.81","2191.2","2017-06-04 00:00:00","1.06","48994.64","305.84","70111.13","16752.03","53317.46","41.64","conventional","Louisville"
"34","135486.52","2467.22","2017-05-07 00:00:00","1.06","57992.66","426.61","74600.03","21513.2","52904.37","182.46","conventional","Louisville"
"50","89361.43","2069.09","2017-01-15 00:00:00","1.06","43683.9","281.29","43327.15","17644.78","25682.37","0","conventional","Louisville"
"0","262281.64","164147.55","2017-12-31 00:00:00","1.06","23239.77","1336.79","73557.53","61080.44","11333.76","1143.33","conventional","NewOrleansMobile"
"3","251601.16","144316.93","2017-12-10 00:00:00","1.06","21840.9","1803","83640.33","71291.13","11513.64","835.56","conventional","NewOrleansMobile"
"49","267331.27","138670.15","2017-01-22 00:00:00","1.06","34757.27","273","93630.85","56028.66","29497.19","8105","conventional","NewOrleansMobile"
"48","2057899.39","896361.8","2017-01-29 00:00:00","1.06","569685.24","6640.06","585212.29","503163.84","55896.78","26151.67","conventional","Plains"
"51","1890389.78","915300.05","2017-01-08 00:00:00","1.06","479607.98","5628.26","489853.49","450604.75","32676.07","6572.67","conventional","Plains"
"50","158063.43","50449.58","2017-01-15 00:00:00","1.06","43695.52","94.12","63824.21","63041.06","780.93","2.22","conventional","Roanoke"
"44","404208.68","189463.14","2017-02-26 00:00:00","1.06","97078.18","4420.29","113247.07","91626.66","20450.41","1170","conventional","SouthCarolina"
"19","5412866.59","2733435.14","2017-08-20 00:00:00","1.06","1013579.35","9937.85","1655914.25","962288.29","683111.22","10514.74","conventional","SouthCentral"
"22","5548390.24","2922902.49","2017-07-30 00:00:00","1.06","1156832.81","15183.9","1453471.04","1010568.54","424211.45","18691.05","conventional","SouthCentral"
"8","6417143.95","2015381.78","2017-11-05 00:00:00","1.06","1607251.56","83591.62","2710918.99","1453245.43","1249145.77","8527.79","conventional","West"
"32","6505499.28","2253179.19","2017-05-21 00:00:00","1.06","1408963.68","132610.9","2710745.51","1649259.2","1058205.12","3281.19","conventional","West"
"4","586240.44","257877.67","2018-02-25 00:00:00","1.06","35083.86","1579.38","291699.53","201139.31","88126.43","2433.79","conventional","Atlanta"
"4","196615.34","37683.05","2018-02-25 00:00:00","1.06","50954.95","6621.44","101355.9","74496.52","21698.04","5161.34","conventional","Indianapolis"
"5","101522.07","21211.55","2018-02-18 00:00:00","1.06","21287.42","197.27","58825.83","33930.79","24059.49","835.55","conventional","Louisville"
"7","847261.25","22674.34","2018-02-04 00:00:00","1.06","754096.71","2247.4","68242.8","34218.15","33787.99","236.66","conventional","NorthernNewEngland"
"1","2346527.89","948199.79","2018-03-18 00:00:00","1.06","630350.03","9313.26","758664.81","701598.07","55972.31","1094.43","conventional","Plains"
"6","2198997.16","957709.32","2018-02-11 00:00:00","1.06","540048.54","6998.12","694241.18","526134.96","167565.02","541.2","conventional","Plains"
"0","658169.39","75837.48","2018-03-25 00:00:00","1.06","304991.92","14300.89","263039.1","166273.14","96427.92","338.04","conventional","Portland"
"5","636925.69","81789.75","2018-02-18 00:00:00","1.06","278393.23","16614.38","260128.33","160051.88","99595.36","481.09","conventional","Portland"
"10","747864.18","76227.53","2018-01-14 00:00:00","1.06","252457.95","17693.46","401485.24","99618.49","300591.83","1274.92","conventional","Portland"
"4","174394.57","41912.44","2018-02-25 00:00:00","1.06","37321.57","206.18","94954.38","66920.87","27310.18","723.33","conventional","Roanoke"
"5","155902.21","34945.28","2018-02-18 00:00:00","1.06","34511.48","261","86184.45","58311.72","27101.62","771.11","conventional","Roanoke"
"5","1149074.92","193705.48","2018-02-18 00:00:00","1.06","835774.38","2425.38","117169.68","113216.42","316.78","3636.48","conventional","SanFrancisco"
"1","542846.79","230046.31","2018-03-18 00:00:00","1.06","78736.72","3687.24","230376.52","185198.74","41852.22","3325.56","conventional","SouthCarolina"
"4","40021528.76","13829857.87","2018-02-25 00:00:00","1.06","10415463.59","724330.16","15051877.14","10666942.78","4081397.72","303536.64","conventional","TotalUS"
"47","57802.02","38413.44","2015-02-01 00:00:00","1.06","19160.87","0","227.71","227.71","0","0","organic","SanFrancisco"
"2","13253.78","916.64","2016-12-11 00:00:00","1.06","2803.26","0","9533.88","78.11","9455.77","0","organic","Atlanta"
"20","24308.08","2265.89","2016-08-07 00:00:00","1.06","5919.17","0","16123.02","1331.81","14791.21","0","organic","Atlanta"
"32","26845.53","8541.46","2016-05-15 00:00:00","1.06","830.92","0","17473.15","13365.82","4107.33","0","organic","DallasFtWorth"
"43","30084.47","4713.24","2016-02-28 00:00:00","1.06","1955.11","23.17","23392.95","15001.1","8391.85","0","organic","Denver"
"9","23612.89","683.08","2016-10-23 00:00:00","1.06","8487.48","0","14442.33","483.62","13958.71","0","organic","Detroit"
"48","79706.09","8070.14","2016-01-24 00:00:00","1.06","27332.04","0","44303.91","14074.29","30229.62","0","organic","LosAngeles"
"36","8814.87","126.61","2016-04-17 00:00:00","1.06","3595.39","0","5092.87","1717.21","3375.66","0","organic","Roanoke"
"16","8505.41","2817.65","2016-09-04 00:00:00","1.06","568.62","0","5119.14","55.48","5063.66","0","organic","StLouis"
"29","33969.35","1251.33","2017-06-11 00:00:00","1.06","6518.33","0","26199.69","4281.35","21918.34","0","organic","Atlanta"
"45","11866.71","1388.4","2017-02-19 00:00:00","1.06","3401.6","0","7076.71","85.62","6991.09","0","organic","Atlanta"
"48","3212.37","15.2","2017-01-29 00:00:00","1.06","452.12","0","2745.05","623.74","2121.31","0","organic","Boise"
"49","3083.38","3","2017-01-22 00:00:00","1.06","450.57","0","2629.81","639.29","1990.52","0","organic","Boise"
"50","3071.87","0","2017-01-15 00:00:00","1.06","457.07","0","2614.8","508.41","2106.39","0","organic","Boise"
"25","39591.12","8288.59","2017-07-09 00:00:00","1.06","577.48","0","30725.05","30660.35","64.7","0","organic","DallasFtWorth"
"52","15669.84","4110.67","2017-01-01 00:00:00","1.06","312.11","0","11247.06","11137.36","109.7","0","organic","DallasFtWorth"
"38","7728.45","301.9","2017-04-09 00:00:00","1.06","1339.32","0","6087.23","1287.81","4799.42","0","organic","Indianapolis"
"40","15307.02","674.2","2017-03-26 00:00:00","1.06","4196.02","197.7","10239.1","3345.01","6894.09","0","organic","RichmondNorfolk"
"43","14497.7","635.96","2017-03-05 00:00:00","1.06","3287.69","201.39","10372.66","4416.23","5956.43","0","organic","RichmondNorfolk"
"38","173816.89","43305.45","2017-04-09 00:00:00","1.06","9697.83","0","120813.61","93379.58","27434.03","0","organic","SouthCentral"
"50","109017.25","22335.2","2017-01-15 00:00:00","1.06","6350.11","0","80331.94","78546.46","1785.48","0","organic","SouthCentral"
"50","268743.11","43816.58","2017-01-15 00:00:00","1.06","41834.41","471.92","182620.2","62810","119810.2","0","organic","West"
"24","124055.31","672.25","2015-07-12 00:00:00","1.05","94693.52","4257.64","24431.9","24290.08","108.49","33.33","conventional","Albany"
"7","830967.23","58579.27","2015-11-08 00:00:00","1.05","576512.71","51035.04","144840.21","138777.63","6062.58","0","conventional","BaltimoreWashington"
"18","70773.76","44059.22","2015-08-23 00:00:00","1.05","14861.33","4433.12","7420.09","7420.09","0","0","conventional","Boise"
"24","74677.72","51828.75","2015-07-12 00:00:00","1.05","5802.65","7474.4","9571.92","8335.04","1236.88","0","conventional","Boise"
"6","513738.98","5310.32","2015-11-15 00:00:00","1.05","420936.8","139.71","87352.15","85604.19","1747.96","0","conventional","Boston"
"36","5871080.81","3024466.22","2015-04-19 00:00:00","1.05","2070974.14","177354.82","598285.63","524767.96","71988.59","1529.08","conventional","California"
"14","210445.12","3127.8","2015-09-20 00:00:00","1.05","139042.8","21179.76","47094.76","12353.22","29601.09","5140.45","conventional","CincinnatiDayton"
"15","216548.9","2195.13","2015-09-13 00:00:00","1.05","139863.58","18310.19","56180","17271.72","34690.26","4218.02","conventional","CincinnatiDayton"
"18","208608.84","2750.77","2015-08-23 00:00:00","1.05","141969.26","5299.54","58589.27","15961.91","41548.22","1079.14","conventional","CincinnatiDayton"
"28","229363.51","6856.14","2015-06-14 00:00:00","1.05","145975.24","10046.57","66485.56","30258.12","34920.23","1307.21","conventional","CincinnatiDayton"
"21","148597.91","77973.44","2015-08-02 00:00:00","1.05","30063.76","17344.74","23215.97","17997.33","3281.88","1936.76","conventional","Columbus"
"23","159137.17","75080.98","2015-07-19 00:00:00","1.05","33397.18","24209.42","26449.59","21845.65","2442.62","2161.32","conventional","Columbus"
"45","106663.68","52221.93","2015-02-15 00:00:00","1.05","20939.99","8939.85","24561.91","22104.1","1860.18","597.63","conventional","Columbus"
"1","528944.54","113403.55","2015-12-20 00:00:00","1.05","188263.2","24477.83","202799.96","34993.02","167806.94","0","conventional","Denver"
"21","727916.83","153498.68","2015-08-02 00:00:00","1.05","423519.88","16711","134187.27","45644.8","88542.47","0","conventional","Denver"
"37","858680.51","176304.23","2015-04-12 00:00:00","1.05","574793.28","8603.75","98979.25","42716.25","56263","0","conventional","Denver"
"2","275587.85","132206.07","2015-12-13 00:00:00","1.05","38088.87","47788.47","57504.44","48318.35","2843.43","6342.66","conventional","Detroit"
"21","184067.49","4122.95","2015-08-02 00:00:00","1.05","109853.88","10359.57","59731.09","55048.69","4030.14","652.26","conventional","GrandRapids"
"23","215736.47","2680.7","2015-07-19 00:00:00","1.05","122122.69","29478.33","61454.75","52697.22","3806.21","4951.32","conventional","GrandRapids"
"12","2814678.93","296032.66","2015-10-04 00:00:00","1.05","1632488.05","381986.61","504171.61","354840.13","106127.86","43203.62","conventional","GreatLakes"
"34","3901054.42","719493.66","2015-05-03 00:00:00","1.05","2200706.49","327171.65","653682.62","493009.35","146837.36","13835.91","conventional","GreatLakes"
"11","225079.92","32042.53","2015-10-11 00:00:00","1.05","137367.2","267.77","55402.42","53610.63","1791.79","0","conventional","HarrisburgScranton"
"51","203939.14","32679.84","2015-01-04 00:00:00","1.05","121020.54","1286.19","48952.57","47583.64","1368.93","0","conventional","HarrisburgScranton"
"24","161431.59","4181.35","2015-07-12 00:00:00","1.05","101947.17","7053.06","48250.01","27061.56","20240.11","948.34","conventional","Indianapolis"
"25","190716.43","4890.33","2015-07-05 00:00:00","1.05","119457.27","13495.86","52872.97","30631.37","21037.53","1204.07","conventional","Indianapolis"
"25","332735.24","147937.64","2015-07-05 00:00:00","1.05","100709.15","6281.59","77806.86","63540.12","14266.74","0","conventional","LasVegas"
"43","293036.34","92829.75","2015-03-01 00:00:00","1.05","151163.75","12440.57","36602.27","35745.05","857.22","0","conventional","LasVegas"
"1","56443.43","1703.96","2015-12-20 00:00:00","1.05","30942.26","2554.61","21242.6","11290.59","9360.13","591.88","conventional","Louisville"
"14","71064.71","1645.41","2015-09-20 00:00:00","1.05","40184.52","7294.86","21939.92","9084.99","10942.97","1911.96","conventional","Louisville"
"31","79567.66","2581.31","2015-05-24 00:00:00","1.05","55999.82","1616.65","19369.88","10358.52","8634.83","376.53","conventional","Louisville"
"50","75129.36","2299.74","2015-01-11 00:00:00","1.05","53313.74","237.88","19278","7964.88","11299.66","13.46","conventional","Louisville"
"0","2065131.33","435246.31","2015-12-27 00:00:00","1.05","1022861.71","103811.97","503211.34","464119.16","35717.26","3374.92","conventional","Midsouth"
"1","2044020.93","446433.13","2015-12-20 00:00:00","1.05","1024405.09","96387.48","476795.23","434534.42","38523.1","3737.71","conventional","Midsouth"
"4","1845443.13","417849.42","2015-11-29 00:00:00","1.05","939038.5","101739.67","386815.54","344830.99","40738.63","1245.92","conventional","Midsouth"
"10","2783170.15","555583.11","2015-10-18 00:00:00","1.05","1537196.96","215608.69","474781.39","423533.77","50778.19","469.43","conventional","Midsouth"
"15","154621.8","76424.28","2015-09-13 00:00:00","1.05","25095.26","9786.12","43316.14","31983.6","11023.29","309.25","conventional","Nashville"
"44","148164.2","101095.06","2015-02-22 00:00:00","1.05","10053.42","13693.83","23321.89","20671.7","2645.2","4.99","conventional","Nashville"
"24","239908.64","149305.77","2015-07-12 00:00:00","1.05","11069.26","11822.33","67711.28","62705.51","4999.72","6.05","conventional","NewOrleansMobile"
"33","256291.77","176480.19","2015-05-10 00:00:00","1.05","7959.95","321","71530.63","67176.21","4354.42","0","conventional","NewOrleansMobile"
"33","578436.76","2739.66","2015-05-10 00:00:00","1.05","503984.46","78.56","71634.08","71253.97","380.11","0","conventional","NorthernNewEngland"
"43","355677.99","2266.45","2015-03-01 00:00:00","1.05","310490.26","41.26","42880.02","42880.02","0","0","conventional","NorthernNewEngland"
"51","321823.77","4966.76","2015-01-04 00:00:00","1.05","264351.96","14.68","52490.37","52490.37","0","0","conventional","NorthernNewEngland"
"11","1560845.55","708470.83","2015-10-11 00:00:00","1.05","576153.62","14585.67","261635.43","248699.54","11296.81","1639.08","conventional","Plains"
"45","1507821.92","847328.77","2015-02-15 00:00:00","1.05","409541.36","17649.52","233302.27","231591.27","844.44","866.56","conventional","Plains"
"10","438182.64","113111.46","2015-10-18 00:00:00","1.05","188908.15","16086.11","120076.92","119843.01","92.18","141.73","conventional","Portland"
"50","510152.67","121596.43","2015-01-11 00:00:00","1.05","292968.56","22743.24","72844.44","64831.61","8012.83","0","conventional","Portland"
"19","222696.44","70382.17","2015-08-16 00:00:00","1.05","95071.56","12570.49","44672.22","44672.22","0","0","conventional","RichmondNorfolk"
"21","235505.63","76879.31","2015-08-02 00:00:00","1.05","101904.61","13008.81","43712.9","43712.9","0","0","conventional","RichmondNorfolk"
"25","147749.25","54928.79","2015-07-05 00:00:00","1.05","51261.23","2541.99","39017.24","39017.24","0","0","conventional","Roanoke"
"27","135895.47","51621.94","2015-06-21 00:00:00","1.05","47601.83","73.18","36598.52","36598.52","0","0","conventional","Roanoke"
"29","139464.87","58789.36","2015-06-07 00:00:00","1.05","41702.47","109.92","38863.12","38372.75","490.37","0","conventional","Roanoke"
"34","662034.34","149107.81","2015-05-03 00:00:00","1.05","458178.77","13261.84","41485.92","41281.75","0","204.17","conventional","Sacramento"
"51","430138.88","110693.69","2015-01-04 00:00:00","1.05","270107.61","9737.5","39600.08","39600.08","0","0","conventional","Sacramento"
"19","514202.63","281209.49","2015-08-16 00:00:00","1.05","176899.01","16942.25","39151.88","38649.39","502.49","0","conventional","SanDiego"
"25","587740.55","328818.07","2015-07-05 00:00:00","1.05","187820.87","18794.71","52306.9","46816.59","5490.31","0","conventional","SanDiego"
"0","692206.4","181704.67","2015-12-27 00:00:00","1.05","422617.8","28184.73","59699.2","59094.49","582.9","21.81","conventional","SanFrancisco"
"4","651638.6","102783.08","2015-11-29 00:00:00","1.05","462966.47","31195.04","54694.01","53992.69","647.78","53.54","conventional","SanFrancisco"
"2","454428.03","114813.13","2015-12-13 00:00:00","1.05","156347.74","9650.5","173616.66","173537.66","35.61","43.39","conventional","Seattle"
"20","353930.82","179463.07","2015-08-09 00:00:00","1.05","69024.22","18362.39","87081.14","75517.04","11497.68","66.42","conventional","SouthCarolina"
"23","379505.99","212349.9","2015-07-19 00:00:00","1.05","70690.71","18957.89","77507.49","67097.27","10410.22","0","conventional","SouthCarolina"
"25","406711.2","204374.47","2015-07-05 00:00:00","1.05","93000.23","20072.67","89263.83","78695.41","10568.42","0","conventional","SouthCarolina"
"31","407499.97","247039.02","2015-05-24 00:00:00","1.05","58352.93","20373.51","81734.51","69674.41","12060.1","0","conventional","SouthCarolina"
"37","356627.38","220208.81","2015-04-12 00:00:00","1.05","49060.02","16838.53","70520.02","57990.96","12529.06","0","conventional","SouthCarolina"
"43","337576.71","213315.88","2015-03-01 00:00:00","1.05","42197.08","13638.46","68425.29","57884.58","10540.71","0","conventional","SouthCarolina"
"0","67099.38","20577.16","2015-12-27 00:00:00","1.05","21592.44","2889.97","22039.81","21900.09","0","139.72","conventional","Spokane"
"14","79503.08","20718.72","2015-09-20 00:00:00","1.05","42342.6","4327.13","12114.63","12114.63","0","0","conventional","Spokane"
"24","86318.9","45146.65","2015-07-12 00:00:00","1.05","23703.42","3714.04","13754.79","13594.7","160.09","0","conventional","Spokane"
"19","31936856.18","12680252.48","2015-08-16 00:00:00","1.05","12998327.25","1143364.58","5114911.87","4342839.06","703542.1","68530.71","conventional","TotalUS"
"20","33254911.87","13003371.07","2015-08-09 00:00:00","1.05","13926692.62","1014520.88","5310327.3","4391461.66","888237.91","30627.73","conventional","TotalUS"
"51","449263.47","350316.16","2016-01-03 00:00:00","1.05","32958.06","396.68","65592.57","43674.84","21906.93","10.8","conventional","Atlanta"
"31","665086.17","4319.45","2016-05-22 00:00:00","1.05","430580.52","81859.54","148326.66","146904.74","136.92","1285","conventional","Boston"
"34","716003.18","4764.79","2016-05-01 00:00:00","1.05","520369.75","54779.3","136089.34","136034.89","54.45","0","conventional","Boston"
"41","651211.44","5420.01","2016-03-13 00:00:00","1.05","487268.37","46932.61","111590.45","111440.08","150.37","0","conventional","Boston"
"46","678810.37","5986.94","2016-02-07 00:00:00","1.05","511548.6","25200.19","136074.64","134178.5","1896.14","0","conventional","Boston"
"48","670376.77","3107.96","2016-01-24 00:00:00","1.05","482030.79","26052.91","159185.11","158806.43","378.68","0","conventional","Boston"
"18","6308000.34","2646367.78","2016-08-21 00:00:00","1.05","1712067.2","171379.36","1778186","1679257.49","61139.96","37788.55","conventional","California"
"33","253622.75","55853.79","2016-05-08 00:00:00","1.05","113811.25","18608.39","65349.32","57141.94","7275.44","931.94","conventional","Charlotte"
"41","236131.07","39325.69","2016-03-13 00:00:00","1.05","111943.87","22961.75","61899.76","50889.7","11010.06","0","conventional","Charlotte"
"43","215161.41","35461.06","2016-02-28 00:00:00","1.05","106914.98","19046.18","53739.19","43150.21","10588.98","0","conventional","Charlotte"
"23","280542.19","5441.72","2016-07-17 00:00:00","1.05","136098.54","6998.74","132003.19","25789.15","101973.21","4240.83","conventional","CincinnatiDayton"
"28","237773.53","7943.24","2016-06-12 00:00:00","1.05","149994.79","7051.08","72784.42","23417.1","46347.93","3019.39","conventional","CincinnatiDayton"
"41","140244.15","47503.75","2016-03-13 00:00:00","1.05","31781.65","18665.91","42292.84","26468.1","14097.62","1727.12","conventional","Columbus"
"44","126067.56","46771.81","2016-02-21 00:00:00","1.05","36674.01","15757.97","26863.77","19800.56","6111.41","951.8","conventional","Columbus"
"1","298755.3","82536.6","2016-12-18 00:00:00","1.05","85859.26","10805.16","119554.28","117398.2","2071.85","84.23","conventional","Detroit"
"39","378431.9","80333.46","2016-03-27 00:00:00","1.05","65448.49","119488.87","113161.08","55446.34","37647.04","20067.7","conventional","Detroit"
"49","172166.36","3810.41","2016-01-17 00:00:00","1.05","106814.67","5407","56134.28","52363.98","2469.87","1300.43","conventional","GrandRapids"
"30","3925300.14","583307.07","2016-05-29 00:00:00","1.05","1952011.72","280608.56","1109372.79","868963.09","210973.46","29436.24","conventional","GreatLakes"
"37","3126127.34","497880.34","2016-04-10 00:00:00","1.05","1454195.66","299669.72","874381.62","628085.89","225792.03","20503.7","conventional","GreatLakes"
"43","3419909.75","369566.69","2016-02-28 00:00:00","1.05","1862761.88","427177","760404.18","512998.19","207221.18","40184.81","conventional","GreatLakes"
"49","3166941.66","364949.96","2016-01-17 00:00:00","1.05","1695887.65","357831.91","748272.14","554459.07","167786.33","26026.74","conventional","GreatLakes"
"36","257743.57","42204.53","2016-04-17 00:00:00","1.05","135971.63","137.93","79429.48","76854.18","2575.3","0","conventional","HarrisburgScranton"
"37","237139.23","42096.16","2016-04-10 00:00:00","1.05","116591.89","168.03","78283.15","75903.63","2379.52","0","conventional","HarrisburgScranton"
"6","828866.8","431731.62","2016-11-13 00:00:00","1.05","231630.38","4850.4","160654.4","61276.87","99274.75","102.78","conventional","Houston"
"29","208086.58","16444.14","2016-06-05 00:00:00","1.05","100386.68","21893.15","69362.61","39935.76","23087.08","6339.77","conventional","Indianapolis"
"14","175928.62","72171.22","2016-09-18 00:00:00","1.05","27540.24","84.22","76132.94","23455.33","52677.61","0","conventional","Jacksonville"
"37","2836884.82","589785.48","2016-04-10 00:00:00","1.05","1349757.59","79794.87","817546.88","703737.29","112614.44","1195.15","conventional","Midsouth"
"40","3198477.41","617677.39","2016-03-20 00:00:00","1.05","1715343.39","98398.87","767057.76","672333.85","91600.75","3123.16","conventional","Midsouth"
"43","3032920.39","593530.85","2016-02-28 00:00:00","1.05","1680329.57","106123.73","652936.24","544827.75","105806.49","2302","conventional","Midsouth"
"49","3001683.91","631861.3","2016-01-17 00:00:00","1.05","1547484.48","136752.83","685585.3","613646.83","70548.01","1390.46","conventional","Midsouth"
"3","253241.58","143482.91","2016-12-04 00:00:00","1.05","24486.13","120","85152.54","62849.94","19437.6","2865","conventional","NewOrleansMobile"
"26","267116.01","137323.53","2016-06-26 00:00:00","1.05","37595.55","396.04","91800.89","73510.29","9280.6","9010","conventional","NewOrleansMobile"
"38","349121.77","178043.1","2016-04-03 00:00:00","1.05","55773.85","251.72","115053.1","49626.46","65426.64","0","conventional","Orlando"
"44","296932.11","145443.75","2016-02-21 00:00:00","1.05","50580.83","89.81","100817.72","42824.92","57992.8","0","conventional","Orlando"
"40","543578.3","17109.23","2016-03-20 00:00:00","1.05","287549.42","615.09","238304.56","230449.61","7854.95","0","conventional","Philadelphia"
"25","2259572.01","684349.38","2016-07-03 00:00:00","1.05","761167.83","10691.9","803362.9","717323.25","34035.78","52003.87","conventional","Plains"
"47","1851372.18","870097.66","2016-01-31 00:00:00","1.05","571495.47","18332.66","391446.39","340740.98","49335.69","1369.72","conventional","Plains"
"44","263148.45","55054.39","2016-02-21 00:00:00","1.05","118359.43","19436.13","70298.5","69867.25","431.25","0","conventional","RaleighGreensboro"
"38","488547.76","128563.45","2016-04-03 00:00:00","1.05","284764.63","21875.92","53343.76","53306.03","37.73","0","conventional","Sacramento"
"13","566089.72","217679.82","2016-09-25 00:00:00","1.05","136015.14","15808.76","196586","182692.61","12821.45","1071.94","conventional","SanDiego"
"48","844417.47","115036.6","2016-01-24 00:00:00","1.05","621996.45","41235.01","66149.41","65970.6","166.4","12.41","conventional","SanFrancisco"
"38","340564.79","150247.08","2016-04-03 00:00:00","1.05","97713.54","6435.41","86168.76","63628.3","22540.46","0","conventional","SouthCarolina"
"49","287599.16","149490.32","2016-01-17 00:00:00","1.05","74436.77","9610.22","54061.85","42971.35","11090.5","0","conventional","SouthCarolina"
"31","3416062.07","1634620.91","2016-05-22 00:00:00","1.05","666118.47","11952.59","1103370.1","536816.84","512209.9","54343.36","conventional","Southeast"
"39","3242245.67","1671682.99","2016-03-27 00:00:00","1.05","604702.79","13925.65","951934.24","530183.19","421736","15.05","conventional","Southeast"
"40","3304400.62","1726223.26","2016-03-20 00:00:00","1.05","616754.35","15753.25","945669.76","506482.12","439187.64","0","conventional","Southeast"
"14","74748.35","17028.27","2016-09-18 00:00:00","1.05","21111.25","378.65","36230.18","32496.53","3721.45","12.2","conventional","Spokane"
"15","182676.07","97942.83","2016-09-11 00:00:00","1.05","20573.17","32.1","64127.97","50774.93","13353.04","0","conventional","StLouis"
"44","321995.93","146660.22","2016-02-21 00:00:00","1.05","67636.88","75.71","107623.12","55694.57","51928.55","0","conventional","Tampa"
"49","304269.38","138371.21","2016-01-17 00:00:00","1.05","49996.61","101.81","115799.75","70537.04","45235.19","27.52","conventional","Tampa"
"11","732830.17","432642.49","2016-10-09 00:00:00","1.05","61267.94","11748.36","227171.38","153534.17","73637.21","0","conventional","WestTexNewMexico"
"46","874349.55","144293.33","2017-02-12 00:00:00","1.05","454380.75","187793.92","87881.55","81975.72","2104.44","3801.39","conventional","Chicago"
"4","302992","5197","2017-12-03 00:00:00","1.05","133150","1399","163245","20306","142867","73","conventional","CincinnatiDayton"
"9","1071345.81","548902.52","2017-10-29 00:00:00","1.05","213645.56","2639.97","306157.76","180681.23","125267.43","209.1","conventional","DallasFtWorth"
"48","887964.38","172614.57","2017-01-29 00:00:00","1.05","214811.63","14725.98","485812.2","315628.11","169960.03","224.06","conventional","Denver"
"50","3893220.87","667328.63","2017-01-15 00:00:00","1.05","1705655.8","182713.77","1337522.67","878109.85","449340.86","10071.96","conventional","GreatLakes"
"30","376990.33","137454.97","2017-06-04 00:00:00","1.05","53764.53","8227.13","177543.7","63050.35","114357.24","136.11","conventional","LasVegas"
"49","793514.22","308899.67","2017-01-22 00:00:00","1.05","230819.58","377.73","253417.24","71856.16","181454.14","106.94","conventional","MiamiFtLauderdale"
"20","268655.66","124290.96","2017-08-13 00:00:00","1.05","38810.91","91.21","105462.58","87901.11","16066.8","1494.67","conventional","Nashville"
"35","205559.96","101894.13","2017-04-30 00:00:00","1.05","53722.34","3641.61","46301.88","31302.01","14958.2","41.67","conventional","Pittsburgh"
"2","1829991.74","931127.59","2017-12-17 00:00:00","1.05","418034.24","4249.88","476580.03","364590.57","111973.42","16.04","conventional","Plains"
"44","2008263.47","1013358.38","2017-02-26 00:00:00","1.05","453752.92","14783.06","526369.11","462233.19","58328.14","5807.78","conventional","Plains"
"50","2064194.02","925668.48","2017-01-15 00:00:00","1.05","529337.88","6259.33","602928.33","545116.32","46315.29","11496.72","conventional","Plains"
"3","137960.99","38481.95","2017-12-10 00:00:00","1.05","36370.51","73.18","63035.35","57738.32","5284.43","12.6","conventional","Roanoke"
"27","586241.71","212203.54","2017-06-25 00:00:00","1.05","131972.03","19457.18","222608.96","220632.65","197.32","1778.99","conventional","SanDiego"
"34","613046.52","221144.52","2017-05-07 00:00:00","1.05","148033.96","20790.62","223077.42","221019.65","202.29","1855.48","conventional","SanDiego"
"3","992871.42","302200.79","2017-12-10 00:00:00","1.05","593521.66","2372.46","94776.51","91822.55","55.17","2898.79","conventional","SanFrancisco"
"20","6058478.32","2794533.52","2017-08-13 00:00:00","1.05","1399558.46","22466.02","1841920.32","940654.23","893304.81","7961.28","conventional","SouthCentral"
"23","5550586.51","2881726.68","2017-07-23 00:00:00","1.05","1185462.48","16702.54","1466694.81","1013213.46","427812.72","25668.63","conventional","SouthCentral"
"2","5007523.13","1786351.75","2017-12-17 00:00:00","1.05","1225289.22","80134.21","1915747.95","1083960.19","820156.22","11631.54","conventional","West"
"27","6929193.97","2401714.73","2017-06-25 00:00:00","1.05","1201234.39","128253.56","3197991.29","1956121.79","1236850.44","5019.06","conventional","West"
"39","6442820.51","2439188.31","2017-04-02 00:00:00","1.05","1116769.5","161765.78","2725096.92","1817462.84","904013.54","3620.54","conventional","West"
"2","212107.87","60498.56","2018-03-11 00:00:00","1.05","22813.02","2942.75","125853.54","85932.68","39844.53","76.33","conventional","Columbus"
"6","4104031.93","998859.86","2018-02-11 00:00:00","1.05","1221482.58","336456.51","1547232.98","1080233.43","398603.44","68396.11","conventional","GreatLakes"
"0","228837.36","53795.52","2018-03-25 00:00:00","1.05","53103.06","7008.97","114929.81","96343.12","15834.92","2751.77","conventional","Indianapolis"
"3","371269.22","83041.34","2018-03-04 00:00:00","1.05","107504.82","6520.79","174202.27","93651.31","80100.96","450","conventional","LasVegas"
"4","352533.59","76253.45","2018-02-25 00:00:00","1.05","109855.16","6642.99","159781.99","76321.56","82977.1","483.33","conventional","LasVegas"
"9","364155.28","78984.26","2018-01-21 00:00:00","1.05","100813.61","6256.28","178101.13","69513.95","108140.51","446.67","conventional","LasVegas"
"11","345809.34","78921.42","2018-01-07 00:00:00","1.05","113033.07","7515.77","146339.08","60836.42","85049.33","453.33","conventional","LasVegas"
"5","230083.5","96889.96","2018-02-18 00:00:00","1.05","9241.74","323.04","123628.76","84042.09","37977.78","1608.89","conventional","Nashville"
"2","316463.18","177320.17","2018-03-11 00:00:00","1.05","22478.1","2158","114506.91","93807.58","20352.66","346.67","conventional","NewOrleansMobile"
"6","452805.55","213633.63","2018-02-11 00:00:00","1.05","65654.71","3577.01","169940.2","126052.2","40667.08","3220.92","conventional","SouthCarolina"
"9","257250.2","98471.49","2018-01-21 00:00:00","1.05","7427.5","582.75","150768.46","123950.8","26817.66","0","conventional","StLouis"
"1","41386314.12","13707389.51","2018-03-18 00:00:00","1.05","11061051.69","645380.85","15972492.07","11712807.19","3988101.74","271583.14","conventional","TotalUS"
"10","7577456.14","2249412.86","2018-01-14 00:00:00","1.05","2028819.77","113257.03","3185966.48","1152416.21","2017353.32","16196.95","conventional","West"
"36","10387.69","172.29","2015-04-19 00:00:00","1.05","8811.28","0","1404.12","976.03","428.09","0","organic","Roanoke"
"50","20089.52","18294.44","2015-01-11 00:00:00","1.05","767.68","1.44","1025.96","1025.96","0","0","organic","SanDiego"
"27","8908.04","0","2016-06-19 00:00:00","1.05","4079.79","0","4828.25","2003.1","2825.15","0","organic","Boise"
"25","19128.61","482.4","2016-07-03 00:00:00","1.05","10370.88","0","8275.33","746.79","7528.54","0","organic","CincinnatiDayton"
"16","30716.5","9117.89","2016-09-04 00:00:00","1.05","327.08","0","21271.53","21031.82","239.71","0","organic","DallasFtWorth"
"23","27581.91","7602.87","2016-07-17 00:00:00","1.05","388.98","0","19590.06","12860.35","6729.71","0","organic","DallasFtWorth"
"27","28277.44","10059.74","2016-06-19 00:00:00","1.05","668.96","0","17548.74","17132.19","416.55","0","organic","DallasFtWorth"
"29","26357.74","9412.3","2016-06-05 00:00:00","1.05","640.22","0","16305.22","13879.09","2426.13","0","organic","DallasFtWorth"
"51","30514.09","7003.19","2016-01-03 00:00:00","1.05","4240.7","51.8","19218.4","368.17","18850.23","0","organic","Denver"
"5","15249.78","596.36","2016-11-20 00:00:00","1.05","4877.64","0","9775.78","692.45","9083.33","0","organic","Detroit"
"25","21345.19","778.4","2016-07-03 00:00:00","1.05","9330.9","0","11235.89","857.26","10378.63","0","organic","Detroit"
"28","19398.78","8780.1","2016-06-12 00:00:00","1.05","51.55","0","10567.13","9910.16","656.97","0","organic","Houston"
"29","20914.8","9052.29","2016-06-05 00:00:00","1.05","84.02","0","11778.49","9907.74","1870.75","0","organic","Houston"
"37","108798.33","10479.16","2016-04-10 00:00:00","1.05","31798.45","0","66520.72","63788","2732.72","0","organic","LosAngeles"
"25","3479.9","0","2016-07-03 00:00:00","1.05","1644.42","0","1835.48","133.33","1702.15","0","organic","Louisville"
"1","4534.36","209.22","2016-12-18 00:00:00","1.05","2077.44","0","2247.7","27.22","2220.48","0","organic","Nashville"
"10","8007.21","386.64","2016-10-16 00:00:00","1.05","3596.89","0","4023.68","58.37","3965.31","0","organic","Nashville"
"30","11411.49","151.89","2016-05-29 00:00:00","1.05","5283.51","242.3","5733.79","2428","3305.79","0","organic","RichmondNorfolk"
"17","11054.8","66.5","2016-08-28 00:00:00","1.05","3677.43","0","7310.87","1541.06","5769.81","0","organic","Roanoke"
"31","130641.29","37426.79","2016-05-22 00:00:00","1.05","9630.79","231.79","83351.92","66161","17190.92","0","organic","SouthCentral"
"52","2823.82","0","2017-01-01 00:00:00","1.05","368.63","0","2455.19","577.91","1877.28","0","organic","Boise"
"44","28944.94","7437.63","2017-02-26 00:00:00","1.05","210.19","0","21297.12","21167.36","129.76","0","organic","DallasFtWorth"
"0","32775.71","398.15","2017-12-31 00:00:00","1.05","2116.14","0","30261.42","27997.42","2264","0","organic","Detroit"
"44","143520.74","12328.78","2017-02-26 00:00:00","1.05","30665.47","3.2","100523.29","87365.6","13157.69","0","organic","LosAngeles"
"38","383139.49","318473.47","2015-04-05 00:00:00","1.04","19254.39","374.51","45037.12","28612.48","16289.92","134.72","conventional","Atlanta"
"3","649141.25","51129.29","2015-12-06 00:00:00","1.04","453586.5","25760.49","118664.97","117112.77","1552.2","0","conventional","BaltimoreWashington"
"6","718330.48","47109.75","2015-11-15 00:00:00","1.04","503470.08","37990.29","129760.36","125297.67","4462.69","0","conventional","BaltimoreWashington"
"26","75280.41","59111.33","2015-06-28 00:00:00","1.04","6573.26","3974.75","5621.07","5619.44","0","1.63","conventional","Boise"
"7","641759.57","5304.09","2015-11-08 00:00:00","1.04","542880.92","231.74","93342.82","88265.25","5077.57","0","conventional","Boston"
"46","609985.34","7653.19","2015-02-08 00:00:00","1.04","495731.7","383.73","106216.72","105403.38","813.34","0","conventional","Boston"
"13","5216784.63","1860050.39","2015-09-27 00:00:00","1.04","2635028.38","206460.07","515245.79","496867.66","13336.34","5041.79","conventional","California"
"34","978376.13","64798.64","2015-05-03 00:00:00","1.04","690167.81","129694.01","93715.67","89297.42","4414.64","3.61","conventional","Chicago"
"32","234579.34","10239.98","2015-05-17 00:00:00","1.04","150323.91","14523.82","59491.63","18091.92","38536.09","2863.62","conventional","CincinnatiDayton"
"5","115089.62","50334.8","2015-11-22 00:00:00","1.04","25643.76","20730.65","18380.41","13855.13","2827.12","1698.16","conventional","Columbus"
"9","119210.27","59745.47","2015-10-25 00:00:00","1.04","23351.18","19024.16","17089.46","11461.37","3925.91","1702.18","conventional","Columbus"
"16","144563.15","61052.61","2015-09-06 00:00:00","1.04","40880.96","20842.4","21787.18","16533.98","3611.52","1641.68","conventional","Columbus"
"24","143992.91","69964.42","2015-07-12 00:00:00","1.04","32449.21","16034.68","25544.6","22605.91","2366.05","572.64","conventional","Columbus"
"8","340746.59","112432.15","2015-11-01 00:00:00","1.04","67252.29","104529.5","56532.65","35176.99","1106.6","20249.06","conventional","Detroit"
"21","364735.69","157018.49","2015-08-02 00:00:00","1.04","58592.28","76533.58","72591.34","63454.14","1676.31","7460.89","conventional","Detroit"
"23","370830.93","125844.19","2015-07-19 00:00:00","1.04","66223.96","105281.52","73481.26","61402.16","2038.49","10040.61","conventional","Detroit"
"28","372413.5","136802.87","2015-06-14 00:00:00","1.04","58418.17","90747.55","86444.91","80661.4","1786.01","3997.5","conventional","Detroit"
"17","3388803.79","478858.03","2015-08-30 00:00:00","1.04","1877733.21","419390.5","612822.05","457558.59","111788.68","43474.78","conventional","GreatLakes"
"40","3746598.18","543151.72","2015-03-22 00:00:00","1.04","2146436.5","451798.84","605211.12","453829.96","105804.36","45576.8","conventional","GreatLakes"
"42","3134752.64","380674.2","2015-03-08 00:00:00","1.04","1675102.29","253978.78","824997.37","697812.88","114519.6","12664.89","conventional","GreatLakes"
"0","123096.09","4647.28","2015-12-27 00:00:00","1.04","69384.73","11206.4","37857.68","20644.64","11524.06","5688.98","conventional","Indianapolis"
"13","139490.52","2961.25","2015-09-27 00:00:00","1.04","85578.17","16176.43","34774.67","19742.24","12078.24","2954.19","conventional","Indianapolis"
"0","61654.94","1377.63","2015-12-27 00:00:00","1.04","37760.21","3204.01","19313.09","11289.8","7288.66","734.63","conventional","Louisville"
"6","58816.5","1374.81","2015-11-15 00:00:00","1.04","33868.95","1787.47","21785.27","12910.54","8473.25","401.48","conventional","Louisville"
"7","2503008.26","568612.19","2015-11-08 00:00:00","1.04","1248271.45","228267.05","457857.57","402488.58","52180.99","3188","conventional","Midsouth"
"6","124671.4","77510.5","2015-11-15 00:00:00","1.04","11869.33","5903.53","29388.04","24126.65","5261.39","0","conventional","Nashville"
"13","160547.52","93381.62","2015-09-27 00:00:00","1.04","25445","6807.92","34912.98","25432.19","9435.58","45.21","conventional","Nashville"
"30","166214.14","117285.11","2015-05-31 00:00:00","1.04","8351.55","11839","28738.48","24244.27","4413.3","80.91","conventional","Nashville"
"18","240560.86","152247.87","2015-08-23 00:00:00","1.04","18687.77","2886.6","66738.62","61777.91","4942.58","18.13","conventional","NewOrleansMobile"
"19","253158.7","151208.53","2015-08-16 00:00:00","1.04","16681.65","7405.88","77862.64","72975.89","4844.44","42.31","conventional","NewOrleansMobile"
"21","248670.72","157656.04","2015-08-02 00:00:00","1.04","8025.5","11763","71226.18","66186.24","5015.77","24.17","conventional","NewOrleansMobile"
"30","245293.53","164856.45","2015-05-31 00:00:00","1.04","8536.94","319","71581.14","67111.69","4469.45","0","conventional","NewOrleansMobile"
"6","1357393.34","23669.62","2015-11-15 00:00:00","1.04","1107466.31","929.57","225327.84","196060.17","29267.67","0","conventional","NewYork"
"28","537725.07","2804.46","2015-06-14 00:00:00","1.04","362082.5","10744.54","162093.57","162093.57","0","0","conventional","NorthernNewEngland"
"31","512172.44","2624.76","2015-05-24 00:00:00","1.04","372289.48","53.34","137204.86","137204.86","0","0","conventional","NorthernNewEngland"
"22","1844887.26","898275.28","2015-07-26 00:00:00","1.04","576870.99","53882.08","315858.91","292786.5","21669.83","1402.58","conventional","Plains"
"29","2026464.23","1207877.63","2015-06-07 00:00:00","1.04","445069.67","17034.85","356482.08","353409.98","1330.64","1741.46","conventional","Plains"
"4","353818.15","78566.84","2015-11-29 00:00:00","1.04","113850.46","13672.29","147728.56","147268.25","89","371.31","conventional","Portland"
"7","406548.16","100419.74","2015-11-08 00:00:00","1.04","152265.41","15085.38","138777.63","136935.61","236.07","1605.95","conventional","Portland"
"16","301641.21","56439.41","2015-09-06 00:00:00","1.04","83271.26","77352.73","84577.81","83519.16","1058.65","0","conventional","RaleighGreensboro"
"12","200821.29","67267.71","2015-10-04 00:00:00","1.04","91381.65","11357.4","30814.53","30425.15","389.38","0","conventional","RichmondNorfolk"
"14","195742.46","76712.59","2015-09-20 00:00:00","1.04","72627.68","11692.02","34710.17","34070.17","640","0","conventional","RichmondNorfolk"
"18","232074.44","76650.45","2015-08-23 00:00:00","1.04","96308.77","12155.66","46959.56","46959.56","0","0","conventional","RichmondNorfolk"
"32","262509.58","91276.43","2015-05-17 00:00:00","1.04","103883.14","11273.72","56076.29","52612.5","3458.56","5.23","conventional","RichmondNorfolk"
"12","114487.07","51177.03","2015-10-04 00:00:00","1.04","38394.24","126.92","24788.88","24788.88","0","0","conventional","Roanoke"
"21","122568.69","48105.03","2015-08-02 00:00:00","1.04","45920.97","92.49","28450.2","28450.2","0","0","conventional","Roanoke"
"22","118455.23","48519.87","2015-07-26 00:00:00","1.04","38794.48","67.53","31073.35","31073.35","0","0","conventional","Roanoke"
"23","124246.77","48761.54","2015-07-19 00:00:00","1.04","41554.57","110.24","33820.42","33820.42","0","0","conventional","Roanoke"
"26","131276.21","50052.8","2015-06-28 00:00:00","1.04","43905.58","68.94","37248.89","37248.89","0","0","conventional","Roanoke"
"47","771974.9","287292.15","2015-02-01 00:00:00","1.04","429601.75","15342.47","39738.53","39738.53","0","0","conventional","Sacramento"
"17","490268.77","277305.27","2015-08-30 00:00:00","1.04","145974.51","19843.62","47145.37","45500.19","1645.18","0","conventional","SanDiego"
"36","488094.98","270328.18","2015-04-19 00:00:00","1.04","156651.22","13282.24","47833.34","25453.84","22379.5","0","conventional","SanDiego"
"5","709444.22","121232.94","2015-11-22 00:00:00","1.04","502068.19","29410.26","56732.83","55908.92","773.33","50.58","conventional","SanFrancisco"
"12","762866.62","119177.06","2015-10-04 00:00:00","1.04","563257.19","32511.26","47921.11","47092.45","796.67","31.99","conventional","SanFrancisco"
"1","211066.05","115402.34","2015-12-20 00:00:00","1.04","39931.51","6244.22","49487.98","44628.73","4851.44","7.81","conventional","SouthCarolina"
"12","267919.95","123692.52","2015-10-04 00:00:00","1.04","70671.2","14906.36","58649.87","38750.39","19899.48","0","conventional","SouthCarolina"
"29","378845.21","223638.72","2015-06-07 00:00:00","1.04","46631.18","17294.66","91280.65","80177.95","11102.7","0","conventional","SouthCarolina"
"9","26240072.11","8683958.8","2015-10-25 00:00:00","1.04","11410478.34","1188118.95","4957516.02","3918658.43","999727.7","39129.89","conventional","TotalUS"
"25","37943670.34","15643939.37","2015-07-05 00:00:00","1.04","14213650.06","1342465.95","6743614.96","5803954.33","905204.55","34456.08","conventional","TotalUS"
"31","35344183.15","16000107.8","2015-05-24 00:00:00","1.04","12513821.19","899779.92","5930474.24","5094263.38","815628.55","20582.31","conventional","TotalUS"
"39","29982648.43","12524637.04","2015-03-29 00:00:00","1.04","11541041.35","811272.88","5105697.16","4487886.76","610349.2","7461.2","conventional","TotalUS"
"41","29572225.71","13149988.71","2015-03-15 00:00:00","1.04","10634070.76","871575.04","4916591.2","4287621.56","614904.92","14064.72","conventional","TotalUS"
"48","28470310.84","12167445.03","2015-01-25 00:00:00","1.04","10734652.82","768020.05","4800192.94","3978636.9","812924.73","8631.31","conventional","TotalUS"
"18","5197578.46","2160130.08","2015-08-23 00:00:00","1.04","2054710.68","107786.51","874951.19","709163.29","165723.93","63.97","conventional","West"
"23","5525298.95","2337242.49","2015-07-19 00:00:00","1.04","2065939.21","113523.76","1008593.49","665157.51","343389.61","46.37","conventional","West"
"20","508354.34","252171.77","2016-08-07 00:00:00","1.04","63197.28","58.44","192926.85","131851.39","61075.46","0","conventional","Atlanta"
"44","417205.77","270173.33","2016-02-21 00:00:00","1.04","61591.16","1996.32","83444.96","55736.39","27708.57","0","conventional","Atlanta"
"47","437490.64","290451.27","2016-01-31 00:00:00","1.04","58974.21","412.16","87653","54822.3","32830.7","0","conventional","Atlanta"
"49","445089.93","308722.88","2016-01-17 00:00:00","1.04","45915.91","654.09","89797.05","56526.21","33270.84","0","conventional","Atlanta"
"38","154802","1164.29","2016-04-03 00:00:00","1.04","72025.38","18.55","81593.78","81542.67","51.11","0","conventional","BuffaloRochester"
"34","249786.11","53589.93","2016-05-01 00:00:00","1.04","112926.95","18934.08","64335.15","52070.2","12264.95","0","conventional","Charlotte"
"32","930403.37","49039.58","2016-05-15 00:00:00","1.04","609294.15","157984.71","114084.93","108571.35","4797.75","715.83","conventional","Chicago"
"15","266719.89","5370.62","2016-09-11 00:00:00","1.04","122058.81","1567.4","137723.06","29123.32","108519.74","80","conventional","CincinnatiDayton"
"26","201923.72","99552.74","2016-06-26 00:00:00","1.04","37201.77","10852.83","54316.38","45985.7","4847.72","3482.96","conventional","Columbus"
"40","152572.16","46047.38","2016-03-20 00:00:00","1.04","35537.84","28532.36","42454.58","22445.88","16153.49","3855.21","conventional","Columbus"
"0","765511.4","123942.37","2016-12-25 00:00:00","1.04","206365.38","15600.07","419603.58","267985.33","151602.51","15.74","conventional","Denver"
"1","705750.83","116069.9","2016-12-18 00:00:00","1.04","232182.6","10972.28","346526.05","246935.09","99582.36","8.6","conventional","Denver"
"24","835116.1","190377.09","2016-07-10 00:00:00","1.04","230361.94","20484.14","393892.93","137890.73","252846.64","3155.56","conventional","Denver"
"30","348557.33","127403.87","2016-05-29 00:00:00","1.04","45533","38082.17","137538.29","122656.94","4439.52","10441.83","conventional","Detroit"
"47","364612.83","131406.58","2016-01-31 00:00:00","1.04","59678.32","96298.92","77229.01","49335.73","12767.39","15125.89","conventional","Detroit"
"33","272057.12","1949.46","2016-05-08 00:00:00","1.04","201017.01","5353.11","63737.54","56652.84","6645.68","439.02","conventional","GrandRapids"
"38","2968139.47","441199.94","2016-04-03 00:00:00","1.04","1373509.11","360264.17","793166.25","494820.07","265657.44","32688.74","conventional","GreatLakes"
"47","3330752.29","496596.01","2016-01-31 00:00:00","1.04","1762047.32","422063.61","650045.35","443401.36","158608.4","48035.59","conventional","GreatLakes"
"47","151247.03","76816.44","2016-01-31 00:00:00","1.04","21968.91","256.1","52205.58","21691.82","30513.76","0","conventional","Jacksonville"
"32","3205037.79","592139.41","2016-05-15 00:00:00","1.04","1687342.39","89570.91","835985.08","708347.56","121070.09","6567.43","conventional","Midsouth"
"35","3332609.87","665027.77","2016-04-24 00:00:00","1.04","1711268.77","90675.6","865637.73","760964.53","101987.63","2685.57","conventional","Midsouth"
"50","2871898.66","603274.41","2016-01-10 00:00:00","1.04","1439156.96","141334.22","688133.07","601246.48","85472.6","1413.99","conventional","Midsouth"
"18","314573.49","187528.23","2016-08-21 00:00:00","1.04","43283.16","305","83457.1","61315.63","12616.47","9525","conventional","NewOrleansMobile"
"37","409227.87","2856.55","2016-04-10 00:00:00","1.04","291174.46","50624.92","64571.94","64557.15","14.79","0","conventional","NorthernNewEngland"
"47","469689.07","18326.33","2016-01-31 00:00:00","1.04","344188.07","504.95","106669.72","97222.56","9447.16","0","conventional","Philadelphia"
"13","811939.65","354470.18","2016-09-25 00:00:00","1.04","208122.38","12131.33","237215.76","120712.22","115507.71","995.83","conventional","PhoenixTucson"
"28","2104834.28","892690.24","2016-06-12 00:00:00","1.04","628986.82","11290.7","571866.52","518050.97","28877.41","24938.14","conventional","Plains"
"38","1769050.34","898127.03","2016-04-03 00:00:00","1.04","451253.04","45776.71","373893.56","325591.8","46536.69","1765.07","conventional","Plains"
"43","230260.29","68025.31","2016-02-28 00:00:00","1.04","107712.33","6324.86","48197.79","47964.52","233.27","0","conventional","RichmondNorfolk"
"2","113394.91","36799.58","2016-12-11 00:00:00","1.04","27761.04","129.8","48704.49","47917.82","786.67","0","conventional","Roanoke"
"18","147961.26","45315.56","2016-08-21 00:00:00","1.04","46239.65","64.69","56341.36","52711.37","2759.99","870","conventional","Roanoke"
"19","145313.85","42321.57","2016-08-14 00:00:00","1.04","41576.7","89.14","61326.44","57870.22","3331.22","125","conventional","Roanoke"
"20","142168.01","43871.58","2016-08-07 00:00:00","1.04","45988.71","170.74","52136.98","42151.76","9020.22","965","conventional","Roanoke"
"22","150126.91","45204.04","2016-07-24 00:00:00","1.04","41843.9","61.47","63017.5","49239.71","9662.79","4115","conventional","Roanoke"
"23","144948.27","42725.53","2016-07-17 00:00:00","1.04","45126.99","138.97","56956.78","49605.1","1761.68","5590","conventional","Roanoke"
"1","384448.27","125324.05","2016-12-18 00:00:00","1.04","218206.45","887.61","40030.16","32583.06","5207.1","2240","conventional","Sacramento"
"45","447945.8","143312.43","2016-02-14 00:00:00","1.04","207645.46","17758.15","79229.76","79168.62","17.47","43.67","conventional","Sacramento"
"25","613005.97","182471.65","2016-07-03 00:00:00","1.04","186674.1","29141.44","214718.78","192454.33","20162.58","2101.87","conventional","SanDiego"
"28","357902.32","161172.25","2016-06-12 00:00:00","1.04","80778.03","19782.06","96169.98","73085.52","17292.79","5791.67","conventional","SouthCarolina"
"31","343576.29","135034.4","2016-05-22 00:00:00","1.04","98568.31","6909.7","103063.88","59371.64","40067.82","3624.42","conventional","SouthCarolina"
"44","302654.13","145774.22","2016-02-21 00:00:00","1.04","82586.6","7361.72","66931.59","49804.83","17126.76","0","conventional","SouthCarolina"
"38","3507226.18","1812848.17","2016-04-03 00:00:00","1.04","636304.92","12154.28","1045918.81","551758.29","494160.52","0","conventional","Southeast"
"44","3068786.09","1586507.45","2016-02-21 00:00:00","1.04","590119.92","13665.41","878493.31","459449.71","419043.6","0","conventional","Southeast"
"38","402546.34","196164.23","2016-04-03 00:00:00","1.04","73787.3","29.08","132565.73","68922.65","63643.08","0","conventional","Tampa"
"16","37130688.91","14643465.52","2016-09-04 00:00:00","1.04","11083513.46","540680.89","10863029.04","8555283.68","2214419.29","93326.07","conventional","TotalUS"
"26","36617023.79","12189035.17","2016-06-26 00:00:00","1.04","12029918.6","1624942.43","10773127.59","8834969.52","1609568.98","328589.09","conventional","TotalUS"
"28","35580820","12291686.69","2016-06-12 00:00:00","1.04","11533969.83","1607344.08","10147819.4","8039865.67","1796513.74","311439.99","conventional","TotalUS"
"14","5474121.64","1966754.72","2016-09-18 00:00:00","1.04","1200623.82","103658.21","2203084.89","1276040.86","922977.71","4066.32","conventional","West"
"5","126378","60008","2017-11-26 00:00:00","1.04","16437","984","48949","38018","10872","59","conventional","Columbus"
"44","186429.24","63979.21","2017-02-26 00:00:00","1.04","49174.69","3873.59","69401.75","66797.89","2588.27","15.59","conventional","Columbus"
"50","808771.72","147752.34","2017-01-15 00:00:00","1.04","212522.91","18135.24","430361.23","255414.77","174946.46","0","conventional","Denver"
"27","197095.32","7378.96","2017-06-25 00:00:00","1.04","72671.18","1002.29","116042.89","49444.51","64817.87","1780.51","conventional","Indianapolis"
"0","291922.57","57663.71","2017-12-31 00:00:00","1.04","111439.26","6018.29","116801.31","49190.85","67480.46","130","conventional","LasVegas"
"38","304603.84","115811.58","2017-04-09 00:00:00","1.04","40245.44","8785.16","139761.66","50811.89","88838.66","111.11","conventional","LasVegas"
"39","329722.62","118797.68","2017-04-02 00:00:00","1.04","41149.92","11317.61","158457.41","63726.92","94730.49","0","conventional","LasVegas"
"8","2691240.89","1079147.36","2017-11-05 00:00:00","1.04","743292.73","69039.29","799761.51","748133.99","14912.26","36715.26","conventional","LosAngeles"
"36","3074226.19","1118405.84","2017-04-23 00:00:00","1.04","429077.76","108744.24","1417998.35","1358189.5","3262.06","56546.79","conventional","LosAngeles"
"29","112253.93","2251.92","2017-06-11 00:00:00","1.04","46391.41","159.38","63451.22","17357.08","45674.42","419.72","conventional","Louisville"
"1","182002.85","96258.83","2017-12-24 00:00:00","1.04","6816.8","201.49","78725.73","65116.32","12231.63","1377.78","conventional","Nashville"
"10","809603.25","352330.12","2017-10-22 00:00:00","1.04","241655.47","3878.71","211738.95","170612.91","41122.71","3.33","conventional","PhoenixTucson"
"49","159303.6","68732.26","2017-01-22 00:00:00","1.04","45716.42","3110.59","41744.33","30703.03","11041.3","0","conventional","Pittsburgh"
"3","253167.21","66481.28","2017-12-10 00:00:00","1.04","75996.96","1058.89","109630.08","103972.45","5623.61","34.02","conventional","RichmondNorfolk"
"49","163498.85","48905.14","2017-01-22 00:00:00","1.04","46802.42","142.99","67648.3","66764.36","883.94","0","conventional","Roanoke"
"8","493425.51","162044.55","2017-11-05 00:00:00","1.04","219943.83","17093.91","94343.22","88039.76","3916.8","2386.66","conventional","SanDiego"
"43","517701.26","163424.69","2017-03-05 00:00:00","1.04","176304.67","19186.14","158785.76","157805.49","549.71","430.56","conventional","SanDiego"
"2","348367.63","174025.39","2017-12-17 00:00:00","1.04","54684.76","2567.12","117090.36","84686.83","30354.29","2049.24","conventional","SouthCarolina"
"6","5303858","2271643","2017-11-19 00:00:00","1.04","1110188","95334","1826693","815150","997264","14280","conventional","West"
"41","6242381.13","2318973.17","2017-03-19 00:00:00","1.04","1100226.44","142718.03","2680463.49","1775537.5","900751.44","4174.55","conventional","West"
"10","673664.68","390067.16","2017-10-22 00:00:00","1.04","159230.47","2000.47","122366.58","63878.87","58487.71","0","conventional","WestTexNewMexico"
"0","624645.42","281209.4","2018-03-25 00:00:00","1.04","33187.58","1831.33","308417.11","227944.75","77406.46","3065.9","conventional","Atlanta"
"5","538448.01","229255.93","2018-02-18 00:00:00","1.04","30082.73","1325.82","277783.53","198897.13","76224.45","2661.95","conventional","Atlanta"
"0","6687009.44","1932162.02","2018-03-25 00:00:00","1.04","2715163.6","92955.04","1946728.78","1827362.5","37434.21","81932.07","conventional","California"
"3","207531.29","61462.7","2018-03-04 00:00:00","1.04","17792.45","2208.68","126067.46","103725.06","21557.69","784.71","conventional","Columbus"
"8","348153.29","70883.01","2018-01-28 00:00:00","1.04","109999.79","5322.27","161948.22","82587.72","78955.87","404.63","conventional","LasVegas"
"11","2725856.44","1275098.12","2018-01-07 00:00:00","1.04","354221.03","91230.73","1005306.56","940327.03","18317.46","46662.07","conventional","LosAngeles"
"0","126662.1","31512.47","2018-03-25 00:00:00","1.04","24342.6","306.07","70500.96","49898.62","19277.55","1324.79","conventional","Louisville"
"10","291320.91","131981.77","2018-01-14 00:00:00","1.04","22212.81","355.01","136771.32","97153.34","38004.65","1613.33","conventional","Nashville"
"0","305105.53","171335.77","2018-03-25 00:00:00","1.04","20076.04","2425.1","111268.62","94895.33","15963.29","410","conventional","NewOrleansMobile"
"9","310587.46","192632.7","2018-01-21 00:00:00","1.04","23240.42","2212.37","92501.97","79583.19","11776.55","1142.23","conventional","NewOrleansMobile"
"1","759157.5","66714.53","2018-03-18 00:00:00","1.04","222709.52","18614.12","451119.33","144978.05","305017.82","1123.46","conventional","Portland"
"7","909127.6","189717.79","2018-02-04 00:00:00","1.04","289707.88","853.2","428848.73","115360.8","312387.51","1100.42","conventional","Seattle"
"9","7053820.12","2218365.17","2018-01-21 00:00:00","1.04","1811849.78","106001.28","2917603.89","1196963.03","1707643.76","12997.1","conventional","West"
"33","3355.53","12.58","2015-05-10 00:00:00","1.04","1328.8","0","2014.15","390","1624.15","0","organic","Louisville"
"8","7189.48","1566.6","2015-11-01 00:00:00","1.04","975.77","277.51","4369.6","603.79","3765.81","0","organic","StLouis"
"29","12826.69","1891.62","2016-06-05 00:00:00","1.04","4901.23","0","6033.84","950.42","5083.42","0","organic","Atlanta"
"50","2373.95","36.85","2016-01-10 00:00:00","1.04","684.99","0","1652.11","211.8","1440.31","0","organic","Boise"
"23","22576.93","541.3","2016-07-17 00:00:00","1.04","8960.19","0","13075.44","725.06","12350.38","0","organic","CincinnatiDayton"
"27","21910.54","699.16","2016-06-19 00:00:00","1.04","10546.16","0","10665.22","710.57","9954.65","0","organic","CincinnatiDayton"
"24","17788.81","6584.16","2016-07-10 00:00:00","1.04","491.32","0","10713.33","10175.25","538.08","0","organic","DallasFtWorth"
"26","30776.67","11200.61","2016-06-26 00:00:00","1.04","580.49","0","18995.57","18776.65","218.92","0","organic","DallasFtWorth"
"33","26837.25","8147.01","2016-05-08 00:00:00","1.04","601.13","0","18089.11","12168.76","5920.35","0","organic","DallasFtWorth"
"33","20458.56","7355.94","2016-05-08 00:00:00","1.04","26.73","0","13075.89","6977.83","6098.06","0","organic","Houston"
"35","117010.57","11729.01","2016-04-24 00:00:00","1.04","31942.24","0","73339.32","73262.37","76.95","0","organic","LosAngeles"
"16","4804.36","1.31","2016-09-04 00:00:00","1.04","1791.76","0","3011.29","353.33","2657.96","0","organic","Louisville"
"29","5130.06","0","2016-06-05 00:00:00","1.04","184.17","0","4945.89","4945.89","0","0","organic","NorthernNewEngland"
"17","180003.45","48259.41","2016-08-28 00:00:00","1.04","4469.44","8.79","127265.81","120903.43","6362.38","0","organic","SouthCentral"
"5","10510.27","1377.36","2016-11-20 00:00:00","1.04","537","0","8595.91","1375.01","7220.9","0","organic","StLouis"
"17","10875.76","2752.04","2016-08-28 00:00:00","1.04","1084.38","23.57","7015.77","550.24","6465.53","0","organic","StLouis"
"51","4137.35","3","2017-01-08 00:00:00","1.04","585.08","0","3549.27","632.37","2916.9","0","organic","Boise"
"40","24050.02","244.52","2017-03-26 00:00:00","1.04","4884.24","0","18921.26","958.19","17963.07","0","organic","CincinnatiDayton"
"43","26417.4","8206.79","2017-03-05 00:00:00","1.04","345.9","0","17864.71","17695.65","169.06","0","organic","DallasFtWorth"
"50","19472.79","3979.48","2017-01-15 00:00:00","1.04","1535.52","0","13957.79","13871.35","86.44","0","organic","DallasFtWorth"
"48","5571.99","222.81","2017-01-29 00:00:00","1.04","1495.17","0","3854.01","1209.49","2644.52","0","organic","Indianapolis"
"38","15659.62","659.45","2017-04-09 00:00:00","1.04","4489.03","247.92","10263.22","2985.66","7277.56","0","organic","RichmondNorfolk"
"37","204871.52","41474.4","2017-04-16 00:00:00","1.04","7200.29","12.02","156184.81","145920.93","10263.88","0","organic","SouthCentral"
"42","168236.96","42098.81","2017-03-12 00:00:00","1.04","4983.58","0","121154.57","80700.79","40453.78","0","organic","SouthCentral"
"46","10825.69","1444.56","2017-02-12 00:00:00","1.04","562.93","0","8818.2","1576.67","7241.53","0","organic","StLouis"
"37","28803.5","2551.72","2017-04-02 00:00:00","1.04","2586.16","11.61","23654.01","23267.01","387","0","organic","WestTexNewMexico"
"0","14503.47","78.95","2018-03-25 00:00:00","1.04","148.37","0","14276.15","9992.31","4283.84","0","organic","Syracuse"
"46","433883.91","377256.38","2015-02-08 00:00:00","1.03","17162.5","524.85","38940.18","18044.41","20895.77","0","conventional","Atlanta"
"1","57504.05","25628.22","2015-12-20 00:00:00","1.03","2546.09","7393.84","21935.9","21900.35","11.43","24.12","conventional","Boise"
"14","73952.9","34826.9","2015-09-20 00:00:00","1.03","21592.13","6640.07","10893.8","10601.02","273.41","19.37","conventional","Boise"
"31","83209.77","54825.95","2015-05-24 00:00:00","1.03","14839.33","6037.23","7507.26","7469.51","0","37.75","conventional","Boise"
"48","66069.21","51922.06","2015-01-25 00:00:00","1.03","7555.95","2061.16","4530.04","2009.53","2520.51","0","conventional","Boise"
"15","655682.95","5422.29","2015-09-13 00:00:00","1.03","560792.23","353.77","89114.66","84843.55","4271.11","0","conventional","Boston"
"7","164322.04","30860.74","2015-11-08 00:00:00","1.03","54456.01","49282.25","29723.04","28076.04","1647","0","conventional","Charlotte"
"22","216611.18","2474.11","2015-07-26 00:00:00","1.03","139527.28","5691.94","68917.85","24769.87","43020.67","1127.31","conventional","CincinnatiDayton"
"24","218170.8","3503.25","2015-07-12 00:00:00","1.03","148642.65","4243.48","61781.42","23225.75","37926.4","629.27","conventional","CincinnatiDayton"
"25","250626.33","3238.38","2015-07-05 00:00:00","1.03","165479.82","10201.81","71706.32","27500.3","43026.64","1179.38","conventional","CincinnatiDayton"
"1","117393.22","57557.75","2015-12-20 00:00:00","1.03","23198.49","16370.5","20266.48","11760.83","4248.29","4257.36","conventional","Columbus"
"2","124617.07","69742.59","2015-12-13 00:00:00","1.03","21750.83","12957.84","20165.81","14642.3","4307.42","1216.09","conventional","Columbus"
"4","97235.6","40352.94","2015-11-29 00:00:00","1.03","22858.09","16653.11","17371.46","12106.21","4115.58","1149.67","conventional","Columbus"
"17","147230.76","64531.04","2015-08-30 00:00:00","1.03","32172.79","25751.74","24775.19","16928.02","4937.44","2909.73","conventional","Columbus"
"19","155881.73","63291.37","2015-08-16 00:00:00","1.03","36257.41","32383.88","23949.07","15230.44","4314.54","4404.09","conventional","Columbus"
"29","187983.88","92110.97","2015-06-07 00:00:00","1.03","33225.37","29167.3","33480.24","23654.01","5888.63","3937.6","conventional","Columbus"
"43","136795.35","55610.59","2015-03-01 00:00:00","1.03","36034.55","25775.13","19375.08","13297.29","1837.6","4240.19","conventional","Columbus"
"41","662131.8","160422.27","2015-03-15 00:00:00","1.03","403060.76","5122.11","93526.66","50621.03","42905.63","0","conventional","Denver"
"42","719792.51","118578.11","2015-03-08 00:00:00","1.03","491584.39","7264.83","102365.18","54092.42","48272.76","0","conventional","Denver"
"43","670820.5","101528.39","2015-03-01 00:00:00","1.03","487873.51","5507.38","75911.22","38246.75","37664.47","0","conventional","Denver"
"7","343645.67","103367.05","2015-11-08 00:00:00","1.03","72647.24","113928.21","53703.17","30614.89","734.95","22353.33","conventional","Detroit"
"15","401472.63","151274.05","2015-09-13 00:00:00","1.03","73572.68","106452.77","70173.13","51456.91","1329.55","17386.67","conventional","Detroit"
"31","373245.43","193348.39","2015-05-24 00:00:00","1.03","34774.04","46503.59","98619.41","94585.49","715.81","3318.11","conventional","Detroit"
"50","185135.41","972.96","2015-01-11 00:00:00","1.03","127984.25","13798.9","42379.3","39193.44","2896.97","288.89","conventional","GrandRapids"
"2","2608448.06","463349.67","2015-12-13 00:00:00","1.03","1342449.84","228576.54","574072.01","409909.7","148004.93","16157.38","conventional","GreatLakes"
"5","2601821.63","347803.29","2015-11-22 00:00:00","1.03","1471865.16","280543.97","501609.21","391454.61","89472.08","20682.52","conventional","GreatLakes"
"10","2981549.94","396690.54","2015-10-18 00:00:00","1.03","1695841.56","353741.96","535275.88","419558.97","92629.46","23087.45","conventional","GreatLakes"
"15","3532480.92","492741.15","2015-09-13 00:00:00","1.03","1958150","447108.5","634481.27","448051.74","132685.58","53743.95","conventional","GreatLakes"
"19","3653376.07","414756.68","2015-08-16 00:00:00","1.03","2087149.52","475383.38","676086.49","486209.97","129683.8","60192.72","conventional","GreatLakes"
"2","125342.89","4904.51","2015-12-13 00:00:00","1.03","69984.32","11398.44","39055.62","21259.82","15580.08","2215.72","conventional","Indianapolis"
"27","205199.16","7214.14","2015-06-21 00:00:00","1.03","124628.24","14564.3","58792.48","33861.06","23155.13","1776.29","conventional","Indianapolis"
"23","269642.38","131325.7","2015-07-19 00:00:00","1.03","78566.88","5011.33","54738.47","44134.02","10604.45","0","conventional","LasVegas"
"30","285741.48","134269.07","2015-05-31 00:00:00","1.03","84841.82","8253.99","58376.6","41385.11","16991.49","0","conventional","LasVegas"
"18","2604991.25","1687625.73","2015-08-23 00:00:00","1.03","538010.14","92245.94","287109.44","279700.22","3994.61","3414.61","conventional","LosAngeles"
"24","2652480.7","1707544.28","2015-07-12 00:00:00","1.03","548712.47","83398.45","312825.5","298568.77","11398.26","2858.47","conventional","LosAngeles"
"10","74092.73","1772.55","2015-10-18 00:00:00","1.03","46436.42","2941.09","22942.67","12347.11","10100.74","494.82","conventional","Louisville"
"11","74536.59","2060.03","2015-10-11 00:00:00","1.03","44941.49","4873.81","22661.26","11836.73","10132.33","692.2","conventional","Louisville"
"34","95550.51","2031.68","2015-05-03 00:00:00","1.03","66286.54","2641.74","24590.55","8761.52","15348.83","480.2","conventional","Louisville"
"2","2193142.82","515063.58","2015-12-13 00:00:00","1.03","1060753.67","113979.43","503346.14","445274.87","57239.73","831.54","conventional","Midsouth"
"7","135506.08","87957.9","2015-11-08 00:00:00","1.03","11807.4","4873.39","30867.39","25641.93","5225.46","0","conventional","Nashville"
"28","172302.47","103389.69","2015-06-14 00:00:00","1.03","17224.17","7010.57","44678.04","38948.35","5729.69","0","conventional","Nashville"
"45","153852.03","109047.7","2015-02-15 00:00:00","1.03","9817.42","11085.73","23901.18","21186.15","2715.03","0","conventional","Nashville"
"17","234307.92","144651.98","2015-08-30 00:00:00","1.03","14746.53","2416.44","72492.97","68104.04","4376.84","12.09","conventional","NewOrleansMobile"
"22","258960.17","171672.53","2015-07-26 00:00:00","1.03","10443.49","12343.88","64500.27","61569.83","2930.44","0","conventional","NewOrleansMobile"
"26","261199.27","163193.51","2015-06-28 00:00:00","1.03","10737.56","8080.05","79188.15","75120.4","4043.46","24.29","conventional","NewOrleansMobile"
"31","265237.17","175841.33","2015-05-24 00:00:00","1.03","10463.04","235","78697.8","71635.79","7062.01","0","conventional","NewOrleansMobile"
"49","267666.12","179991.12","2015-01-18 00:00:00","1.03","23263.42","213.64","64197.94","61302.5","2895.44","0","conventional","NewOrleansMobile"
"20","579226.47","2513.38","2015-08-09 00:00:00","1.03","523492.97","815.98","52404.14","52400.81","3.33","0","conventional","NorthernNewEngland"
"23","594451.88","3108.09","2015-07-19 00:00:00","1.03","522040.27","6851.58","62451.94","62434.86","17.08","0","conventional","NorthernNewEngland"
"46","363935.24","4606.01","2015-02-08 00:00:00","1.03","308443.03","33.62","50852.58","50014.8","837.78","0","conventional","NorthernNewEngland"
"31","2026639.78","1221023.1","2015-05-24 00:00:00","1.03","450494.18","12148.13","342974.37","338254.28","2828.9","1891.19","conventional","Plains"
"33","2105831.09","1319397.29","2015-05-10 00:00:00","1.03","424405.51","12270.69","349757.6","344545.73","3874.51","1337.36","conventional","Plains"
"5","380726.46","83017.79","2015-11-22 00:00:00","1.03","131660.3","14806.53","151241.84","150474.71","7.4","759.73","conventional","Portland"
"22","222882.86","74157.71","2015-07-26 00:00:00","1.03","86910.45","11762.3","50052.4","50052.4","0","0","conventional","RichmondNorfolk"
"31","280240.7","91042.47","2015-05-24 00:00:00","1.03","116589.43","13055.11","59553.69","56304.95","3246.13","2.61","conventional","RichmondNorfolk"
"4","73733.96","24165.84","2015-11-29 00:00:00","1.03","30145.95","114.57","19307.6","19307.6","0","0","conventional","Roanoke"
"34","147690.42","54015.48","2015-05-03 00:00:00","1.03","60973.26","120.87","32580.81","32327.48","253.33","0","conventional","Roanoke"
"10","447663.17","197862.67","2015-10-18 00:00:00","1.03","179049.25","19380.83","51370.42","47913.55","3456.87","0","conventional","SanDiego"
"20","630941.71","285569.68","2015-08-09 00:00:00","1.03","288086.68","14248.31","43037.04","41132.08","1904.96","0","conventional","SanDiego"
"50","916450.76","155455.32","2015-01-11 00:00:00","1.03","670522.75","4107.26","86365.43","85706.54","658.89","0","conventional","SanFrancisco"
"9","520698.46","130741.16","2015-10-25 00:00:00","1.03","201858","8273.34","179825.96","179544.36","0","281.6","conventional","Seattle"
"3","233274.4","130410.85","2015-12-06 00:00:00","1.03","47118.94","9427.71","46316.9","40092.42","6203.8","20.68","conventional","SouthCarolina"
"11","267962.33","121966","2015-10-11 00:00:00","1.03","64658.41","20190.4","61147.52","43009.49","18138.03","0","conventional","SouthCarolina"
"27","392755.13","207438.27","2015-06-21 00:00:00","1.03","71556.59","17373.26","96387.01","84821.85","11533.12","32.04","conventional","SouthCarolina"
"15","78771.3","39572.15","2015-09-13 00:00:00","1.03","24065.27","2657.99","12475.89","12475.89","0","0","conventional","Spokane"
"33","95615.23","46467.69","2015-05-10 00:00:00","1.03","31703.17","3071.94","14372.43","12192.59","2179.84","0","conventional","Spokane"
"36","91379.33","31965.44","2015-04-19 00:00:00","1.03","42072.81","2783.29","14557.79","14557.79","0","0","conventional","Spokane"
"43","88304.41","26800.27","2015-03-01 00:00:00","1.03","44707.74","2869.92","13926.48","13805.14","121.34","0","conventional","Spokane"
"44","85295.41","25370.99","2015-02-22 00:00:00","1.03","45291.88","2537.35","12095.19","12095.19","0","0","conventional","Spokane"
"46","74139.25","28901.01","2015-02-08 00:00:00","1.03","36736.53","3175.96","5325.75","5135.22","190.53","0","conventional","Spokane"
"13","27753508.14","8454208.8","2015-09-27 00:00:00","1.03","13819912.63","1061979.37","4417407.34","3476492.68","886423.93","54490.73","conventional","TotalUS"
"15","31245835.65","9875018.48","2015-09-13 00:00:00","1.03","14888077.69","1118988.92","5363750.56","4072661.53","1226810.47","64278.56","conventional","TotalUS"
"30","33720159.09","15503613.33","2015-05-31 00:00:00","1.03","11599634.02","903908.35","5713003.39","4967231.63","726046.25","19725.51","conventional","TotalUS"
"36","33091256.26","14251319.31","2015-04-19 00:00:00","1.03","12277858.78","1016631.26","5545446.91","4696224.79","819935.17","29286.95","conventional","TotalUS"
"45","28012520.93","12626615.3","2015-02-15 00:00:00","1.03","9783489.59","845653.52","4756762.52","4096226.46","648632","11904.06","conventional","TotalUS"
"49","29043458.85","11858139.34","2015-01-18 00:00:00","1.03","11701947.8","831301.9","4652069.81","3873041.26","771093.2","7935.35","conventional","TotalUS"
"17","5138256.91","2163511.05","2015-08-30 00:00:00","1.03","1986059.01","124657.84","864029.01","624782.63","239195.91","50.47","conventional","West"
"26","5617752.22","2686203.38","2015-06-28 00:00:00","1.03","1907834.16","123261.81","900452.87","719727.54","180618.1","107.23","conventional","West"
"34","173781.78","884.01","2016-05-01 00:00:00","1.03","163570.47","37.84","9289.46","8918.99","321.86","48.61","conventional","Albany"
"51","149038.15","939.71","2016-01-03 00:00:00","1.03","139735.9","132.35","8230.19","8056.43","173.76","0","conventional","Albany"
"3","475815.02","210602.15","2016-12-04 00:00:00","1.03","93414.72","207.15","171591","67806.59","103784.41","0","conventional","Atlanta"
"38","423485.95","253540.83","2016-04-03 00:00:00","1.03","69327.44","1349.18","99268.5","62657.11","36611.39","0","conventional","Atlanta"
"42","458837.18","299983.46","2016-03-06 00:00:00","1.03","61770.01","1499.4","95584.31","62105.43","33478.88","0","conventional","Atlanta"
"0","71168.92","27464.22","2016-12-25 00:00:00","1.03","2892.64","6681.19","34130.87","33449.4","662.22","19.25","conventional","Boise"
"11","84234.53","38087.17","2016-10-09 00:00:00","1.03","2089.42","6562.37","37495.57","28895.19","8576.21","24.17","conventional","Boise"
"47","651616.91","6037.25","2016-01-31 00:00:00","1.03","501280.47","25252.35","119046.84","118219.26","827.58","0","conventional","Boston"
"26","6407277.49","2333532.13","2016-06-26 00:00:00","1.03","1967324.63","328206.37","1778214.36","1641400.92","107903.9","28909.54","conventional","California"
"12","280396.12","3206.27","2016-10-02 00:00:00","1.03","105492.75","1380.85","170316.25","22840.83","147472.29","3.13","conventional","CincinnatiDayton"
"19","274249.98","4691","2016-08-14 00:00:00","1.03","125988.41","2661.69","140908.88","35321.59","105549.16","38.13","conventional","CincinnatiDayton"
"20","266196.06","5244.48","2016-08-07 00:00:00","1.03","130022.01","3143.09","127786.48","27221.7","100553.51","11.27","conventional","CincinnatiDayton"
"43","154967.56","48902.44","2016-02-28 00:00:00","1.03","41405.76","28499.61","36159.75","22422.88","10262.4","3474.47","conventional","Columbus"
"49","134604.75","52491.11","2016-01-17 00:00:00","1.03","30084.71","20930.75","31098.18","23123.14","6492.6","1482.44","conventional","Columbus"
"25","815698.87","170576.29","2016-07-03 00:00:00","1.03","256861.03","21306.98","366954.57","200147.24","162792.05","4015.28","conventional","Denver"
"37","312995.88","126215.49","2016-04-10 00:00:00","1.03","30729.07","44982.2","111069.12","92085.27","10172.56","8811.29","conventional","Detroit"
"2","3048518.15","593674.17","2016-12-11 00:00:00","1.03","1251696.43","134247.97","1068899.58","767092.05","290596.83","11210.7","conventional","GreatLakes"
"41","3145897.89","370032.77","2016-03-13 00:00:00","1.03","1668502.58","319148.88","788213.66","531244.13","232255.44","24714.09","conventional","GreatLakes"
"41","179067.02","11923.34","2016-03-13 00:00:00","1.03","97729.32","17713.83","51700.53","28612.6","19278.08","3809.85","conventional","Indianapolis"
"44","153498.43","10806.76","2016-02-21 00:00:00","1.03","91309.12","8892.49","42490.06","23611.07","17284.88","1594.11","conventional","Indianapolis"
"16","335179.78","158224.33","2016-09-04 00:00:00","1.03","69349.24","5841.12","101765.09","44439.65","57325.44","0","conventional","LasVegas"
"17","288423.36","123739.64","2016-08-28 00:00:00","1.03","56927.33","6192.15","101564.24","55035.02","46529.22","0","conventional","LasVegas"
"19","2879218.13","1050808.07","2016-08-14 00:00:00","1.03","605409.39","73825.64","1149175.03","1066852.22","53237.75","29085.06","conventional","LosAngeles"
"46","5919226.12","125570.46","2016-02-07 00:00:00","1.03","4290645.89","59775.41","1443234.36","1369646.25","73584.63","3.48","conventional","Northeast"
"47","329626.92","163156.69","2016-01-31 00:00:00","1.03","61348.18","159.17","104962.88","45442.34","59520.54","0","conventional","Orlando"
"10","831120.57","273642.18","2016-10-16 00:00:00","1.03","223809.9","13628.24","320040.25","147692.04","171739.88","608.33","conventional","PhoenixTucson"
"12","815711.64","345171.12","2016-10-02 00:00:00","1.03","206765.02","11411.45","252364.05","130376.06","121767.16","220.83","conventional","PhoenixTucson"
"26","2101835.6","1040820.26","2016-06-26 00:00:00","1.03","490842.47","9370.21","560802.66","510422.91","25086.66","25293.09","conventional","Plains"
"44","1672884.28","784111.14","2016-02-21 00:00:00","1.03","499720.63","24200.11","364852.4","325916.64","37205.76","1730","conventional","Plains"
"38","189989.18","58169.25","2016-04-03 00:00:00","1.03","74249.46","5176.88","52393.59","52393.59","0","0","conventional","RichmondNorfolk"
"17","155029.38","48406.18","2016-08-28 00:00:00","1.03","43349.65","108.8","63164.75","59304.96","1999.79","1860","conventional","Roanoke"
"2","434567.21","106959.89","2016-12-11 00:00:00","1.03","275886.64","1253.31","50467.37","43426.13","5504.02","1537.22","conventional","Sacramento"
"19","1114834.28","266260.92","2016-08-14 00:00:00","1.03","757100.85","31009.27","60463.24","58400.39","900.35","1162.5","conventional","SanFrancisco"
"13","655426.45","101292.91","2016-09-25 00:00:00","1.03","130310.43","3243.02","420580.09","304494.27","115510.78","575.04","conventional","Seattle"
"14","586212.19","121884.72","2016-09-18 00:00:00","1.03","150306.52","2273.45","311747.5","264786.31","46367.39","593.8","conventional","Seattle"
"23","639853.23","94220.24","2016-07-17 00:00:00","1.03","165714","1624.49","378294.5","378187.17","78.06","29.27","conventional","Seattle"
"26","638550.37","91565.19","2016-06-26 00:00:00","1.03","174576.32","12225.64","360183.22","359260.77","313.9","608.55","conventional","Seattle"
"16","419927.05","228635.99","2016-09-04 00:00:00","1.03","60398.43","8324.56","122568.07","89224.3","33338.77","5","conventional","SouthCarolina"
"51","319228.46","195469.55","2016-01-03 00:00:00","1.03","64802.02","10726.18","48230.71","39155.81","9074.9","0","conventional","SouthCarolina"
"10","4967651.41","2588086.77","2016-10-16 00:00:00","1.03","984551","18419.04","1376594.6","1088286.99","263848.4","24459.21","conventional","SouthCentral"
"18","184060.51","45178.55","2016-08-21 00:00:00","1.03","23409.71","167.07","115305.18","98022.8","6778.23","10504.15","conventional","StLouis"
"21","214273.18","54119.45","2016-07-31 00:00:00","1.03","28847.85","229.71","131076.17","109459.43","6537.25","15079.49","conventional","StLouis"
"38","58862.37","651.94","2016-04-03 00:00:00","1.03","31826.85","4","26379.58","26379.58","0","0","conventional","Syracuse"
"12","6079587.47","1560246.5","2016-10-02 00:00:00","1.03","1206950.63","110878.4","3201511.94","1755945.22","1442472.3","3094.42","conventional","West"
"22","797993.91","432573.44","2016-07-24 00:00:00","1.03","85761.86","17101.34","262557.27","169487.86","81989.41","11080","conventional","WestTexNewMexico"
"35","109119","41327.06","2017-04-30 00:00:00","1.03","2195.12","9316.9","56279.92","56263.68","2.95","13.29","conventional","Boise"
"2","162900.37","55232.97","2017-12-17 00:00:00","1.03","32627","5344.74","69695.66","58821.57","10798.66","75.43","conventional","Columbus"
"22","1154233.85","636100.17","2017-07-30 00:00:00","1.03","259717.64","1707.76","256708.28","169789.71","86836.03","82.54","conventional","DallasFtWorth"
"7","847836","137872","2017-11-12 00:00:00","1.03","269918","8942","431105","102535","328570","0","conventional","Denver"
"49","906838.4","149313.21","2017-01-22 00:00:00","1.03","268029.66","13355.19","476140.34","326361.97","149643.69","134.68","conventional","Denver"
"33","445350.61","110697.8","2017-05-14 00:00:00","1.03","44186.84","40589.56","249876.41","225833.42","13583.47","10459.52","conventional","Detroit"
"7","202129","11814","2017-11-12 00:00:00","1.03","89236","1037","100042","36175","63702","165","conventional","Indianapolis"
"28","223221.9","11623.93","2017-06-18 00:00:00","1.03","96522.44","1944.09","113131.44","53306.73","58995.18","829.53","conventional","Indianapolis"
"2","267987.97","62937.38","2017-12-17 00:00:00","1.03","102137.37","3955.11","98958.11","63479.54","35185.24","293.33","conventional","LasVegas"
"3","288441.17","65071.68","2017-12-10 00:00:00","1.03","94140.95","4760.32","124468.22","62945.15","61291.96","231.11","conventional","LasVegas"
"27","362489.51","130867.46","2017-06-25 00:00:00","1.03","49034.77","6653.42","175933.86","53411.08","122522.78","0","conventional","LasVegas"
"3","713866","484033.33","2017-12-10 00:00:00","1.03","71985.61","6988.61","150858.45","75190.47","75667.98","0","conventional","MiamiFtLauderdale"
"38","251089.69","110090.84","2017-04-09 00:00:00","1.03","10197.45","118.65","130682.75","122342.62","6780.13","1560","conventional","Nashville"
"2","251753.79","151885.76","2017-12-17 00:00:00","1.03","18381.27","1505","79981.76","68849.84","10321.92","810","conventional","NewOrleansMobile"
"34","214738.04","107597.81","2017-05-07 00:00:00","1.03","50334.69","3681.75","53123.79","38144.13","14979.66","0","conventional","Pittsburgh"
"8","681564.98","225938.5","2017-11-05 00:00:00","1.03","150840.92","14808.15","289977.41","246798.74","42932.34","246.33","conventional","Portland"
"3","356980.37","91718.59","2017-12-10 00:00:00","1.03","76259.58","4128.62","184873.58","180009.62","4863.96","0","conventional","RaleighGreensboro"
"46","159133.19","49551.37","2017-02-12 00:00:00","1.03","48583.61","189.68","60808.53","59563.4","1245.13","0","conventional","Roanoke"
"0","578374.5","130774.36","2017-12-31 00:00:00","1.03","396250.81","922.03","50427.3","46215.9","521.92","3689.48","conventional","Sacramento"
"21","5882728.51","3063985.05","2017-08-06 00:00:00","1.03","1282288.49","18165.44","1518289.53","1037654.15","457240.12","23395.26","conventional","SouthCentral"
"3","35634913.01","11943914.54","2017-12-10 00:00:00","1.03","11659897.51","398348.55","11632752.41","8404955.25","3122650.26","105146.9","conventional","TotalUS"
"23","848944.78","488728.09","2017-07-23 00:00:00","1.03","118607.98","9864.53","231744.18","125662.18","100565.34","5516.66","conventional","WestTexNewMexico"
"7","216738.47","7625.65","2018-02-04 00:00:00","1.03","195725.06","143.53","13244.23","10571.6","2422.63","250","conventional","Albany"
"1","119045.04","49145.38","2018-03-18 00:00:00","1.03","6654.76","7737.62","55507.28","20536.92","34626.8","343.56","conventional","Boise"
"4","6750361.46","2666133.31","2018-02-25 00:00:00","1.03","1947660.32","110662.05","2025905.78","1908897.38","42064.35","74944.05","conventional","California"
"4","263363.41","59106.97","2018-02-25 00:00:00","1.03","31605.03","9097.03","163554.38","135219.03","24337.13","3998.22","conventional","CincinnatiDayton"
"4","209180.18","55429.58","2018-02-25 00:00:00","1.03","28466.82","3406.16","121877.62","85192.08","34250.82","2434.72","conventional","Columbus"
"8","187523.2","60555.62","2018-01-28 00:00:00","1.03","23671.37","3175.28","100120.93","83156.44","16932.05","32.44","conventional","Columbus"
"9","233732.16","62385.12","2018-01-21 00:00:00","1.03","66055.88","11433.91","93857.25","84064.64","9782.65","9.96","conventional","Indianapolis"
"2","3059034.3","1152656.67","2018-03-11 00:00:00","1.03","373411.39","72380.13","1460586.11","1373991.99","29875.02","56719.1","conventional","LosAngeles"
"1","4558888.55","977322.22","2018-03-18 00:00:00","1.03","1305676.96","24247.96","2251641.41","2062091.77","175886.82","13662.82","conventional","Midsouth"
"3","243867.72","117403.93","2018-03-04 00:00:00","1.03","10736.39","403.16","115324.24","82516.9","30595.68","2211.66","conventional","Nashville"
"3","332378.96","190521.47","2018-03-04 00:00:00","1.03","24646.65","2564","114646.84","97910.59","16489.58","246.67","conventional","NewOrleansMobile"
"11","300234.79","96040.45","2018-01-07 00:00:00","1.03","94172.95","1657.28","108364.11","99730.22","8633.89","0","conventional","RichmondNorfolk"
"0","43409835.75","14130799.1","2018-03-25 00:00:00","1.03","12125711.42","758801.12","16394524.11","12540327.19","3544729.39","309467.53","conventional","TotalUS"
"34","139212.26","88780.66","2015-05-03 00:00:00","1.03","36428.1","143.56","13859.94","2957.81","10902.13","0","organic","Denver"
"35","125507.76","75842.24","2015-04-26 00:00:00","1.03","37729.4","268.3","11667.82","1966.49","9701.33","0","organic","Denver"
"22","2995.57","0","2015-07-26 00:00:00","1.03","1295.04","0","1700.53","40","1660.53","0","organic","Louisville"
"33","10726.99","348.51","2015-05-10 00:00:00","1.03","6066.03","560.45","3752","1193.33","2558.67","0","organic","RichmondNorfolk"
"34","12425.42","426.78","2015-05-03 00:00:00","1.03","6174.2","548.21","5276.23","2313.33","2962.9","0","organic","RichmondNorfolk"
"37","10200.38","202.01","2015-04-12 00:00:00","1.03","6608.1","0","3390.27","735.94","2654.33","0","organic","Roanoke"
"2","53336.93","617.87","2015-12-13 00:00:00","1.03","19731.07","34.72","32953.27","51.55","32901.72","0","organic","Seattle"
"11","15870","685.82","2016-10-09 00:00:00","1.03","4176.3","1.16","11006.72","2686.83","8319.89","0","organic","Columbus"
"21","38209.32","11152.52","2016-07-31 00:00:00","1.03","584.88","0","26471.92","20744.05","5727.87","0","organic","DallasFtWorth"
"16","20778.46","657.1","2016-09-04 00:00:00","1.03","7977.82","0","12143.54","748.81","11394.73","0","organic","Detroit"
"27","24427.82","879.07","2016-06-19 00:00:00","1.03","9121.58","0","14427.17","880","13547.17","0","organic","Detroit"
"9","3422.91","5.11","2016-10-23 00:00:00","1.03","1408.29","0","2009.51","126.67","1882.84","0","organic","Louisville"
"34","44515.8","2158.92","2016-05-01 00:00:00","1.03","14037.95","0","28318.93","98.87","28220.06","0","organic","Portland"
"31","11131.05","231.2","2016-05-22 00:00:00","1.03","4605.85","232.4","6061.6","2186.4","3875.2","0","organic","RichmondNorfolk"
"1","3288.85","18.32","2016-12-18 00:00:00","1.03","761.26","0","2509.27","15.83","2493.44","0","organic","Spokane"
"37","14081.94","763.69","2017-04-16 00:00:00","1.03","2797.15","0","10521.1","2641.36","7879.74","0","organic","Columbus"
"49","29547.04","6279.44","2017-01-22 00:00:00","1.03","1204.4","0","22063.2","21974.04","89.16","0","organic","DallasFtWorth"
"28","42161.02","9790.57","2017-06-18 00:00:00","1.03","82","0","32288.45","32199.56","88.89","0","organic","Houston"
"40","197899.23","46746.72","2017-03-26 00:00:00","1.03","5189.22","0","145963.29","135199.37","10763.92","0","organic","SouthCentral"
"41","160600.06","38297.69","2017-03-19 00:00:00","1.03","4561.04","0","117741.33","110594.93","7146.4","0","organic","SouthCentral"
"0","38203.98","241.71","2018-03-25 00:00:00","1.03","425.31","0","37536.96","25743.24","11793.72","0","organic","BuffaloRochester"
"8","99811.42","1022.15","2015-11-01 00:00:00","1.02","87315.57","85.34","11388.36","11104.53","283.83","0","conventional","Albany"
"39","67799.08","1402.28","2015-03-29 00:00:00","1.02","58623.22","89.5","7684.08","7208.49","475.59","0","conventional","Albany"
"3","488679.31","5126.32","2015-12-06 00:00:00","1.02","407520.22","142.99","75889.78","75666.22","223.56","0","conventional","Boston"
"9","534249.47","4005.39","2015-10-25 00:00:00","1.02","430725.78","191.31","99326.99","94581.94","4745.05","0","conventional","Boston"
"51","491738","7193.87","2015-01-04 00:00:00","1.02","396752.18","128.82","87663.13","87406.84","256.29","0","conventional","Boston"
"12","4943781.29","1461112.39","2015-10-04 00:00:00","1.02","2788317.94","222260.58","472090.38","442923.78","25572.26","3594.34","conventional","California"
"49","5570915.26","2780859.66","2015-01-18 00:00:00","1.02","2108450.36","121614.31","559990.93","520299.26","36501.18","3190.49","conventional","California"
"16","232157.91","2462.55","2015-09-06 00:00:00","1.02","154106.32","8956.92","66632.12","19499.39","45312.94","1819.79","conventional","CincinnatiDayton"
"27","243012.2","3795.3","2015-06-21 00:00:00","1.02","158957.39","15259.47","65000.04","25431.9","37441.3","2126.84","conventional","CincinnatiDayton"
"36","226978.72","8229.4","2015-04-19 00:00:00","1.02","144900.84","12959.1","60889.38","35196.33","23101.71","2591.34","conventional","CincinnatiDayton"
"37","188937.83","11176.67","2015-04-12 00:00:00","1.02","120830.33","1306.19","55624.64","38219.34","17270.02","135.28","conventional","CincinnatiDayton"
"13","137298.77","66587.59","2015-09-27 00:00:00","1.02","33743.19","18527.75","18440.24","10970.85","5538.06","1931.33","conventional","Columbus"
"15","169025.14","86159.05","2015-09-13 00:00:00","1.02","31464.67","26703.23","24698.19","17099.64","4201.55","3397","conventional","Columbus"
"22","159846.2","91758.41","2015-07-26 00:00:00","1.02","25540.09","13557.25","28990.45","23981.05","3986.29","1023.11","conventional","Columbus"
"35","161438.17","87214.58","2015-04-26 00:00:00","1.02","28964.04","16624.25","28635.3","22384.1","4959.65","1291.55","conventional","Columbus"
"49","116450.21","55532.76","2015-01-18 00:00:00","1.02","26458.99","7040.95","27417.51","24386.64","2962.41","68.46","conventional","Columbus"
"12","678935.84","101712.18","2015-10-04 00:00:00","1.02","364774.25","27621.71","184827.7","41345.58","143474.53","7.59","conventional","Denver"
"48","695658.81","140914.23","2015-01-25 00:00:00","1.02","422434.82","4944.79","127364.97","74743.6","52611.95","9.42","conventional","Denver"
"24","310049.5","127995.39","2015-07-12 00:00:00","1.02","36569.66","62708.05","82776.4","76701.28","1977.04","4098.08","conventional","Detroit"
"37","271182.01","96441.78","2015-04-12 00:00:00","1.02","24663.5","43008.11","107068.62","101770.1","2451.53","2846.99","conventional","Detroit"
"11","3004133.39","355508.86","2015-10-11 00:00:00","1.02","1652244.4","456771.26","539608.87","384772.59","93016.17","61820.11","conventional","GreatLakes"
"14","3336245.24","460475.95","2015-09-20 00:00:00","1.02","1887110.85","418235.21","570423.23","406010.16","109268.58","55144.49","conventional","GreatLakes"
"43","3566752.43","353818.94","2015-03-01 00:00:00","1.02","2135517.89","478701.64","598713.96","462539.26","88541.92","47632.78","conventional","GreatLakes"
"51","3382800.12","467259.47","2015-01-04 00:00:00","1.02","2059657.71","318102.38","537780.56","412779.64","111072.91","13928.01","conventional","GreatLakes"
"46","239756.62","35933.38","2015-02-08 00:00:00","1.02","126557.74","722.59","76542.91","75408.57","1134.34","0","conventional","HarrisburgScranton"
"9","151558.74","4333.17","2015-10-25 00:00:00","1.02","89943.26","16586.3","40696.01","18548.38","19394.8","2752.83","conventional","Indianapolis"
"51","160130.15","4007.41","2015-01-04 00:00:00","1.02","118435.79","1201.5","36485.45","20325.41","16160.04","0","conventional","Indianapolis"
"16","311124.27","123361.73","2015-09-06 00:00:00","1.02","128141.12","7149.5","52471.92","38692.25","13779.67","0","conventional","LasVegas"
"24","277827.44","136319.06","2015-07-12 00:00:00","1.02","83225.67","5024.08","53258.63","41822.44","11436.19","0","conventional","LasVegas"
"29","335693.08","146782.32","2015-06-07 00:00:00","1.02","112611.12","5234.25","71065.39","47209.35","23856.04","0","conventional","LasVegas"
"23","2614726.11","1801294.72","2015-07-19 00:00:00","1.02","417289.56","89206.49","306935.34","290890.18","13264.37","2780.79","conventional","LosAngeles"
"35","2355703.98","1567937.53","2015-04-26 00:00:00","1.02","427885.78","62487.28","297393.39","280321.62","15427.14","1644.63","conventional","LosAngeles"
"43","78626.99","1553.83","2015-03-01 00:00:00","1.02","53158.82","6909.13","17005.21","7537.07","7839.58","1628.56","conventional","Louisville"
"48","86635.35","2283","2015-01-25 00:00:00","1.02","63038.53","234.29","21079.53","8875.65","12189","14.88","conventional","Louisville"
"6","2355839.19","470482.8","2015-11-15 00:00:00","1.02","1302219.95","168586.54","414549.9","373075.42","40843.12","631.36","conventional","Midsouth"
"10","206563.03","124894.03","2015-10-18 00:00:00","1.02","18241.03","1003.78","62424.19","58060.12","4364.07","0","conventional","NewOrleansMobile"
"15","219776.27","140509.91","2015-09-13 00:00:00","1.02","18106.55","1713.51","59446.3","54335.47","5110.83","0","conventional","NewOrleansMobile"
"28","262250.02","166072","2015-06-14 00:00:00","1.02","10920.46","268.71","84988.85","80570.6","4418.25","0","conventional","NewOrleansMobile"
"45","230069.01","155288.64","2015-02-15 00:00:00","1.02","11863.71","253.04","62663.62","60468.24","2195.38","0","conventional","NewOrleansMobile"
"2","1472501.13","695419.91","2015-12-13 00:00:00","1.02","463238.46","17927.73","295915.03","266174.79","28516.98","1223.26","conventional","Plains"
"49","1674945.55","966515.75","2015-01-18 00:00:00","1.02","485150.34","14504.7","208774.76","206579.02","1074.3","1121.44","conventional","Plains"
"24","568129.75","264203.19","2015-07-12 00:00:00","1.02","187613.16","17027.48","99285.92","88288.73","10900.79","96.4","conventional","Portland"
"5","179083.03","44120.52","2015-11-22 00:00:00","1.02","75630.56","25366.63","33965.32","33573.06","392.26","0","conventional","RaleighGreensboro"
"9","180316.1","68613.89","2015-10-25 00:00:00","1.02","70131.72","13184.36","28386.13","27568.35","817.78","0","conventional","RichmondNorfolk"
"23","225259.93","74921.22","2015-07-19 00:00:00","1.02","84052.93","12403.89","53881.89","53877.92","3.97","0","conventional","RichmondNorfolk"
"24","234568.8","80375.78","2015-07-12 00:00:00","1.02","90573.83","12718.46","50900.73","50740.73","160","0","conventional","RichmondNorfolk"
"29","248646.25","84737.37","2015-06-07 00:00:00","1.02","90992.27","10333.21","62583.4","61701.18","882.22","0","conventional","RichmondNorfolk"
"30","270601.09","102486.76","2015-05-31 00:00:00","1.02","98090.75","11466.99","58556.59","53587.7","4968.89","0","conventional","RichmondNorfolk"
"28","147633.83","58275.46","2015-06-14 00:00:00","1.02","50914.84","19.99","38423.54","38416.87","6.67","0","conventional","Roanoke"
"46","145648.4","78195.76","2015-02-08 00:00:00","1.02","38763.75","134.25","28554.64","25981.67","2572.97","0","conventional","Roanoke"
"8","532467.38","180210.99","2015-11-01 00:00:00","1.02","300978.15","12762.49","38515.75","38515.75","0","0","conventional","Sacramento"
"43","452845.47","143867.37","2015-03-01 00:00:00","1.02","256090.11","13870.37","39017.62","39017.62","0","0","conventional","Sacramento"
"16","502677.35","271640.29","2015-09-06 00:00:00","1.02","165034.84","19961.19","46041.03","41719.29","4321.74","0","conventional","SanDiego"
"26","495309.23","295023.15","2015-06-28 00:00:00","1.02","142348.73","15418.32","42519.03","37940.93","4578.1","0","conventional","SanDiego"
"32","458191.52","283530.1","2015-05-17 00:00:00","1.02","131772.59","9903.23","32985.6","29400.09","3585.51","0","conventional","SanDiego"
"48","406591.11","217747.34","2015-01-25 00:00:00","1.02","140456.68","13326.97","35060.12","30090.58","4708.25","261.29","conventional","SanDiego"
"14","590721.74","158198.44","2015-09-20 00:00:00","1.02","242849.81","11283.42","178390.07","178374.58","8.85","6.64","conventional","Seattle"
"15","586503.27","230283.36","2015-09-13 00:00:00","1.02","181240.95","10787.88","164191.08","164176.14","0","14.94","conventional","Seattle"
"34","687972.03","226074.37","2015-05-03 00:00:00","1.02","355250.18","11154.42","95493.06","94995.86","477.54","19.66","conventional","Seattle"
"14","312177.28","148633.9","2015-09-20 00:00:00","1.02","77644.18","14421.82","71477.38","49597.26","21851.29","28.83","conventional","SouthCarolina"
"44","332918.7","193228.98","2015-02-22 00:00:00","1.02","45809.76","23875.57","70004.39","64068.23","5936.16","0","conventional","SouthCarolina"
"12","28243505.52","8353619.97","2015-10-04 00:00:00","1.02","13775651.69","1209045.07","4905188.79","3664890.84","1189350.26","50947.69","conventional","TotalUS"
"14","29569086.56","9422275.27","2015-09-20 00:00:00","1.02","13846044.56","1112405.42","5188361.31","3938274.51","1183732.08","66354.72","conventional","TotalUS"
"16","33526480.08","12569277.14","2015-09-06 00:00:00","1.02","14245598.38","1129771.19","5581833.37","4363707.93","1184888.95","33236.49","conventional","TotalUS"
"27","35734613.9","14699604.93","2015-06-21 00:00:00","1.02","13244466.6","1326422.56","6464119.81","5517909.51","898027.46","48182.84","conventional","TotalUS"
"33","36400886.58","16215328.75","2015-05-10 00:00:00","1.02","13509064.65","858145.45","5818347.73","4991625.82","816629.4","10092.51","conventional","TotalUS"
"37","32046401.64","14793354.18","2015-04-12 00:00:00","1.02","11210544.11","807942.41","5234560.94","4400469.38","826567.05","7524.51","conventional","TotalUS"
"42","30094698.85","13013750.35","2015-03-08 00:00:00","1.02","10973972.6","834009.15","5272966.75","4583726.82","673149.42","16090.51","conventional","TotalUS"
"44","29936729.76","12628562.36","2015-02-22 00:00:00","1.02","11354281.64","937138.85","5016746.91","4336247.12","667149.29","13350.5","conventional","TotalUS"
"21","5451040.76","2470116.49","2015-08-02 00:00:00","1.02","1962853.58","120434.79","897635.9","643461.37","254166.11","8.42","conventional","West"
"1","64421.58","28725.38","2016-12-18 00:00:00","1.02","2337.22","5562.76","27796.22","27464.12","327.28","4.82","conventional","Boise"
"49","665217.66","4392.86","2016-01-17 00:00:00","1.02","486767.87","32505.74","141551.19","141307.39","243.8","0","conventional","Boston"
"8","241671.24","2125.55","2016-10-30 00:00:00","1.02","89381.04","841.37","149323.28","11631.4","137691.88","0","conventional","CincinnatiDayton"
"48","676032.04","187313.19","2016-01-24 00:00:00","1.02","289208.53","47421.48","152088.84","128164.01","12679.63","11245.2","conventional","DallasFtWorth"
"14","757358.11","134607.83","2016-09-18 00:00:00","1.02","198214.42","16328.76","408207.1","87026.05","320842.16","338.89","conventional","Denver"
"38","335108.11","121653.22","2016-04-03 00:00:00","1.02","33903.57","72329.16","107222.16","65916.23","27480.29","13825.64","conventional","Detroit"
"42","88102.95","2028.6","2016-03-06 00:00:00","1.02","49580.73","8998.16","27495.46","12369.98","12597.32","2528.16","conventional","Louisville"
"17","309238.91","171213.5","2016-08-28 00:00:00","1.02","49486.31","363.52","88175.58","64573.67","16041.91","7560","conventional","NewOrleansMobile"
"47","1615465.33","18769.06","2016-01-31 00:00:00","1.02","1284268.92","1383.65","311043.7","269851.19","41190.34","2.17","conventional","NewYork"
"31","433251.71","2888.48","2016-05-22 00:00:00","1.02","280360.37","64720.71","85282.15","82259.75","7.4","3015","conventional","NorthernNewEngland"
"34","628512.14","2527.39","2016-05-01 00:00:00","1.02","538037.63","37533.31","50413.81","50354.09","0","59.72","conventional","NorthernNewEngland"
"9","699711.07","250712.73","2016-10-23 00:00:00","1.02","188686.25","16864.42","243447.67","127647.02","115800.65","0","conventional","PhoenixTucson"
"1","123555.7","47067.52","2016-12-18 00:00:00","1.02","38353.81","1974.86","36159.51","27858.11","8301.4","0","conventional","Pittsburgh"
"35","109421.34","1300.85","2016-04-24 00:00:00","1.02","52354.4","1239.89","54526.2","42500.07","12026.13","0","conventional","Pittsburgh"
"21","608614.15","135646.65","2016-07-31 00:00:00","1.02","130929.72","15066.52","326971.26","324790.83","1778.13","402.3","conventional","Portland"
"24","296610.12","87547.8","2016-07-10 00:00:00","1.02","117236.14","12340.78","79485.4","69248.69","2121.71","8115","conventional","RichmondNorfolk"
"39","233604.1","61031.43","2016-03-27 00:00:00","1.02","109864.33","4986.56","57721.78","57703.09","5.34","13.35","conventional","RichmondNorfolk"
"41","246110.88","53660.8","2016-03-13 00:00:00","1.02","125742.51","6975.98","59731.59","59722.27","9.32","0","conventional","RichmondNorfolk"
"15","156833.09","59141.58","2016-09-11 00:00:00","1.02","38349.72","164.15","59177.64","52831.12","6321.52","25","conventional","Roanoke"
"26","141407.11","37010.79","2016-06-26 00:00:00","1.02","52754.51","110.61","51531.2","48166.61","4.59","3360","conventional","Roanoke"
"40","596110.62","76059.35","2016-03-20 00:00:00","1.02","193206.73","9181.87","317662.67","317318.4","61.11","283.16","conventional","Seattle"
"0","308342.51","121219.4","2016-12-25 00:00:00","1.02","62511.84","2501.78","122109.49","72546.57","49562.92","0","conventional","SouthCarolina"
"47","3318109.53","1774273.7","2016-01-31 00:00:00","1.02","625042.37","15260.7","903532.76","485345.67","418187.09","0","conventional","Southeast"
"26","90301.82","24210.14","2016-06-26 00:00:00","1.02","18081.59","3974.43","44035.66","44033.23","0","2.43","conventional","Spokane"
"40","83457.56","24106.74","2016-03-20 00:00:00","1.02","19605.24","3092.49","36653.09","36639.27","4.25","9.57","conventional","Spokane"
"0","132034.47","58510.89","2016-12-25 00:00:00","1.02","9135.28","60.38","64327.92","47503.95","16823.97","0","conventional","StLouis"
"27","38489936.14","13488851.61","2016-06-19 00:00:00","1.02","12842698.33","1642735.63","10515650.57","8223280.88","1975350.75","317018.94","conventional","TotalUS"
"23","5787378.41","1883575.14","2016-07-17 00:00:00","1.02","1304616.13","95086.4","2504100.74","1822960","665247.85","15892.89","conventional","West"
"51","103788.25","35596.88","2017-01-08 00:00:00","1.02","7162.53","12143.68","48885.16","40257.37","8607.03","20.76","conventional","Boise"
"3","277528.93","58726.14","2017-12-10 00:00:00","1.02","60515.61","4428.39","153858.79","146050.48","7808.31","0","conventional","Charlotte"
"44","238305.05","1386.96","2017-02-26 00:00:00","1.02","140947.2","48369.8","47601.09","25307.14","4248.19","18045.76","conventional","GrandRapids"
"23","1088792.51","510127.52","2017-07-23 00:00:00","1.02","214165.71","3006.89","361492.39","240331.25","121091.14","70","conventional","Houston"
"44","188900.46","12096.22","2017-02-26 00:00:00","1.02","83033.68","1923.56","91847","38588.66","53252.02","6.32","conventional","Indianapolis"
"32","356922.23","117366.67","2017-05-21 00:00:00","1.02","63083.52","8122.78","168349.26","48461.64","119887.62","0","conventional","LasVegas"
"40","325734.59","117623.43","2017-03-26 00:00:00","1.02","43374.75","9405.35","155331.06","64615.85","90715.21","0","conventional","LasVegas"
"41","318004.24","111396.46","2017-03-19 00:00:00","1.02","43301.14","9357.16","153949.48","51704.25","102245.23","0","conventional","LasVegas"
"26","113658.98","2605.69","2017-07-02 00:00:00","1.02","47985.11","340.48","62727.7","23991.67","38397.78","338.25","conventional","Louisville"
"6","188444","104128","2017-11-19 00:00:00","1.02","6946","262","77107","65958","10329","820","conventional","Nashville"
"8","229240.49","144908.02","2017-11-05 00:00:00","1.02","8243.13","354.53","75734.81","63826.67","11123.57","784.57","conventional","Nashville"
"33","225323.91","124825.7","2017-05-14 00:00:00","1.02","7630.5","100.44","92767.27","72042.12","18978.41","1746.74","conventional","Nashville"
"34","423839.41","261367.48","2017-05-07 00:00:00","1.02","53102.06","220.92","109148.95","86740.85","17223.1","5185","conventional","NewOrleansMobile"
"3","424938.5","267852.26","2017-12-10 00:00:00","1.02","33749.43","892.21","122444.6","63079.34","59365.26","0","conventional","Orlando"
"5","124119","60144","2017-11-26 00:00:00","1.02","26227","2176","35572","23424","12148","0","conventional","Pittsburgh"
"32","207645.24","105432.3","2017-05-21 00:00:00","1.02","48642.87","3875.28","49694.79","34916.3","14778.49","0","conventional","Pittsburgh"
"43","174567.14","80177.15","2017-03-05 00:00:00","1.02","47353.34","2909.17","44127.48","28421.5","15705.98","0","conventional","Pittsburgh"
"47","157981.65","67986.6","2017-02-05 00:00:00","1.02","47941.88","2927.44","39125.73","27741.95","11383.78","0","conventional","Pittsburgh"
"51","152780.85","65343.94","2017-01-08 00:00:00","1.02","47296.47","2616.18","37524.26","27826.18","9698.08","0","conventional","Pittsburgh"
"52","141043.91","58724.08","2017-01-01 00:00:00","1.02","42203.79","2553.37","37562.67","28298.47","9264.2","0","conventional","Pittsburgh"
"0","2173591.74","1159470.84","2017-12-31 00:00:00","1.02","493193.16","5719.66","515208.08","417190.3","97986.16","31.62","conventional","Plains"
"4","261784","78900","2017-12-03 00:00:00","1.02","105291","1306","76288","71392","4865","30","conventional","RichmondNorfolk"
"34","221289.76","55938.36","2017-05-07 00:00:00","1.02","55664.31","124.64","109562.45","106593.49","2951.72","17.24","conventional","Roanoke"
"3","382563.7","169611.11","2017-12-10 00:00:00","1.02","55404.43","2823.89","154724.27","119935.01","32440.06","2349.2","conventional","SouthCarolina"
"24","5780893.13","2730101.66","2017-07-16 00:00:00","1.02","1369045.96","19641.56","1662103.95","1083666.18","557527.48","20910.29","conventional","SouthCentral"
"3","4091257.98","2353835.77","2017-12-10 00:00:00","1.02","373395.29","17836.02","1346190.9","817967.19","511116.18","17107.53","conventional","Southeast"
"35","114753.82","22231.98","2017-04-30 00:00:00","1.02","28664.66","64.58","63792.6","63101.53","688.44","2.63","conventional","Spokane"
"36","100154.13","21016.93","2017-04-23 00:00:00","1.02","31935.14","63.35","47138.71","47076.77","6.19","55.75","conventional","Spokane"
"3","474890.22","293951.67","2017-12-10 00:00:00","1.02","45874.99","840","134223.56","66383.24","67840.32","0","conventional","Tampa"
"28","7187200.64","2511913.67","2017-06-18 00:00:00","1.02","1422660.4","123827.42","3128799.15","1938407.82","1187663.27","2728.06","conventional","West"
"29","7138766.83","2763254.66","2017-06-11 00:00:00","1.02","1231683.94","132101.6","3011726.63","1900413.66","1106330.85","4982.12","conventional","West"
"37","7012665.19","2459661.72","2017-04-16 00:00:00","1.02","1219278.16","150405.25","3183320.06","1869830.38","1311397.37","2092.31","conventional","West"
"9","660019.25","340028.02","2017-10-29 00:00:00","1.02","169026.98","4847.21","146117.04","65993.2","80063.84","60","conventional","WestTexNewMexico"
"1","6802084.11","2161037.82","2018-03-18 00:00:00","1.02","2305253.24","94087.86","2241705.19","2116307.93","38597.17","86800.09","conventional","California"
"3","265942.15","69312.67","2018-03-04 00:00:00","1.02","20912.27","9651.63","166065.58","146627.38","14918.25","4519.95","conventional","CincinnatiDayton"
"5","179193.25","47570.1","2018-02-18 00:00:00","1.02","13758.25","2239.22","115625.68","76906.83","36898.98","1819.87","conventional","Columbus"
"0","950483.37","176286.79","2018-03-25 00:00:00","1.02","222958.27","16540.62","534697.69","121655.4","413042.29","0","conventional","Denver"
"1","1010953.71","163394.48","2018-03-18 00:00:00","1.02","260747.73","15483.84","571327.66","129403.31","441922.13","2.22","conventional","Denver"
"0","2843541.07","1007972.48","2018-03-25 00:00:00","1.02","439940.61","63511.29","1332116.69","1248694.27","26861.69","56560.73","conventional","LosAngeles"
"1","126213.08","32100.53","2018-03-18 00:00:00","1.02","23976.21","204.7","69931.64","53034.96","15925.76","970.92","conventional","Louisville"
"1","316969.55","181011.25","2018-03-18 00:00:00","1.02","19002.68","2515","114440.62","95470.29","18533.66","436.67","conventional","NewOrleansMobile"
"5","306966.07","173296.43","2018-02-18 00:00:00","1.02","24837.13","1962","106870.51","94229.99","12303.85","336.67","conventional","NewOrleansMobile"
"6","611269.34","130162.76","2018-02-11 00:00:00","1.02","320845.9","213.8","160046.88","136379.5","22296.32","1371.06","conventional","Philadelphia"
"2","249444.49","119801","2018-03-11 00:00:00","1.02","6013.84","404.77","123224.88","99130.17","19950.02","4144.69","conventional","StLouis"
"31","12446.65","368.78","2015-05-24 00:00:00","1.02","6973.85","495.62","4608.4","1688.43","2919.97","0","organic","RichmondNorfolk"
"26","19243.4","482.14","2016-06-26 00:00:00","1.02","9041.74","0","9719.52","767.81","8951.71","0","organic","CincinnatiDayton"
"2","8682.81","448.83","2016-12-11 00:00:00","1.02","1413.59","0","6820.39","2531.27","4289.12","0","organic","Columbus"
"25","7549.2","583.93","2016-07-03 00:00:00","1.02","3321.68","0","3643.59","559.59","3084","0","organic","Columbus"
"17","34300.17","9948.68","2016-08-28 00:00:00","1.02","259.53","0","24091.96","23775.82","316.14","0","organic","DallasFtWorth"
"2","22650.75","6744.69","2016-12-11 00:00:00","1.02","46.91","0","15859.15","15859.15","0","0","organic","Houston"
"47","81433.73","9874.87","2016-01-31 00:00:00","1.02","21594.16","80.34","49884.36","39705.53","10178.83","0","organic","LosAngeles"
"2","5039.91","224.05","2016-12-11 00:00:00","1.02","2060.34","0","2755.52","73.89","2681.63","0","organic","Nashville"
"11","12750.65","51.05","2016-10-09 00:00:00","1.02","3881.16","0","8818.44","2235.63","6582.81","0","organic","Roanoke"
"26","32953.66","8791.93","2017-07-02 00:00:00","1.02","475.31","0","23686.42","23602.46","83.96","0","organic","DallasFtWorth"
"51","24031.65","4931","2017-01-08 00:00:00","1.02","1063.86","0","18036.79","17898.83","137.96","0","organic","DallasFtWorth"
"29","55725.32","12374.58","2017-06-11 00:00:00","1.02","31.98","0","43318.76","43269.9","48.86","0","organic","Houston"
"40","7706.59","107.76","2017-03-26 00:00:00","1.02","1489.93","0","6108.9","1398.21","4710.69","0","organic","Indianapolis"
"43","156551.27","4471.53","2017-03-05 00:00:00","1.02","38267.49","1457.66","112354.59","31239.27","81115.32","0","organic","Midsouth"
"39","76855.75","1334.79","2017-04-02 00:00:00","1.02","18147.07","45.03","57328.86","349.3","56979.56","0","organic","Seattle"
"49","147163.14","28151.07","2017-01-22 00:00:00","1.02","6856.25","0","112155.82","107713.44","4442.38","0","organic","SouthCentral"
"40","8348.5","347.42","2017-03-26 00:00:00","1.02","1704.92","0","6296.16","23.33","6272.83","0","organic","Spokane"
"11","48277.42","123.72","2018-01-07 00:00:00","1.02","6416.92","209.38","41527.4","41246.49","280.91","0","organic","RaleighGreensboro"
"20","503791.72","385027.71","2015-08-09 00:00:00","1.01","47040.07","4251.74","67472.2","45820.45","21568.48","83.27","conventional","Atlanta"
"25","562462.33","436377.91","2015-07-05 00:00:00","1.01","54675.38","848.55","70560.49","50684.74","19851","24.75","conventional","Atlanta"
"6","68648.22","24424.72","2015-11-15 00:00:00","1.01","12085.72","6502.37","25635.41","25200.25","8.65","426.51","conventional","Boise"
"51","80034.32","44562.12","2015-01-04 00:00:00","1.01","24964.23","2752.35","7755.62","6064.3","1691.32","0","conventional","Boise"
"2","549945.76","4641.02","2015-12-13 00:00:00","1.01","455362.38","219.4","89722.96","89523.38","199.58","0","conventional","Boston"
"6","169281.16","28543.88","2015-11-15 00:00:00","1.01","80244.55","36860.51","23632.22","21132.1","2500.12","0","conventional","Charlotte"
"16","227728.43","35126.74","2015-09-06 00:00:00","1.01","62187.49","64372.34","66041.86","59197.7","6844.16","0","conventional","Charlotte"
"7","711146.61","44528.42","2015-11-08 00:00:00","1.01","498562.41","101889.32","66166.46","65842.08","324.38","0","conventional","Chicago"
"9","203681.71","2264.65","2015-10-25 00:00:00","1.01","132625.92","9187.24","59603.9","12423.07","45209.19","1971.64","conventional","CincinnatiDayton"
"17","234132.09","2623.58","2015-08-30 00:00:00","1.01","153832.57","14357.02","63318.92","17804.54","42734.02","2780.36","conventional","CincinnatiDayton"
"19","234349.47","2472.69","2015-08-16 00:00:00","1.01","146747.71","21571.37","63557.7","16806.65","41442.96","5308.09","conventional","CincinnatiDayton"
"26","225165.84","3691.48","2015-06-28 00:00:00","1.01","144983.7","3666.71","72823.95","34098.54","38098.48","626.93","conventional","CincinnatiDayton"
"28","171353.59","83138.56","2015-06-14 00:00:00","1.01","33535.09","20023.58","34656.36","27204.22","6030.43","1421.71","conventional","Columbus"
"31","171879.57","85510.9","2015-05-24 00:00:00","1.01","37314.24","14261.54","34792.89","22680.26","10832.31","1280.32","conventional","Columbus"
"41","149884.1","90582.35","2015-03-15 00:00:00","1.01","27040.2","9632.1","22629.45","18487.57","3462.12","679.76","conventional","Columbus"
"15","735436.91","115935.68","2015-09-13 00:00:00","1.01","451936.38","17938.63","149626.22","47733.95","101892.27","0","conventional","Denver"
"34","781496.4","182975.49","2015-05-03 00:00:00","1.01","485743.46","14810.14","97967.31","45163.77","52803.54","0","conventional","Denver"
"35","361243.2","133322.95","2015-04-26 00:00:00","1.01","61051.45","66651.75","100217.05","93903.26","1475.78","4838.01","conventional","Detroit"
"42","278695.29","97420.1","2015-03-08 00:00:00","1.01","29942.92","46763.06","104569.21","99704.49","473.7","4391.02","conventional","Detroit"
"51","369694.27","121634.27","2015-01-04 00:00:00","1.01","117865.11","74062.76","56132.13","46679.86","1060.51","8391.76","conventional","Detroit"
"0","2580602.96","336673.7","2015-12-27 00:00:00","1.01","1411808.83","254629.93","577490.5","400003.8","98401.09","79085.61","conventional","GreatLakes"
"1","2504745.45","383701.76","2015-12-20 00:00:00","1.01","1337404.03","241580.61","542059.05","358218.65","122999.48","60840.92","conventional","GreatLakes"
"8","147459.62","5224.61","2015-11-01 00:00:00","1.01","84968.04","16933.14","40333.83","20800.04","16206.13","3327.66","conventional","Indianapolis"
"43","167254.64","121358.37","2015-03-01 00:00:00","1.01","13685.85","570.69","31639.73","17059.55","14580.18","0","conventional","Jacksonville"
"26","293408.89","138921.52","2015-06-28 00:00:00","1.01","86492.67","4334.64","63660.06","52651.46","11008.6","0","conventional","LasVegas"
"42","291046.81","114868.1","2015-03-08 00:00:00","1.01","132275.9","5339.34","38563.47","38263.99","299.48","0","conventional","LasVegas"
"46","318770.67","108258.88","2015-02-08 00:00:00","1.01","162192.25","4610.86","43708.68","42743.96","964.72","0","conventional","LasVegas"
"38","2603114.56","1753452.57","2015-04-05 00:00:00","1.01","490701.38","73965.36","284995.25","245998.59","36929.22","2067.44","conventional","LosAngeles"
"40","2466735.33","1423482.89","2015-03-22 00:00:00","1.01","679696.81","68607.44","294948.19","275797.37","17691.29","1459.53","conventional","LosAngeles"
"5","60971.36","1319.83","2015-11-22 00:00:00","1.01","33164.09","3367.31","23120.13","12082.22","10219.32","818.59","conventional","Louisville"
"29","98865.51","8145.6","2015-06-07 00:00:00","1.01","62401.26","4540.35","23778.3","12423.77","10432.41","922.12","conventional","Louisville"
"36","95959.08","2113.76","2015-04-19 00:00:00","1.01","62591.27","5341.52","25912.53","19572.82","5205.38","1134.33","conventional","Louisville"
"44","107443.35","3122.61","2015-02-22 00:00:00","1.01","77315.21","1217.83","25787.7","9789.94","15762.59","235.17","conventional","Louisville"
"31","757305.14","571149.16","2015-05-24 00:00:00","1.01","62989.67","72.94","123093.37","62451.72","60641.65","0","conventional","MiamiFtLauderdale"
"43","647014.16","484615.92","2015-03-01 00:00:00","1.01","60307.81","41.65","102048.78","45516.03","56532.75","0","conventional","MiamiFtLauderdale"
"40","173980.22","122204.32","2015-03-22 00:00:00","1.01","9195.02","13155.99","29424.89","22501.23","6833.78","89.88","conventional","Nashville"
"9","191180.56","117736.07","2015-10-25 00:00:00","1.01","17516.63","646.78","55281.08","51959.11","3321.97","0","conventional","NewOrleansMobile"
"25","297481.36","185225.73","2015-07-05 00:00:00","1.01","9201.65","15050.73","88003.25","81157.38","6839.81","6.06","conventional","NewOrleansMobile"
"16","508207.79","2506.81","2015-09-06 00:00:00","1.01","456884.53","377.7","48438.75","48349.86","88.89","0","conventional","NorthernNewEngland"
"31","181169.72","2157.12","2015-05-24 00:00:00","1.01","117543.69","3203.21","58265.7","26280.32","31985.38","0","conventional","Pittsburgh"
"34","2333238.9","1485535.26","2015-05-03 00:00:00","1.01","508885.83","17406.31","321411.5","311074.95","6744.66","3591.89","conventional","Plains"
"51","1683795.3","1027842.3","2015-01-04 00:00:00","1.01","466641.12","10476.89","178834.99","177360.2","440.57","1034.22","conventional","Plains"
"0","417190.47","87748.64","2015-12-27 00:00:00","1.01","131201.91","16182.87","182057.05","181763.3","44.65","249.1","conventional","Portland"
"30","600303.28","249742.24","2015-05-31 00:00:00","1.01","226577.97","17218.66","106764.41","106687.47","51.91","25.03","conventional","Portland"
"31","606039.09","190231.27","2015-05-24 00:00:00","1.01","295332.36","15508.11","104967.35","104757.58","136.92","72.85","conventional","Portland"
"34","335464.54","70984.75","2015-05-03 00:00:00","1.01","108604.01","80829.91","75045.87","73838.89","1147.26","59.72","conventional","RaleighGreensboro"
"5","148242.89","44462.58","2015-11-22 00:00:00","1.01","69493.08","6545.55","27741.68","27736.4","2.64","2.64","conventional","RichmondNorfolk"
"11","192231.47","61756.93","2015-10-11 00:00:00","1.01","85083.67","16004.59","29386.28","28741.43","617.78","27.07","conventional","RichmondNorfolk"
"15","229220.66","86208.18","2015-09-13 00:00:00","1.01","89290.69","9499.01","44222.78","43507.62","715.16","0","conventional","RichmondNorfolk"
"25","287571.95","94880.31","2015-07-05 00:00:00","1.01","118022.58","15212.24","59456.82","58905.71","551.11","0","conventional","RichmondNorfolk"
"27","264922.77","95486.41","2015-06-21 00:00:00","1.01","99696.48","11120.6","58619.28","58619.28","0","0","conventional","RichmondNorfolk"
"2","99886.07","38378.38","2015-12-13 00:00:00","1.01","34347.46","127.18","27033.05","27030.08","2.97","0","conventional","Roanoke"
"3","99519.99","41191.54","2015-12-06 00:00:00","1.01","35662.29","100.43","22565.73","22565.73","0","0","conventional","Roanoke"
"7","114124.6","53190.61","2015-11-08 00:00:00","1.01","35852.04","135.05","24946.9","24873.75","73.15","0","conventional","Roanoke"
"11","118009.81","53713.89","2015-10-11 00:00:00","1.01","37828.75","151.21","26315.96","26312.88","3.08","0","conventional","Roanoke"
"13","109274.98","44983.72","2015-09-27 00:00:00","1.01","44626.23","84.32","19580.71","19577.65","0","3.06","conventional","Roanoke"
"8","468472.81","211287.89","2015-11-01 00:00:00","1.01","179995.77","17716.68","59472.47","53567.27","5897.02","8.18","conventional","SanDiego"
"37","515246.69","260591.11","2015-04-12 00:00:00","1.01","189713.87","14665.62","50276.09","26305.87","23949.07","21.15","conventional","SanDiego"
"49","461063.73","250311.74","2015-01-18 00:00:00","1.01","163944.2","14125.01","32682.78","27844.81","4411.36","426.61","conventional","SanDiego"
"51","309024.22","180977.06","2015-01-04 00:00:00","1.01","46253.49","12923.45","68870.22","52556","16314.22","0","conventional","SouthCarolina"
"43","3633174.13","2682065.6","2015-03-01 00:00:00","1.01","281502.89","19429.67","650175.97","396512.64","253660.35","2.98","conventional","Southeast"
"40","32513550.51","13697405.61","2015-03-22 00:00:00","1.01","12659784.83","1066385.92","5089974.15","4275071.46","762527.54","52375.15","conventional","TotalUS"
"50","29063542.75","11544810.53","2015-01-11 00:00:00","1.01","12134773.38","866574.66","4517384.18","3783261.16","718333.87","15789.15","conventional","TotalUS"
"20","5531488.2","2368531.2","2015-08-09 00:00:00","1.01","2068854.19","135407.7","958695.11","667604.38","291065.47","25.26","conventional","West"
"24","5791508.96","2688406.31","2015-07-12 00:00:00","1.01","1950436.22","133097","1019569.43","731843.74","286270.91","1454.78","conventional","West"
"14","527700.95","233800.98","2016-09-18 00:00:00","1.01","70931.17","132.15","222836.65","139748.72","82907.37","180.56","conventional","Atlanta"
"23","474063.61","202638.65","2016-07-17 00:00:00","1.01","82942.03","164.21","188318.72","108732.19","78958.75","627.78","conventional","Atlanta"
"3","72471.63","34194.72","2016-12-04 00:00:00","1.01","2996.3","3771.85","31508.76","31278.13","217.75","12.88","conventional","Boise"
"16","79683.06","37233.67","2016-09-04 00:00:00","1.01","2055.59","7067.38","33326.42","31599.81","1718.65","7.96","conventional","Boise"
"51","610622.03","5112.51","2016-01-03 00:00:00","1.01","492477.86","21182.52","91849.14","91579.91","269.23","0","conventional","Boston"
"28","6506234.86","2597934.17","2016-06-12 00:00:00","1.01","1869930.06","328653.8","1709716.83","1571460.04","110755.4","27501.39","conventional","California"
"48","794029.7","23862.94","2016-01-24 00:00:00","1.01","543471.49","136033.93","90661.34","88261.04","2400.3","0","conventional","Chicago"
"11","276819.57","3166.45","2016-10-09 00:00:00","1.01","100995.03","1223.02","171435.07","21810.18","149624.89","0","conventional","CincinnatiDayton"
"39","153523.03","46922.11","2016-03-27 00:00:00","1.01","32127.84","29363.76","45109.32","21567.71","20098.73","3442.88","conventional","Columbus"
"17","353420.52","123353.98","2016-08-28 00:00:00","1.01","54190.11","10761.35","165115.08","164229.27","533.04","352.77","conventional","Detroit"
"29","4188245.99","467971.13","2016-06-05 00:00:00","1.01","2147776.06","487106.11","1085392.69","776263.67","220019.19","89109.83","conventional","GreatLakes"
"30","210386.61","13152.88","2016-05-29 00:00:00","1.01","109784.28","12495.73","74953.72","47279.19","24844.19","2830.34","conventional","Indianapolis"
"38","181662.16","84765.99","2016-04-03 00:00:00","1.01","27201.22","149.61","69545.34","27121.05","42424.29","0","conventional","Jacksonville"
"44","141335.89","63676.54","2016-02-21 00:00:00","1.01","22329.28","211.65","55118.42","18439.32","36679.1","0","conventional","Jacksonville"
"4","2257271.18","865743.41","2016-11-27 00:00:00","1.01","416437.85","50949.95","924139.97","868269.44","34138.07","21732.46","conventional","LosAngeles"
"22","3033328.67","1163035.43","2016-07-24 00:00:00","1.01","629930.18","83979.91","1156383.15","1073915.16","60000.52","22467.47","conventional","LosAngeles"
"0","81833.86","1337.84","2016-12-25 00:00:00","1.01","35234.67","179.74","45081.61","16333.36","28748.25","0","conventional","Louisville"
"33","653844.27","349383.33","2016-05-08 00:00:00","1.01","137741.01","173.19","166546.74","70856.95","94280.07","1409.72","conventional","MiamiFtLauderdale"
"48","3147902.67","472744.05","2016-01-24 00:00:00","1.01","1787662.94","146094.55","741401.13","630109.47","107122.67","4168.99","conventional","Midsouth"
"51","2967929.65","675102.33","2016-01-03 00:00:00","1.01","1566127.03","150716.62","575983.67","504610.53","64629.99","6743.15","conventional","Midsouth"
"14","191359.67","98830.01","2016-09-18 00:00:00","1.01","16914.64","80.79","75534.23","55278.01","20256.22","0","conventional","Nashville"
"49","1840344.27","18562.23","2016-01-17 00:00:00","1.01","1422978.1","4948.8","393855.14","349479.81","44375.33","0","conventional","NewYork"
"41","476634.67","3165.58","2016-03-13 00:00:00","1.01","382630.54","36964.09","53874.46","53859.72","14.74","0","conventional","NorthernNewEngland"
"13","165178.31","62848.81","2016-09-25 00:00:00","1.01","67362.99","3010.02","31956.49","23313.81","8642.68","0","conventional","Pittsburgh"
"16","613058.51","131619.33","2016-09-04 00:00:00","1.01","166648.41","13319.89","301470.88","300935.32","312.46","223.1","conventional","Portland"
"37","220100.13","60884.25","2016-04-10 00:00:00","1.01","82433.14","6103.75","70678.99","70654.98","0","24.01","conventional","RichmondNorfolk"
"16","162357.83","51973.15","2016-09-04 00:00:00","1.01","42949.04","107.02","67328.62","64633.66","2359.96","335","conventional","Roanoke"
"24","158961.77","46152.7","2016-07-10 00:00:00","1.01","54601.35","140.66","58067.06","47150.09","5153.64","5763.33","conventional","Roanoke"
"35","529817.53","173546.78","2016-04-24 00:00:00","1.01","281110.03","18901.93","56258.79","55978.23","0","280.56","conventional","Sacramento"
"28","666340.59","108550.27","2016-06-12 00:00:00","1.01","178700.42","12433.23","366656.67","365830.13","512.07","314.47","conventional","Seattle"
"36","370690.55","153725.68","2016-04-17 00:00:00","1.01","109475.73","5464.93","102024.21","67727.91","34296.3","0","conventional","SouthCarolina"
"47","312455.27","159088.93","2016-01-31 00:00:00","1.01","88740.6","9166.73","55459.01","38452.05","17006.96","0","conventional","SouthCarolina"
"12","5006659.75","2488198.8","2016-10-02 00:00:00","1.01","1053485.59","17352.41","1447622.95","1091904.2","338402.33","17316.42","conventional","SouthCentral"
"36","3673260.93","1705009.13","2016-04-17 00:00:00","1.01","779184.92","8860.76","1180206.12","556254.94","622049.37","1901.81","conventional","Southeast"
"8","128966.42","51881.76","2016-10-30 00:00:00","1.01","6010.11","59.48","71015.07","45591.77","25423.3","0","conventional","StLouis"
"47","219443.76","79030.8","2016-01-31 00:00:00","1.01","33529.73","14.01","106869.22","68748.3","38112.15","8.77","conventional","StLouis"
"50","218460.75","77169.1","2016-01-10 00:00:00","1.01","28510.27","34.37","112747.01","89122.24","23596.15","28.62","conventional","StLouis"
"24","6487362.71","2293685.5","2016-07-10 00:00:00","1.01","1475916.77","111309.46","2606450.98","1823295.07","762671.3","20484.61","conventional","West"
"49","88317.73","34251.49","2017-01-22 00:00:00","1.01","5626.82","8313.98","40125.44","34932.06","5155.3","38.08","conventional","Boise"
"6","247158","4314","2017-11-19 00:00:00","1.01","89762","793","152289","19201","132886","203","conventional","CincinnatiDayton"
"8","320427.23","4581.41","2017-11-05 00:00:00","1.01","121602.23","862.16","193381.43","19496.38","173702.6","182.45","conventional","CincinnatiDayton"
"39","290569.6","7282.55","2017-04-02 00:00:00","1.01","72866.01","1092.42","209328.62","33461.38","175820.25","46.99","conventional","CincinnatiDayton"
"27","402914.93","96114.24","2017-06-25 00:00:00","1.01","58116.71","14203.42","234480.56","200994.73","31937.51","1548.32","conventional","Detroit"
"48","381506.2","125847.46","2017-01-29 00:00:00","1.01","70435.94","6902.42","178320.38","174385.95","3782.91","151.52","conventional","Detroit"
"48","3799154.1","593815.23","2017-01-29 00:00:00","1.01","1631554.73","181118.9","1392665.24","891429.94","485161.76","16073.54","conventional","GreatLakes"
"19","1096227.54","458024.37","2017-08-20 00:00:00","1.01","216584.11","1575.76","420043.3","230159.82","189883.48","0","conventional","Houston"
"24","1143310.87","475986.48","2017-07-16 00:00:00","1.01","251487.71","4545.5","411291.18","279519.76","131771.42","0","conventional","Houston"
"3","181425.66","95942.65","2017-12-10 00:00:00","1.01","11557.82","257.6","73667.59","33265.86","40251.73","150","conventional","Jacksonville"
"4","315521","66925","2017-12-03 00:00:00","1.01","127968","4488","116140","47447","68396","297","conventional","LasVegas"
"28","357696.04","133507.85","2017-06-18 00:00:00","1.01","55577.57","6723.34","161887.28","55967.51","105919.77","0","conventional","LasVegas"
"4","2615853","1177940","2017-12-03 00:00:00","1.01","396804","68958","972151","913002","23854","35296","conventional","LosAngeles"
"38","2993246.61","957440.04","2017-04-09 00:00:00","1.01","408516.09","106825.66","1520464.82","1460394.98","10162.56","49907.28","conventional","LosAngeles"
"3","100072.52","6065.04","2017-12-10 00:00:00","1.01","37048.51","147.89","56811.08","26607.95","30198.81","4.32","conventional","Louisville"
"25","124946.18","2696.41","2017-07-09 00:00:00","1.01","45861.16","209.51","76179.1","22207.37","53245.65","726.08","conventional","Louisville"
"2","660737.83","449484.96","2017-12-17 00:00:00","1.01","63179.34","5749.55","142323.98","69456.09","72867.89","0","conventional","MiamiFtLauderdale"
"4","229337","123038","2017-12-03 00:00:00","1.01","8062","175","98063","78202","18913","949","conventional","Nashville"
"50","291083.26","171326.01","2017-01-15 00:00:00","1.01","35657.65","232.92","83866.68","60508.85","16912.83","6445","conventional","NewOrleansMobile"
"7","681570","19108","2017-11-12 00:00:00","1.01","588116","3876","70471","15795","54675","0","conventional","NorthernNewEngland"
"2","381303.71","248830.89","2017-12-17 00:00:00","1.01","30567.37","865.3","101040.15","56490.38","44549.77","0","conventional","Orlando"
"20","940390.93","458381.41","2017-08-13 00:00:00","1.01","178230.34","12192.21","291586.97","178802.98","109113.99","3670","conventional","PhoenixTucson"
"0","150867.12","76689.8","2017-12-31 00:00:00","1.01","30458.87","2273.44","41445.01","28145.83","13299.18","0","conventional","Pittsburgh"
"2","141895.38","66813.07","2017-12-17 00:00:00","1.01","29425.92","2193.61","43462.78","30505.58","12957.2","0","conventional","Pittsburgh"
"32","750346.5","160576.89","2017-05-21 00:00:00","1.01","189301.72","21411.16","379056.73","378471.34","433.9","151.49","conventional","Portland"
"32","172518.2","39721.37","2017-05-21 00:00:00","1.01","44645.91","152.32","87998.6","78050.29","9942.08","6.23","conventional","Roanoke"
"2","3751927.63","2208030.81","2017-12-17 00:00:00","1.01","341376.69","15056.86","1187463.27","728007.45","442491.14","16964.68","conventional","Southeast"
"7","6182298","2154560","2017-11-12 00:00:00","1.01","1537208","80539","2409991","1269325","1132967","7699","conventional","West"
"33","7143624.99","2613704.06","2017-05-14 00:00:00","1.01","1377670.83","132186.47","3020063.63","2092575.26","923467.38","4020.99","conventional","West"
"19","772883.21","462664.9","2017-08-20 00:00:00","1.01","91342.95","7461.86","211413.5","100740.73","108212.77","2460","conventional","WestTexNewMexico"
"22","837672.89","496316.57","2017-07-30 00:00:00","1.01","107799.04","8697.46","224859.82","141547.68","82057.69","1254.45","conventional","WestTexNewMexico"
"2","275804.74","65139.45","2018-03-11 00:00:00","1.01","22713.79","10175.31","177776.19","146773.92","30140.64","861.63","conventional","CincinnatiDayton"
"1","216897.74","62775.9","2018-03-18 00:00:00","1.01","15964.09","2293.97","135863.78","95448.1","39893.13","522.55","conventional","Columbus"
"3","934460.44","192776.45","2018-03-04 00:00:00","1.01","258652.66","15526.86","467504.47","137337.91","330166.56","0","conventional","Denver"
"11","963849.75","184830.15","2018-01-07 00:00:00","1.01","292349.16","14102.19","472568.25","112396.9","360171.35","0","conventional","Denver"
"9","349565.06","2991.23","2018-01-21 00:00:00","1.01","143928.98","137321.51","65323.34","23516.4","1183.72","40623.22","conventional","GrandRapids"
"1","209169.31","51782","2018-03-18 00:00:00","1.01","34392.89","8471.15","114523.27","98947.12","12343.98","3232.17","conventional","Indianapolis"
"0","382746.42","76054.73","2018-03-25 00:00:00","1.01","122475.03","6496.13","177720.53","75499.86","101806.23","414.44","conventional","LasVegas"
"9","183347.37","83017.19","2018-01-21 00:00:00","1.01","32323.3","2721.64","65285.24","36503.46","28781.78","0","conventional","Pittsburgh"
"4","772848.65","62880.59","2018-02-25 00:00:00","1.01","259931.89","16312.94","433723.23","101200.06","328765.75","3757.42","conventional","Portland"
"6","292742.42","73304.78","2018-02-11 00:00:00","1.01","95360.46","1648.41","122428.77","107274.6","14805.83","348.34","conventional","RichmondNorfolk"
"0","1203274.11","198289.36","2018-03-25 00:00:00","1.01","895797.12","2202.74","106984.89","103033.73","186.2","3764.96","conventional","SanFrancisco"
"9","1301932.95","259497.05","2018-01-21 00:00:00","1.01","919666.37","2578.69","120190.84","117863.67","80.08","2247.09","conventional","SanFrancisco"
"8","7007265.31","2718390.81","2018-01-28 00:00:00","1.01","1664995.75","93165.88","2530712.87","1254504.07","1260049.46","16159.34","conventional","West"
"24","6269.43","409.42","2015-07-12 00:00:00","1.01","2453.22","0","3406.79","80","3326.79","0","organic","Columbus"
"24","14131.07","481.72","2015-07-12 00:00:00","1.01","5955.13","0","7694.22","436.67","7257.55","0","organic","Detroit"
"32","12407.01","281.02","2015-05-17 00:00:00","1.01","7695.78","1454.5","2975.71","1634.01","1341.7","0","organic","RichmondNorfolk"
"45","17338.51","545.84","2016-02-14 00:00:00","1.01","9088.79","0","7703.88","294.41","7409.47","0","organic","CincinnatiDayton"
"10","16161.36","725","2016-10-16 00:00:00","1.01","3749.33","0","11687.03","2823.14","8863.89","0","organic","Columbus"
"36","106228.91","10528.54","2016-04-17 00:00:00","1.01","24399.57","0","71300.8","70842.07","458.73","0","organic","LosAngeles"
"34","509484.65","163000.7","2016-05-01 00:00:00","1.01","151262.14","9538.16","185683.65","55292.78","130390.87","0","organic","West"
"35","628445.85","143958.38","2016-04-24 00:00:00","1.01","213511.34","339.25","270636.88","213637.25","56999.63","0","organic","West"
"43","20701.89","2110.61","2017-03-05 00:00:00","1.01","5897.56","0","12693.72","12277.2","416.52","0","organic","LasVegas"
"51","47556.69","3790.24","2017-01-08 00:00:00","1.01","6998.59","14.77","36753.09","279.31","36473.78","0","organic","Portland"
"44","13878.02","721.23","2017-02-26 00:00:00","1.01","3569.87","221.42","9365.5","3127.75","6237.75","0","organic","RichmondNorfolk"
"3","17987.77","78.5","2018-03-04 00:00:00","1.01","7765.2","0","10144.07","10144.07","0","0","organic","GrandRapids"
"5","356414.57","269799.03","2015-11-22 00:00:00","1","29732.3","501.16","56382.08","36992.3","19389.78","0","conventional","Atlanta"
"34","634213.1","538403.48","2015-05-03 00:00:00","1","28568.26","1059.73","66181.63","32520.82","33660.81","0","conventional","Atlanta"
"40","479590.62","393591.03","2015-03-22 00:00:00","1","23419.6","304.89","62275.1","40495.12","21766.54","13.44","conventional","Atlanta"
"51","435021.49","364302.39","2015-01-04 00:00:00","1","23821.16","82.15","46815.79","16707.15","30108.64","0","conventional","Atlanta"
"34","85466.99","66880.12","2015-05-03 00:00:00","1","7942.34","4289.72","6354.81","6349.93","0","4.88","conventional","Boise"
"41","65918.28","51472.29","2015-03-15 00:00:00","1","7018.29","2981.8","4445.9","4445.9","0","0","conventional","Boise"
"5","133618.33","30028.69","2015-11-22 00:00:00","1","53644.97","24221.58","25723.09","22228.47","3494.62","0","conventional","Charlotte"
"34","261492.2","50203.31","2015-05-03 00:00:00","1","69446.61","77627.49","64214.79","58626.28","5588.51","0","conventional","Charlotte"
"8","807041.46","69420.04","2015-11-01 00:00:00","1","562214.56","106536.92","68869.94","68447.93","422.01","0","conventional","Chicago"
"14","165068.86","86031.9","2015-09-20 00:00:00","1","31599.19","26200.37","21237.4","12029.73","4671.88","4535.79","conventional","Columbus"
"20","167387.9","64121.12","2015-08-09 00:00:00","1","52440.39","20857.42","29968.97","20668","7460.64","1840.33","conventional","Columbus"
"32","180511.78","97341.26","2015-05-17 00:00:00","1","38624.07","22934.89","21611.56","15997.43","2463.86","3150.27","conventional","Columbus"
"36","172913.44","80303.92","2015-04-19 00:00:00","1","40370.03","26369.27","25870.22","20819.2","1861.68","3189.34","conventional","Columbus"
"44","899302.8","153410.25","2015-02-22 00:00:00","1","584093.63","5686.33","156112.59","62564.22","93534.16","14.21","conventional","Denver"
"14","373545.23","129945.11","2015-09-20 00:00:00","1","71335.62","111298.27","60966.23","38180.88","839.26","21946.09","conventional","Detroit"
"26","329753.61","135230.94","2015-06-28 00:00:00","1","30175.61","48618.79","115728.27","111301.27","2126.05","2300.95","conventional","Detroit"
"3","2981347.2","401676.14","2015-12-06 00:00:00","1","1680591.43","398320.64","500758.99","325850","124306.44","50602.55","conventional","GreatLakes"
"8","3229124.75","436343.74","2015-11-01 00:00:00","1","1825512.93","388703.05","578565.03","399665.31","133071.89","45827.83","conventional","GreatLakes"
"23","173741.3","111744.79","2015-07-19 00:00:00","1","24068.98","647.13","37280.4","17718.5","19561.9","0","conventional","Jacksonville"
"31","195410.86","139484.96","2015-05-24 00:00:00","1","13258.26","1049.26","41618.38","20782.4","20835.98","0","conventional","Jacksonville"
"21","2742211.46","1883744.01","2015-08-02 00:00:00","1","503247.72","58532.61","296687.12","291524.01","2991.1","2172.01","conventional","LosAngeles"
"39","2566690.28","1672623.8","2015-03-29 00:00:00","1","535932.2","69022.84","289111.44","250801.63","36844.97","1464.84","conventional","LosAngeles"
"30","92345.33","7195.55","2015-05-31 00:00:00","1","58910.38","1622.81","24616.59","11607.93","12647.23","361.43","conventional","Louisville"
"39","93802.08","2639.24","2015-03-29 00:00:00","1","64264.48","1117","25781.36","22498.91","3113.19","169.26","conventional","Louisville"
"46","87054.02","6359.25","2015-02-08 00:00:00","1","59424.49","1307.44","19962.84","10210.07","9464.13","288.64","conventional","Louisville"
"11","538384.22","384920.27","2015-10-11 00:00:00","1","59335.78","21.6","94106.57","39787.55","54316.07","2.95","conventional","MiamiFtLauderdale"
"37","692569.85","525432.6","2015-04-12 00:00:00","1","63130.09","59.84","103947.32","47627.94","56319.38","0","conventional","MiamiFtLauderdale"
"3","2233138.01","507201.58","2015-12-06 00:00:00","1","1154808.22","133316.89","437811.32","377999.41","57793.89","2018.02","conventional","Midsouth"
"3","130989.23","88033.66","2015-12-06 00:00:00","1","9655.78","5447.67","27852.12","22956.94","4797.18","98","conventional","Nashville"
"37","158490.37","111682.33","2015-04-12 00:00:00","1","9658.98","12737.74","24411.32","14353.71","10057.61","0","conventional","Nashville"
"51","162162.75","113865.83","2015-01-04 00:00:00","1","11083.58","11699.03","25514.31","19681.13","5611.51","221.67","conventional","Nashville"
"11","217777.46","135769.89","2015-10-11 00:00:00","1","16126.01","1155.54","64726.02","56426.31","8293.55","6.16","conventional","NewOrleansMobile"
"12","222488.23","133195.58","2015-10-04 00:00:00","1","20601.83","1171.5","67519.32","59907.03","7612.29","0","conventional","NewOrleansMobile"
"14","224017.47","135003.95","2015-09-20 00:00:00","1","24187.24","1608.76","63217.52","56901.55","6309.86","6.11","conventional","NewOrleansMobile"
"20","272464.74","171948.43","2015-08-09 00:00:00","1","10121.42","11932.03","78462.86","71332.39","7130.47","0","conventional","NewOrleansMobile"
"10","402466.4","3274.11","2015-10-18 00:00:00","1","361448.46","192.81","37551.02","36297.69","1253.33","0","conventional","NorthernNewEngland"
"11","308032.62","211056.18","2015-10-11 00:00:00","1","30064.22","105.62","66806.6","31968.47","34838.13","0","conventional","Orlando"
"12","332997.12","224769.27","2015-10-04 00:00:00","1","34085.54","60.86","74081.45","37192.16","36886.48","2.81","conventional","Orlando"
"31","401991.2","295794.7","2015-05-24 00:00:00","1","29758","160.42","76278.08","37157.88","39120.2","0","conventional","Orlando"
"43","316199.07","227527.01","2015-03-01 00:00:00","1","26599.79","114.63","61957.64","31707.62","30250.02","0","conventional","Orlando"
"51","281803.19","190743.27","2015-01-04 00:00:00","1","38265.21","75.22","52719.49","19933.7","32785.79","0","conventional","Orlando"
"15","535519.29","222536.88","2015-09-13 00:00:00","1","181246.81","15103.06","116632.54","116569.24","22.02","41.28","conventional","Portland"
"6","238990.38","52380.29","2015-11-15 00:00:00","1","112379.04","38424.89","35806.16","34671.43","1134.73","0","conventional","RaleighGreensboro"
"8","212854.47","72020.73","2015-11-01 00:00:00","1","93880.64","16391.8","30561.3","29676.86","884.44","0","conventional","RichmondNorfolk"
"10","217221.23","70405.4","2015-10-18 00:00:00","1","106053.96","13205.22","27556.65","27252.31","280","24.34","conventional","RichmondNorfolk"
"26","236210.73","78419.44","2015-06-28 00:00:00","1","90965.34","11394.34","55431.61","55427.17","4.44","0","conventional","RichmondNorfolk"
"1","88183.03","27512.58","2015-12-20 00:00:00","1","31883.26","116.69","28670.5","27888.28","8.89","773.33","conventional","Roanoke"
"5","83963.95","28956.02","2015-11-22 00:00:00","1","29324.32","163.5","25520.11","25520.11","0","0","conventional","Roanoke"
"6","109928.84","41213.9","2015-11-15 00:00:00","1","45406.39","99","23209.55","23209.55","0","0","conventional","Roanoke"
"8","116798.97","54831.71","2015-11-01 00:00:00","1","40083.51","177.07","21706.68","20934.8","771.88","0","conventional","Roanoke"
"14","125682.96","64728.77","2015-09-20 00:00:00","1","37055.97","128.08","23770.14","23770.14","0","0","conventional","Roanoke"
"47","168217.72","71867.81","2015-02-01 00:00:00","1","65784.29","93.81","30471.81","27117.84","3353.97","0","conventional","Roanoke"
"1","385518.03","99604.61","2015-12-20 00:00:00","1","224843.47","15917.28","45152.67","45138.23","8.66","5.78","conventional","Sacramento"
"2","376689.94","94854.9","2015-12-13 00:00:00","1","221627.68","16953.75","43253.61","43250.73","2.88","0","conventional","Sacramento"
"34","1310364.67","237060.7","2015-05-03 00:00:00","1","975141.69","32834.29","65327.99","64042.6","971.5","313.89","conventional","SanFrancisco"
"8","280886.82","143163.13","2015-11-01 00:00:00","1","59937.59","19045.03","58741.07","44763.47","13977.6","0","conventional","SouthCarolina"
"16","353755","165544.52","2015-09-06 00:00:00","1","78503.43","23189.42","86517.63","68114.97","18328.93","73.73","conventional","SouthCarolina"
"40","366680","218785.98","2015-03-22 00:00:00","1","48984.19","15237.87","83671.96","71610.52","12061.44","0","conventional","SouthCarolina"
"20","3804851.11","2430272.64","2015-08-09 00:00:00","1","498991.43","79631.92","795955.12","525549.82","270162.46","242.84","conventional","Southeast"
"31","4298514.96","3209533.78","2015-05-24 00:00:00","1","311176.56","30510.18","747294.44","457338.88","289932.34","23.22","conventional","Southeast"
"37","3781504.91","2801179.62","2015-04-12 00:00:00","1","292733.49","23471.11","664120.69","371569.32","292551.37","0","conventional","Southeast"
"6","84398.93","17121.98","2015-11-15 00:00:00","1","38867.94","2013.77","26395.24","26395.24","0","0","conventional","Spokane"
"51","84612.39","26607.29","2015-01-04 00:00:00","1","44341.92","3660.64","10002.54","9556.06","446.48","0","conventional","Spokane"
"43","373461.94","258084.33","2015-03-01 00:00:00","1","27867.24","38.19","87472.18","50762.76","36709.42","0","conventional","Tampa"
"11","29216198.15","8828340.53","2015-10-11 00:00:00","1","13326573.45","1614282.73","5447001.44","4153477.6","1221305.29","72218.55","conventional","TotalUS"
"29","36549995.66","16529797.6","2015-06-07 00:00:00","1","12582265.21","1144715.95","6293216.9","5304562.91","943995.95","44658.04","conventional","TotalUS"
"12","4895485.63","1369449.86","2015-10-04 00:00:00","1","2378441.26","179192.02","968402.49","630337.33","336994.14","1071.02","conventional","West"
"22","495686.56","215522.82","2016-07-24 00:00:00","1","92726.36","110.76","187326.62","120773.07","66553.55","0","conventional","Atlanta"
"45","204110.86","45730.46","2016-02-14 00:00:00","1","87862.03","18323.51","52194.86","44807.51","7387.35","0","conventional","Charlotte"
"34","890281.5","39249.49","2016-05-01 00:00:00","1","587919.1","155289.67","107823.24","101940.66","4166.66","1715.92","conventional","Chicago"
"41","823796.56","39540.49","2016-03-13 00:00:00","1","569733.57","125901.94","88620.56","86428.9","2191.66","0","conventional","Chicago"
"45","803120.71","45558.04","2016-02-14 00:00:00","1","501188.76","131202.78","125171.13","106296.76","18322.72","551.65","conventional","Chicago"
"5","910226.05","503088.59","2016-11-20 00:00:00","1","183916.45","2767.57","220453.44","219494.36","746.62","212.46","conventional","DallasFtWorth"
"27","791013.5","188105.59","2016-06-19 00:00:00","1","224899.28","20738.26","357270.37","96129.71","260598.95","541.71","conventional","Denver"
"27","442961.17","149055.97","2016-06-19 00:00:00","1","60807.9","75225.17","157872.13","130698.09","1731.45","25442.59","conventional","Detroit"
"34","319391.58","109542.32","2016-05-01 00:00:00","1","48135.67","46048.82","115664.77","97920.55","6527.68","11216.54","conventional","Detroit"
"35","331109.85","116267.83","2016-04-24 00:00:00","1","50906.17","45925.85","118010","102880.88","6973","8156.12","conventional","Detroit"
"45","334544.52","129795.42","2016-02-14 00:00:00","1","51191.64","71030.49","82526.97","60254.29","12167.81","10104.87","conventional","Detroit"
"31","3705262.31","565308.46","2016-05-22 00:00:00","1","1785951.31","285242.59","1068759.95","777740.27","252029.83","38989.85","conventional","GreatLakes"
"9","777847.84","371566.37","2016-10-23 00:00:00","1","145059.25","2488.59","258733.63","197398.04","61335.59","0","conventional","Houston"
"50","173238.2","4590.25","2016-01-10 00:00:00","1","101117.07","18454.86","49076.02","25431.42","20246.87","3397.73","conventional","Indianapolis"
"36","184827.45","88552.52","2016-04-17 00:00:00","1","31279.51","185.37","64810.05","23218.07","41247.54","344.44","conventional","Jacksonville"
"18","302708.43","141809.13","2016-08-21 00:00:00","1","50486.5","5836.08","104576.72","60675.79","43900.93","0","conventional","LasVegas"
"24","357786.69","153905.64","2016-07-10 00:00:00","1","69545.22","7716.52","126619.31","78101.14","47342.89","1175.28","conventional","LasVegas"
"25","362136.8","135214.32","2016-07-03 00:00:00","1","82726.73","9480.92","134714.83","88177.14","46537.69","0","conventional","LasVegas"
"13","3007073.27","1328968.75","2016-09-25 00:00:00","1","468792.85","62737.86","1146573.81","1087085.53","34496.65","24991.63","conventional","LosAngeles"
"20","3094362.21","1137248.03","2016-08-07 00:00:00","1","632756.21","67934.57","1256423.4","1158711.73","63574.75","34136.92","conventional","LosAngeles"
"25","106600.14","2398.42","2016-07-03 00:00:00","1","64636.42","1810.55","37754.75","18047.85","15818.57","3888.33","conventional","Louisville"
"47","2881461.41","555939","2016-01-31 00:00:00","1","1608441.06","133521.63","583559.72","496721.51","84565.77","2272.44","conventional","Midsouth"
"24","198240.02","88754.1","2016-07-10 00:00:00","1","37966.33","320.41","71199.18","51675.19","19523.99","0","conventional","Nashville"
"7","734433.2","334096.22","2016-11-06 00:00:00","1","154480.91","16680.28","229175.79","103302.07","125873.72","0","conventional","PhoenixTucson"
"14","826738.9","377761.66","2016-09-18 00:00:00","1","206297.66","11915.14","230764.44","93337.58","137426.86","0","conventional","PhoenixTucson"
"21","851296.1","392455.55","2016-07-31 00:00:00","1","202783.6","11881.45","244175.5","118231.43","125777.4","166.67","conventional","PhoenixTucson"
"37","1872378.56","886184","2016-04-10 00:00:00","1","507777.03","19359.4","459058.13","402410.37","45353.77","11293.99","conventional","Plains"
"3","594246.5","109778.14","2016-12-04 00:00:00","1","143749.16","11803.23","328915.97","325918.13","2557.73","440.11","conventional","Portland"
"49","272248.84","47604.07","2016-01-17 00:00:00","1","140274.99","27591.48","56778.3","56176.96","601.34","0","conventional","RaleighGreensboro"
"26","259281.86","74356.16","2016-06-26 00:00:00","1","104881","13640.28","66404.42","61487.49","26.93","4890","conventional","RichmondNorfolk"
"30","274103.16","81287.84","2016-05-29 00:00:00","1","106696.81","14413.68","71704.83","68403.23","746.6","2555","conventional","RichmondNorfolk"
"32","250352.36","63701.44","2016-05-15 00:00:00","1","121474.74","5701.56","59474.62","59227.96","152.32","94.34","conventional","RichmondNorfolk"
"27","158224.62","38806.24","2016-06-19 00:00:00","1","58287.79","134.48","60996.11","57154.04","32.07","3810","conventional","Roanoke"
"33","569710.14","171748.12","2016-05-08 00:00:00","1","307614.01","19761.74","70586.27","69357.77","5.84","1222.66","conventional","Sacramento"
"35","1017425.89","313239.31","2016-04-24 00:00:00","1","570669.6","55668.13","77848.85","76195.48","883.93","769.44","conventional","SanFrancisco"
"15","644049.31","154068.23","2016-09-11 00:00:00","1","167761.1","2713.1","319506.88","319298.96","135.14","72.78","conventional","Seattle"
"11","5416591.81","2650640.81","2016-10-09 00:00:00","1","1376612.19","32866.62","1356472.19","1118452.81","222546.73","15472.65","conventional","SouthCentral"
"47","88040.94","19600.06","2016-01-31 00:00:00","1","19030.78","3497.5","45912.6","45821.45","76.77","14.38","conventional","Spokane"
"44","207338.72","78891.03","2016-02-21 00:00:00","1","27326.04","55.42","101066.23","74251.97","26792.44","21.82","conventional","StLouis"
"51","213437.44","105267.98","2016-01-03 00:00:00","1","29054.71","34.87","79079.88","67243.27","11814.57","22.04","conventional","StLouis"
"45","329879.07","160675.05","2016-02-14 00:00:00","1","76135.86","78.63","92989.53","56730.92","36258.61","0","conventional","Tampa"
"0","30287853.7","9255125.2","2016-12-25 00:00:00","1","10282925.61","541972.42","10207830.47","7709584.33","2417144.92","81101.22","conventional","TotalUS"
"3","31621221.9","11043350.9","2016-12-04 00:00:00","1","9908982.97","428009.84","10240878.19","7187022.58","2988504.98","65350.63","conventional","TotalUS"
"19","6127060.42","2524278.53","2016-08-14 00:00:00","1","1212034.14","122056.89","2268690.86","1560891.12","706937.47","862.27","conventional","West"
"9","620389.4","326067.93","2016-10-23 00:00:00","1","68189.98","17487.68","208643.81","92147.36","115578.39","918.06","conventional","WestTexNewMexico"
"2","484326.63","231133.4","2017-12-17 00:00:00","1","33481.83","915.94","218795.46","153468.13","62336.11","2991.22","conventional","Atlanta"
"50","94156.43","36085.47","2017-01-15 00:00:00","1","4773.66","10056.51","43240.79","38975.02","4039.78","225.99","conventional","Boise"
"51","6653048.21","1988635.39","2017-01-08 00:00:00","1","2569566.25","109029.01","1985817.56","1807926.97","144375.5","33515.09","conventional","California"
"30","337444.34","11153.71","2017-06-04 00:00:00","1","83649.82","1325.95","241314.86","32810.06","208325.92","178.88","conventional","CincinnatiDayton"
"32","260725.3","7946.27","2017-05-21 00:00:00","1","73693.15","1026.77","178059.11","27839.65","150104.61","114.85","conventional","CincinnatiDayton"
"20","1263766.23","677058.95","2017-08-13 00:00:00","1","260341.69","2582.06","323783.53","157631.88","164728.16","1423.49","conventional","DallasFtWorth"
"8","426643.42","154127.34","2017-11-05 00:00:00","1","42917.02","7701.33","221897.73","204821.66","16602.19","473.88","conventional","Detroit"
"22","1117345.6","536258.78","2017-07-30 00:00:00","1","203627.59","2676.17","374783.06","247453.57","127329.49","0","conventional","Houston"
"28","260893.43","108420.61","2017-06-18 00:00:00","1","33689.09","143.44","118640.29","105965.4","10905.92","1768.97","conventional","Nashville"
"49","481274","167213.01","2017-01-22 00:00:00","1","125193.82","178.8","188688.37","66571.38","121936.43","180.56","conventional","Orlando"
"29","718937.65","128990.56","2017-06-11 00:00:00","1","168571.5","18215.43","403160.16","401672.14","1316.91","171.11","conventional","Portland"
"47","379603.83","131147.08","2017-02-05 00:00:00","1","162972.35","7578.2","77906.2","76374.99","1531.21","0","conventional","RichmondNorfolk"
"9","593934.52","169061.21","2017-10-29 00:00:00","1","309160.39","19020.23","96692.69","91706.27","4481.98","504.44","conventional","SanDiego"
"25","905064.3","186651.37","2017-07-09 00:00:00","1","182881.1","1023.68","534508.15","534148.07","34.7","325.38","conventional","Seattle"
"34","962478.04","251868.68","2017-05-07 00:00:00","1","251822.4","499.56","458287.4","435657.92","22522.63","106.85","conventional","Seattle"
"49","451738.89","159931.18","2017-01-22 00:00:00","1","121922.88","6643.91","163240.92","98463.17","64777.75","0","conventional","SouthCarolina"
"52","402162.87","166822.96","2017-01-01 00:00:00","1","105262.07","5223.2","124854.64","57344.89","67509.75","0","conventional","SouthCarolina"
"1","5140296.84","2608912.51","2017-12-24 00:00:00","1","875474.02","19843.89","1636066.42","1229407.46","406416.57","242.39","conventional","SouthCentral"
"34","140992.26","35074.32","2017-05-07 00:00:00","1","44285.32","68.98","61563.64","57195.98","4035.76","331.9","conventional","Spokane"
"48","192362.18","80253.19","2017-01-29 00:00:00","1","15081.96","159.98","96867.05","63464.66","33402.39","0","conventional","StLouis"
"2","449048.75","288732.84","2017-12-17 00:00:00","1","41565.28","706.31","118044.32","65991.99","52052.33","0","conventional","Tampa"
"49","547800.42","178179.3","2017-01-22 00:00:00","1","151852.98","116.5","217651.64","80110.89","137540.75","0","conventional","Tampa"
"38","6774200.48","2591478.44","2017-04-09 00:00:00","1","1299808.65","156421.2","2726492.19","1768746.74","954249.03","3496.42","conventional","West"
"40","6680540.39","2845948.78","2017-03-26 00:00:00","1","1110523.82","140936.9","2583130.89","1814182.35","765002.63","3945.91","conventional","West"
"2","227995.61","56419.41","2018-03-11 00:00:00","1","46098.37","6226.22","119251.61","104102.69","13239.57","1909.35","conventional","Indianapolis"
"4","3029956.79","1191842.89","2018-02-25 00:00:00","1","462947.54","74821.65","1300344.71","1220997.59","30525.57","48821.55","conventional","LosAngeles"
"11","118958.8","29241.59","2018-01-07 00:00:00","1","37772.39","170.77","51774.05","32655.63","19115.6","2.82","conventional","Louisville"
"6","856022.49","580099.01","2018-02-11 00:00:00","1","76468.67","2153.49","197301.32","106427.69","90813.63","60","conventional","MiamiFtLauderdale"
"9","273473.62","118667.23","2018-01-21 00:00:00","1","20388.24","309.67","134108.48","95967.09","36876.95","1264.44","conventional","Nashville"
"6","516404.7","346562.74","2018-02-11 00:00:00","1","36818.09","1200.04","131823.83","74552.03","57051.8","220","conventional","Orlando"
"2","345645.83","95991.36","2018-03-11 00:00:00","1","94894.74","1776.1","152983.63","139363.88","13327.83","291.92","conventional","RichmondNorfolk"
"6","569543.02","364195.92","2018-02-11 00:00:00","1","46814.57","1035.27","157497.26","82780.08","74593.85","123.33","conventional","Tampa"
"2","6906412.5","2442241.76","2018-03-11 00:00:00","1","1695925.97","130983","2637261.77","1435608.59","1184730.56","16922.62","conventional","West"
"20","625259","170184","2015-08-09 00:00:00","1","269330","6905","178838","126058","52779","0","organic","TotalUS"
"21","573873","164126","2015-08-02 00:00:00","1","263359","5115","141271","93120","48151","0","organic","TotalUS"
"22","580826","169940","2015-07-26 00:00:00","1","266249","4391","140244","71807","68436","0","organic","TotalUS"
"23","650389","159752","2015-07-19 00:00:00","1","317728","4758","168149","81667","86482","0","organic","TotalUS"
"24","608845","178871","2015-07-12 00:00:00","1","267353","5093","157526","80220","77305","0","organic","TotalUS"
"25","668233","205073","2015-07-05 00:00:00","1","304597","6251","152309","88261","64048","0","organic","TotalUS"
"37","3469.2","2.6","2016-04-10 00:00:00","1","1463.35","0","2003.25","240","1763.25","0","organic","Boise"
"24","11572.14","570.66","2016-07-10 00:00:00","1","4290.35","0","6711.13","551.3","6159.83","0","organic","Columbus"
"30","27580.57","10016.93","2016-05-29 00:00:00","1","341.12","0","17222.52","12248.06","4974.46","0","organic","DallasFtWorth"
"31","24210.7","8434.31","2016-05-22 00:00:00","1","437.88","0","15338.51","11584.99","3753.52","0","organic","DallasFtWorth"
"35","23975.47","7481.26","2016-04-24 00:00:00","1","2070.02","0","14424.19","9987.35","4436.84","0","organic","DallasFtWorth"
"24","37036.32","10122.11","2016-07-10 00:00:00","1","2278.64","18.29","24617.28","24562.35","54.93","0","organic","Denver"
"36","53454.29","6855.69","2016-04-17 00:00:00","1","2138.82","28.03","44431.75","30902.1","13529.65","0","organic","Denver"
"1","23369.48","7508.82","2016-12-18 00:00:00","1","48.87","0","15811.79","15811.79","0","0","organic","Houston"
"3","23759.48","7476","2016-12-04 00:00:00","1","37.13","0","16246.35","16243.02","3.33","0","organic","Houston"
"32","22900.08","7829","2016-05-15 00:00:00","1","40.07","0","15031.01","10087.16","4943.85","0","organic","Houston"
"40","8346.57","308.39","2016-03-20 00:00:00","1","2675.89","164.39","5197.9","1653.33","3544.57","0","organic","RichmondNorfolk"
"8","6655.57","800.43","2016-10-30 00:00:00","1","637.41","0","5217.73","420","4797.73","0","organic","StLouis"
"41","344775.17","42978.57","2016-03-13 00:00:00","1","73760.05","156.62","227879.93","60151.34","167728.59","0","organic","West"
"46","10853.5","750.39","2017-02-12 00:00:00","1","2489.67","0","7613.44","1835.85","5777.59","0","organic","Columbus"
"29","6507.2","0","2017-06-11 00:00:00","1","1633.09","0","4874.11","50","4824.11","0","organic","Louisville"
"45","147729.4","32258.65","2017-02-19 00:00:00","1","5881.61","5.89","109583.25","94503.56","15079.69","0","organic","SouthCentral"
"6","83453.76","1368.92","2015-11-15 00:00:00","0.99","73672.72","93.26","8318.86","8196.81","122.05","0","conventional","Albany"
"13","106803.39","1204.88","2015-09-27 00:00:00","0.99","99409.21","154.84","6034.46","5888.87","145.59","0","conventional","Albany"
"43","55595.74","629.46","2015-03-01 00:00:00","0.99","45633.34","181.49","9151.45","8986.06","165.39","0","conventional","Albany"
"46","51253.97","1357.37","2015-02-08 00:00:00","0.99","39111.81","163.25","10621.54","10113.1","508.44","0","conventional","Albany"
"47","70873.6","1353.9","2015-02-01 00:00:00","0.99","60017.2","179.32","9323.18","9170.82","152.36","0","conventional","Albany"
"0","386100.49","292097.36","2015-12-27 00:00:00","0.99","27350.92","297.9","66354.31","48605.95","17748.36","0","conventional","Atlanta"
"4","333280.79","250288.65","2015-11-29 00:00:00","0.99","28889.63","307.83","53794.68","33031.72","20738.55","24.41","conventional","Atlanta"
"8","419088.74","290457.5","2015-11-01 00:00:00","0.99","62980.07","252.79","65398.38","39460.77","25929.39","8.22","conventional","Atlanta"
"27","554763.76","449311.47","2015-06-21 00:00:00","0.99","30231.78","678.4","74542.11","55484.76","19010.81","46.54","conventional","Atlanta"
"29","551009.05","455565.92","2015-06-07 00:00:00","0.99","22414.17","738.68","72290.28","50954.84","21329.99","5.45","conventional","Atlanta"
"37","451101.89","377578.48","2015-04-12 00:00:00","0.99","22419.95","219.14","50884.32","25833.07","25051.25","0","conventional","Atlanta"
"43","512532.44","441544","2015-03-01 00:00:00","0.99","21183.7","347.78","49456.96","32180.9","17273.38","2.68","conventional","Atlanta"
"10","1005603.78","59121.55","2015-10-18 00:00:00","0.99","745385.26","49171.33","151925.64","146421.02","5504.62","0","conventional","BaltimoreWashington"
"2","58461.05","27148.61","2015-12-13 00:00:00","0.99","2985.73","6458.44","21868.27","21842.87","4.44","20.96","conventional","Boise"
"13","64187.8","47007.35","2015-09-27 00:00:00","0.99","5754.04","3663.3","7763.11","7596.64","160","6.47","conventional","Boise"
"28","87607.71","58791.25","2015-06-14 00:00:00","0.99","17880.43","3135.99","7800.04","7800.04","0","0","conventional","Boise"
"36","89694.96","56843.62","2015-04-19 00:00:00","0.99","21630.9","3260.22","7960.22","7953.8","0","6.42","conventional","Boise"
"44","76836.1","50872","2015-02-22 00:00:00","0.99","16374.74","2122.09","7467.27","7235.2","232.07","0","conventional","Boise"
"3","156114.08","34117.36","2015-12-06 00:00:00","0.99","63074.74","28482.72","30439.26","28181.92","2257.34","0","conventional","Charlotte"
"0","107565.04","41808.54","2015-12-27 00:00:00","0.99","27120.67","15564.05","23071.78","15032.43","3874.64","4164.71","conventional","Columbus"
"3","137195.59","60376.23","2015-12-06 00:00:00","0.99","33565.14","24435.11","18819.11","12451.6","3866.86","2500.65","conventional","Columbus"
"6","117462.94","52474.75","2015-11-15 00:00:00","0.99","26705.74","15258.85","23023.6","19594.87","2618.43","810.3","conventional","Columbus"
"8","135237.01","58162.23","2015-11-01 00:00:00","0.99","31821.24","23764.43","21489.11","14668.1","3691.47","3129.54","conventional","Columbus"
"27","164161.25","67311.23","2015-06-21 00:00:00","0.99","40382.51","24529.19","31938.32","24969.38","4739.34","2229.6","conventional","Columbus"
"34","176737.77","79998.58","2015-05-03 00:00:00","0.99","53621.15","15882.39","27235.65","16302.79","9726.39","1206.47","conventional","Columbus"
"49","808194.41","151976.7","2015-01-18 00:00:00","0.99","500683.5","4225.31","151308.9","77528.06","73764.68","16.16","conventional","Denver"
"51","668086","117454.09","2015-01-04 00:00:00","0.99","429518.41","5553.6","115559.9","67894.33","47661.52","4.05","conventional","Denver"
"11","362400.65","110374.23","2015-10-11 00:00:00","0.99","105188.14","72960.79","73877.49","68721.34","1222.93","3933.22","conventional","Detroit"
"22","326233.8","119084.73","2015-07-26 00:00:00","0.99","38501.17","63099.7","105548.2","98037.18","2518.38","4992.64","conventional","Detroit"
"12","160322.48","3241.7","2015-10-04 00:00:00","0.99","102316.58","18103.36","36660.84","29446.94","2198.98","5014.92","conventional","GrandRapids"
"0","132982.84","91470.46","2015-12-27 00:00:00","0.99","7688.79","514.7","33308.89","15300.85","18008.04","0","conventional","Jacksonville"
"11","141875.2","93556.4","2015-10-11 00:00:00","0.99","12101.67","1201.18","35015.95","14261.06","20754.89","0","conventional","Jacksonville"
"12","153146.21","102479","2015-10-04 00:00:00","0.99","13922.67","537.65","36206.89","14925.09","21281.8","0","conventional","Jacksonville"
"14","157688.29","97864.33","2015-09-20 00:00:00","0.99","21665.96","447.77","37710.23","17060.74","20649.49","0","conventional","Jacksonville"
"20","188720.77","121358.64","2015-08-09 00:00:00","0.99","22750.53","668.99","43942.61","21556.41","22386.2","0","conventional","Jacksonville"
"37","180970.46","132039.44","2015-04-12 00:00:00","0.99","13392.51","645.1","34893.41","17504.21","17389.2","0","conventional","Jacksonville"
"8","230414.44","87202.7","2015-11-01 00:00:00","0.99","94900.43","12912.69","35398.62","34277.25","1121.37","0","conventional","LasVegas"
"14","2392448.9","1024117.14","2015-09-20 00:00:00","0.99","947562.49","118706.07","302063.2","284791.57","12275.43","4996.2","conventional","LosAngeles"
"40","95101.27","2464.06","2015-03-22 00:00:00","0.99","62778.34","7475.66","22383.21","7992.82","12576.61","1813.78","conventional","Louisville"
"0","545064.74","387953.32","2015-12-27 00:00:00","0.99","44652.25","54.44","112404.73","53606.13","58798.6","0","conventional","MiamiFtLauderdale"
"12","570367.24","411182.68","2015-10-04 00:00:00","0.99","63182.62","48.48","95953.46","47869.19","48084.27","0","conventional","MiamiFtLauderdale"
"29","683877.72","503235.62","2015-06-07 00:00:00","0.99","60937","103.99","119601.11","65839.19","53761.92","0","conventional","MiamiFtLauderdale"
"47","3668037.65","888523.17","2015-02-01 00:00:00","0.99","1798504.77","388259.15","592750.56","464442.27","125798.21","2510.08","conventional","Midsouth"
"1","127373.56","87309.07","2015-12-20 00:00:00","0.99","7415.81","4356.81","28291.87","23562.1","4722.17","7.6","conventional","Nashville"
"43","169423.5","121799.85","2015-03-01 00:00:00","0.99","9712.84","10894.89","27015.92","20732.64","6153.5","129.78","conventional","Nashville"
"16","248354.52","155273.07","2015-09-06 00:00:00","0.99","18010.18","2204.32","72866.95","64673.2","8193.75","0","conventional","NewOrleansMobile"
"29","288859.92","186502.94","2015-06-07 00:00:00","0.99","8769.22","297.49","93290.27","85387.95","7902.32","0","conventional","NewOrleansMobile"
"38","237821.61","166893.13","2015-04-05 00:00:00","0.99","7766.84","250","62911.64","57555.16","5167.59","188.89","conventional","NewOrleansMobile"
"10","4866607.14","93569.28","2015-10-18 00:00:00","0.99","4025382.16","5421.22","742234.48","661214.66","81018.08","1.74","conventional","Northeast"
"0","305773.54","211102.9","2015-12-27 00:00:00","0.99","20765.29","124.04","73781.31","40641.55","33139.76","0","conventional","Orlando"
"14","329684.97","201392.27","2015-09-20 00:00:00","0.99","51930.95","119.94","76241.81","36956.49","39285.32","0","conventional","Orlando"
"16","375737.02","232502.52","2015-09-06 00:00:00","0.99","56930.16","82.75","86221.59","43014.65","43206.94","0","conventional","Orlando"
"20","388550.28","249265.95","2015-08-09 00:00:00","0.99","57952.32","99.51","81232.5","47242.5","33990","0","conventional","Orlando"
"37","375363.86","275283.48","2015-04-12 00:00:00","0.99","28203.4","96.79","71780.19","31886.66","39893.53","0","conventional","Orlando"
"12","89538.02","1068.04","2015-10-04 00:00:00","0.99","69555.83","2321.1","16593.05","13300.88","3292.17","0","conventional","Pittsburgh"
"13","1542657.96","564480.54","2015-09-27 00:00:00","0.99","729792.24","14587.65","233797.53","221484.44","10779.94","1533.15","conventional","Plains"
"36","610658.64","144514.6","2015-04-19 00:00:00","0.99","337188.3","13456.08","115499.66","114658.35","690.46","150.85","conventional","Portland"
"47","344288.82","79507.9","2015-02-01 00:00:00","0.99","115316.24","88450.29","61014.39","41191.91","19822.48","0","conventional","RaleighGreensboro"
"1","158870.28","45598.33","2015-12-20 00:00:00","0.99","73851.02","5425.25","33995.68","33982.55","5.25","7.88","conventional","RichmondNorfolk"
"4","140939.78","46757.26","2015-11-29 00:00:00","0.99","65442.13","5499.99","23240.4","23240.4","0","0","conventional","RichmondNorfolk"
"34","292744.22","89712.71","2015-05-03 00:00:00","0.99","128429.41","21169.69","53432.41","51895.62","1238.18","298.61","conventional","RichmondNorfolk"
"9","110896.48","57250.89","2015-10-25 00:00:00","0.99","33829.89","153.35","19662.35","19231.66","430.69","0","conventional","Roanoke"
"15","147617.68","69411.99","2015-09-13 00:00:00","0.99","49831.29","180.33","28194.07","28181.85","12.22","0","conventional","Roanoke"
"4","347406.9","80757.92","2015-11-29 00:00:00","0.99","216851.97","13205.04","36591.97","36574.73","0","17.24","conventional","Sacramento"
"6","775848.72","165884.02","2015-11-15 00:00:00","0.99","517366.37","27969.25","64629.08","63811.01","780","38.07","conventional","SanFrancisco"
"51","907795.89","179507.69","2015-01-04 00:00:00","0.99","637000.1","8803.79","82484.31","82033.71","444.44","6.16","conventional","SanFrancisco"
"5","216767.98","123208.85","2015-11-22 00:00:00","0.99","42099.26","8114.19","43345.68","34239.23","9106.45","0","conventional","SouthCarolina"
"23","3810950.39","2507726.2","2015-07-19 00:00:00","0.99","515358.68","77561.44","710304.07","471729.89","238574.18","0","conventional","Southeast"
"25","4295280.16","2713600.49","2015-07-05 00:00:00","0.99","592279.23","97111.62","892288.82","621425.86","270807.26","55.7","conventional","Southeast"
"29","4003121.77","2862823.58","2015-06-07 00:00:00","0.99","294519.59","26236.45","819542.15","551432.71","268100.73","8.71","conventional","Southeast"
"2","67431.18","22229.24","2015-12-13 00:00:00","0.99","20738.68","2189.59","22273.67","22269.39","4.28","0","conventional","Spokane"
"12","77514.75","18331.9","2015-10-04 00:00:00","0.99","47471.02","1657.16","10054.67","10054.67","0","0","conventional","Spokane"
"2","166083.52","64673.08","2015-12-13 00:00:00","0.99","24481.09","71.71","76857.64","55878.32","20979.32","0","conventional","StLouis"
"31","460041.38","331416.4","2015-05-24 00:00:00","0.99","30794.75","279.94","97550.29","58346.93","39203.36","0","conventional","Tampa"
"37","425033.14","304622.85","2015-04-12 00:00:00","0.99","30735.77","170.44","89504.08","46251.46","43252.62","0","conventional","Tampa"
"4","22617999.38","8094803.56","2015-11-29 00:00:00","0.99","9003178.41","731008.41","4789009","3901953.04","856560.34","30495.62","conventional","TotalUS"
"10","29375123.6","9162094.14","2015-10-18 00:00:00","0.99","14082539.61","1220251.19","4910238.66","3930198.18","952191.42","27849.06","conventional","TotalUS"
"4","3719603.21","1461861.54","2015-11-29 00:00:00","0.99","1216811","104219.76","936710.91","688674","247318.15","718.76","conventional","West"
"40","5368331.44","2511453.54","2015-03-22 00:00:00","0.99","2163704.41","101626.05","591547.44","515038.9","76495.68","12.86","conventional","West"
"42","5382693.51","2541409.9","2015-03-08 00:00:00","0.99","2120111.56","98092.96","623079.09","524272.88","98774.76","31.45","conventional","West"
"17","78599.85","36837.75","2016-08-28 00:00:00","0.99","1982.25","5918.5","33861.35","32151.54","1693.93","15.88","conventional","Boise"
"37","652546.84","4326.56","2016-04-10 00:00:00","0.99","456029.59","74452.3","117738.39","117521.44","87.78","129.17","conventional","Boston"
"17","6696300.05","2683109.8","2016-08-28 00:00:00","0.99","1878139.55","133979.15","2001071.55","1924479.53","46601.83","29990.19","conventional","California"
"1","216881.3","2279.61","2016-12-18 00:00:00","0.99","100542.31","1472.39","112586.99","23082.87","89485.68","18.44","conventional","CincinnatiDayton"
"10","1021028.79","526672.37","2016-10-16 00:00:00","0.99","188632.73","2336.58","303387.11","296850.76","3145.82","3390.53","conventional","DallasFtWorth"
"39","216788.92","2298.8","2016-03-27 00:00:00","0.99","146037.81","5101.46","63350.85","53892.93","9316.77","141.15","conventional","GrandRapids"
"34","316410.59","52276.59","2016-05-01 00:00:00","0.99","185445.08","362.87","78326.05","76346.78","1979.27","0","conventional","HarrisburgScranton"
"5","827345.76","466960.66","2016-11-20 00:00:00","0.99","202860.35","4070.15","153454.6","58525.46","94915.81","13.33","conventional","Houston"
"38","154098.59","13073.15","2016-04-03 00:00:00","0.99","73683.93","14509.1","52832.41","23047.8","26829.29","2955.32","conventional","Indianapolis"
"39","195373.94","10457.51","2016-03-27 00:00:00","0.99","103261.69","23242.76","58411.98","26546.73","27197.4","4667.85","conventional","Indianapolis"
"43","188077.25","11031.35","2016-02-28 00:00:00","0.99","107091.35","16742.17","53212.38","26221.88","23948.23","3042.27","conventional","Indianapolis"
"30","109060.73","2052.33","2016-05-29 00:00:00","0.99","71648.43","2467.51","32892.46","14675.3","17510.34","706.82","conventional","Louisville"
"27","812334.69","474374.03","2016-06-19 00:00:00","0.99","182509.48","115.34","155335.84","67085.44","74179.84","14070.56","conventional","MiamiFtLauderdale"
"29","786071.68","474319.6","2016-06-05 00:00:00","0.99","149114.65","252.33","162385.1","56515.95","98746.65","7122.5","conventional","MiamiFtLauderdale"
"34","3536333.98","708526.79","2016-05-01 00:00:00","0.99","1861915.25","89464.87","876427.07","742694.07","131751.36","1981.64","conventional","Midsouth"
"45","3173460.24","654357.46","2016-02-14 00:00:00","0.99","1639480.98","144264.21","735357.59","620880.86","113431.73","1045","conventional","Midsouth"
"38","486716.71","3194.71","2016-04-03 00:00:00","0.99","411414.16","26852.26","45255.58","45255.58","0","0","conventional","NorthernNewEngland"
"45","456439.67","4686.98","2016-02-14 00:00:00","0.99","316152.87","41374.9","94224.92","91688.51","2536.41","0","conventional","NorthernNewEngland"
"11","885661.32","382978.65","2016-10-09 00:00:00","0.99","208869.08","10640.59","283173","153973.16","128733.17","466.67","conventional","PhoenixTucson"
"17","621458.42","119829.63","2016-08-28 00:00:00","0.99","173787.92","12315.05","315525.82","315111.31","336.36","78.15","conventional","Portland"
"45","283960.43","71137.02","2016-02-14 00:00:00","0.99","118416.48","18499.75","75907.18","73208.05","2699.13","0","conventional","RaleighGreensboro"
"50","257990.11","42069.78","2016-01-10 00:00:00","0.99","120386.44","29658.58","65875.31","64396.12","1479.19","0","conventional","RaleighGreensboro"
"25","305399.4","89753.36","2016-07-03 00:00:00","0.99","116413.77","14142.27","85090","77055","0","8035","conventional","RichmondNorfolk"
"27","278178.65","67619.73","2016-06-19 00:00:00","0.99","122627.22","15409.3","72522.4","67694","83.4","4745","conventional","RichmondNorfolk"
"36","251803.25","58573.91","2016-04-17 00:00:00","0.99","119481.28","6469.48","67278.58","67277.25","1.33","0","conventional","RichmondNorfolk"
"40","264247.19","65822.05","2016-03-20 00:00:00","0.99","127367.89","5712.57","65344.68","65341.18","3.5","0","conventional","RichmondNorfolk"
"42","255419.61","69078.97","2016-03-06 00:00:00","0.99","117735.27","7265.87","61339.5","61329.85","9.65","0","conventional","RichmondNorfolk"
"25","164583.69","42474.31","2016-07-03 00:00:00","0.99","55215.66","153.08","66740.64","59666.75","1708.89","5365","conventional","Roanoke"
"28","152148.72","41650.39","2016-06-12 00:00:00","0.99","52625.39","144.98","57727.96","54131.29","277.23","3319.44","conventional","Roanoke"
"41","139661.75","37199.87","2016-03-13 00:00:00","0.99","57106.77","147.59","45207.52","44871.77","335.75","0","conventional","Roanoke"
"43","135623.05","52420.43","2016-02-28 00:00:00","0.99","48195.34","149.25","34858.03","33709.28","1148.75","0","conventional","Roanoke"
"47","121477.84","32756.64","2016-01-31 00:00:00","0.99","52095.37","135.09","36490.74","34167.03","2323.71","0","conventional","Roanoke"
"48","143015.44","47641.16","2016-01-24 00:00:00","0.99","55634.09","180.99","39559.2","39026.98","162.22","370","conventional","Roanoke"
"34","1001227.21","355140.93","2016-05-01 00:00:00","0.99","534187.25","39101.1","72797.93","71485.43","898.61","413.89","conventional","SanFrancisco"
"3","3941512.2","1481392.35","2016-12-04 00:00:00","0.99","851643.42","5133.86","1603342.57","644607.27","957516.13","1219.17","conventional","Southeast"
"28","93820.2","31353.21","2016-06-12 00:00:00","0.99","17047.78","3152.34","42266.87","37812.07","4447.33","7.47","conventional","Spokane"
"5","670051.41","407045.54","2016-11-20 00:00:00","0.99","40680.13","11622.63","210703.11","109832.07","100871.04","0","conventional","WestTexNewMexico"
"7","643630.66","389129.36","2016-11-06 00:00:00","0.99","47289.95","17719.27","189492.08","106571.99","82920.09","0","conventional","WestTexNewMexico"
"3","543619.28","274345.62","2017-12-10 00:00:00","0.99","38433.88","1302.16","229537.62","158483.4","67567.68","3486.54","conventional","Atlanta"
"50","557377.82","249159.52","2017-01-15 00:00:00","0.99","86964.23","169.63","221084.44","145333.47","75750.97","0","conventional","Atlanta"
"4","194796","74697","2017-12-03 00:00:00","0.99","45552","2801","71746","56452","15193","101","conventional","Columbus"
"33","210349","91332.73","2017-05-14 00:00:00","0.99","15547.02","1391.69","102077.56","94035.1","7984.55","57.91","conventional","Columbus"
"37","242720.67","97052.67","2017-04-16 00:00:00","0.99","23006.95","1563.23","121097.82","118412.01","2679.63","6.18","conventional","Columbus"
"1","1060456.59","565235.94","2017-12-24 00:00:00","0.99","203334.65","4651.33","287234.67","204606.58","82552.28","75.81","conventional","DallasFtWorth"
"19","1163466.68","624826.63","2017-08-20 00:00:00","0.99","228512.25","818.97","309308.83","154837.44","153344.42","1126.97","conventional","DallasFtWorth"
"23","1197803.17","640831.59","2017-07-23 00:00:00","0.99","275273.34","2162.81","279535.43","181151.87","92258","6125.56","conventional","DallasFtWorth"
"6","353938","112881","2017-11-19 00:00:00","0.99","39979","7326","193752","175882","17533","338","conventional","Detroit"
"25","502774.82","119584.9","2017-07-09 00:00:00","0.99","56064.04","43719.76","283406.12","232206.09","28983.01","22217.02","conventional","Detroit"
"34","625475.58","160714.71","2017-05-07 00:00:00","0.99","82132.76","84740.62","297887.49","259510.89","12354.59","26022.01","conventional","Detroit"
"4","301527","2268","2017-12-03 00:00:00","0.99","182507","65476","51277","14813","26632","9831","conventional","GrandRapids"
"51","4067134.96","725716.77","2017-01-08 00:00:00","0.99","1755106.4","195159.52","1391152.27","1010322.96","367740.51","13088.8","conventional","GreatLakes"
"1","1063384.61","486643.36","2017-12-24 00:00:00","0.99","150511.24","3020.72","423209.29","327462.75","95743.21","3.33","conventional","Houston"
"20","1332232.95","406049.08","2017-08-13 00:00:00","0.99","395755.28","6723.26","523705.33","224811.25","298894.08","0","conventional","Houston"
"21","1192888.53","552895.89","2017-08-06 00:00:00","0.99","251754","3739.05","384499.59","246147.25","138352.34","0","conventional","Houston"
"2","176847.28","98660.32","2017-12-17 00:00:00","0.99","11261.09","288.18","66637.69","27358.59","39015.77","263.33","conventional","Jacksonville"
"25","399827.4","138190.07","2017-07-09 00:00:00","0.99","54694.89","7591.71","199350.73","75039.55","124311.18","0","conventional","LasVegas"
"29","374211.54","158132.02","2017-06-11 00:00:00","0.99","51454.31","6562.63","158062.58","60840.35","97009.73","212.5","conventional","LasVegas"
"42","315445.03","114790.55","2017-03-12 00:00:00","0.99","38280.91","8807.29","153566.28","72719.62","80846.66","0","conventional","LasVegas"
"28","3631321.55","1581223.4","2017-06-18 00:00:00","0.99","480083.42","93204.86","1476809.87","1424124.05","963.71","51722.11","conventional","LosAngeles"
"29","3390850.94","1280363.31","2017-06-11 00:00:00","0.99","415143.16","96489.25","1598855.22","1550403.66","468.39","47983.17","conventional","LosAngeles"
"35","3299258.02","1329981.71","2017-04-30 00:00:00","0.99","518018.74","105295.61","1345961.96","1286252.05","686.15","59023.76","conventional","LosAngeles"
"43","2768930.88","897311.08","2017-03-05 00:00:00","0.99","518369.51","83307.14","1269943.15","1214991.2","6376.28","48575.67","conventional","LosAngeles"
"43","101061.01","1914.78","2017-03-05 00:00:00","0.99","49340.2","183.87","49622.16","12670.72","36951.44","0","conventional","Louisville"
"25","267296.7","101167.78","2017-07-09 00:00:00","0.99","35679.18","109.54","130340.2","105530.95","22029.25","2780","conventional","Nashville"
"32","259151.84","139176.17","2017-05-21 00:00:00","0.99","7391.96","36.98","112546.73","86638.12","23799.21","2109.4","conventional","Nashville"
"35","286322.22","147000.26","2017-04-30 00:00:00","0.99","11874.45","78.43","127369.08","105192.33","20198.8","1977.95","conventional","Nashville"
"26","767074.64","138050.07","2017-07-02 00:00:00","0.99","193657.22","15389.61","419977.74","417909.15","1832.24","236.35","conventional","Portland"
"4","166540","56316","2017-12-03 00:00:00","0.99","47267","149","62801","57210","5518","73","conventional","Roanoke"
"33","164928.9","49148.94","2017-05-14 00:00:00","0.99","24238.43","98.26","91443.27","83409.79","7994.41","39.07","conventional","Roanoke"
"0","460716.58","210307.64","2017-12-31 00:00:00","0.99","80809.78","3034.55","166564.61","124648","41191.56","725.05","conventional","SouthCarolina"
"46","395220.24","190775.53","2017-02-12 00:00:00","0.99","83866.61","2382.35","118195.75","92656.18","25474.57","65","conventional","SouthCarolina"
"8","5798077.88","2770715.69","2017-11-05 00:00:00","0.99","1154114.11","24089.18","1849158.9","1127480.34","716953.08","4725.48","conventional","SouthCentral"
"46","153045.63","60850.47","2017-02-12 00:00:00","0.99","12420.08","163.12","79611.96","79283.25","98.15","230.56","conventional","StLouis"
"44","37007797.69","13173668.36","2017-02-26 00:00:00","0.99","11398142.68","896761.77","11539224.88","8945888.88","2405733.76","187602.24","conventional","TotalUS"
"45","33905854.58","11321732.4","2017-02-19 00:00:00","0.99","10351148.2","832906.12","11400067.86","8676989.56","2576166.71","146911.59","conventional","TotalUS"
"51","38049802.62","11809727.7","2017-01-08 00:00:00","0.99","13856934.7","539068.39","11844071.83","9332971.74","2432259.13","78840.96","conventional","TotalUS"
"1","396324.57","73274.02","2018-03-18 00:00:00","0.99","93954.85","5330.38","223765.32","218181.7","5583.62","0","conventional","Charlotte"
"7","411160.94","86708.74","2018-02-04 00:00:00","0.99","99117.46","6476.93","218857.81","208289.93","10567.88","0","conventional","Charlotte"
"9","214353.02","75486.73","2018-01-21 00:00:00","0.99","52395.54","4298.3","82172.45","63261.5","18897.31","13.64","conventional","Columbus"
"4","1018614.31","166753.37","2018-02-25 00:00:00","0.99","254657.74","14153.31","583049.89","137052.52","445944.87","52.5","conventional","Denver"
"6","234557.28","134245.82","2018-02-11 00:00:00","0.99","14759.96","521.63","85029.87","34342.57","50597.3","90","conventional","Jacksonville"
"7","759532.37","511953.91","2018-02-04 00:00:00","0.99","60712.96","1345","185520.5","88148.1","97195.73","176.67","conventional","Orlando"
"8","2533937.56","1387712.4","2018-01-28 00:00:00","0.99","515698.93","6371.3","624154.93","474701.92","149437.52","15.49","conventional","Plains"
"0","218058","62126.61","2018-03-25 00:00:00","0.99","39027.74","219.42","116684.23","97377.29","18342.66","964.28","conventional","Roanoke"
"4","589559.59","199926","2018-02-25 00:00:00","0.99","308881.68","1158.23","79593.68","72189.31","1982.31","5422.06","conventional","Sacramento"
"1","7254940.65","2099082.66","2018-03-18 00:00:00","0.99","1707752.84","115997.93","3332107.22","1333247.05","1982086.02","16774.15","conventional","West"
"23","3286.32","84.2","2015-07-19 00:00:00","0.99","1023.83","0","2178.29","333.33","1844.96","0","organic","Indianapolis"
"27","13064.09","632.15","2016-06-19 00:00:00","0.99","5496.38","36.98","6898.58","750.6","6147.98","0","organic","Columbus"
"35","11874.13","1135.01","2016-04-24 00:00:00","0.99","4546.77","19.1","6173.25","1169.53","5003.72","0","organic","Columbus"
"22","35564.65","10629.22","2016-07-24 00:00:00","0.99","455.42","0","24480.01","19642.12","4837.89","0","organic","DallasFtWorth"
"25","32844.7","12757.01","2016-07-03 00:00:00","0.99","1067.37","0","19020.32","18951.12","69.2","0","organic","DallasFtWorth"
"32","24086.48","11220.31","2016-05-15 00:00:00","0.99","3023.72","23.73","9818.72","6425.59","3393.13","0","organic","Denver"
"5","36090.09","11095.9","2016-11-20 00:00:00","0.99","37.11","0","24957.08","24950.41","6.67","0","organic","Houston"
"28","4574.17","0","2016-06-12 00:00:00","0.99","105.39","0","4468.78","4468.78","0","0","organic","NorthernNewEngland"
"1","35326.04","4212.58","2016-12-18 00:00:00","0.99","3819.72","1.65","27292.09","1071.64","26220.45","0","organic","Portland"
"39","9949.85","154.48","2016-03-27 00:00:00","0.99","3073.28","0","6722.09","1330.24","5391.85","0","organic","Roanoke"
"37","405751.04","30288.09","2016-04-10 00:00:00","0.99","99517.71","131.37","275813.87","81246.82","194567.05","0","organic","West"
"40","380211.61","27234.11","2016-03-20 00:00:00","0.99","92382.38","128.95","260466.17","36003.44","224462.73","0","organic","West"
"48","35700.1","3147.45","2017-01-29 00:00:00","0.99","4138.38","1.63","28412.64","849.74","27562.9","0","organic","Portland"
"52","31827.5","4842.14","2017-01-01 00:00:00","0.99","3008.78","0","23976.58","173.02","23803.56","0","organic","Portland"
"43","68078.93","959.06","2017-03-05 00:00:00","0.99","14930.47","15.44","52173.96","601.07","51572.89","0","organic","Seattle"
"43","17212.92","796.72","2017-03-05 00:00:00","0.99","3353.02","211.52","12851.66","4300.38","8551.28","0","organic","SouthCarolina"
"43","155011.12","35367.23","2017-03-05 00:00:00","0.99","5175.81","5.91","114462.17","95379.07","19083.1","0","organic","SouthCentral"
"44","171145","34520.03","2017-02-26 00:00:00","0.99","6936.39","0","129688.58","117252.31","12436.27","0","organic","SouthCentral"
"43","367519.17","61166.48","2017-03-05 00:00:00","0.99","55123.99","126.8","251101.9","112844.19","138257.71","0","organic","West"
"7","109428.33","703.75","2015-11-08 00:00:00","0.98","101815.36","80","6829.22","6266.85","562.37","0","conventional","Albany"
"39","74543.98","59532.94","2015-03-29 00:00:00","0.98","7119.52","3101.98","4789.54","4789.54","0","0","conventional","Boise"
"7","5148983.51","2317858.81","2015-11-08 00:00:00","0.98","1758964.54","216523.58","855636.58","813006.4","36305.96","6324.22","conventional","California"
"29","6374842.9","3614314.44","2015-06-07 00:00:00","0.98","1860329.3","221330.48","678868.68","651944.51","23422.39","3501.78","conventional","California"
"30","6236903.31","3620440.35","2015-05-31 00:00:00","0.98","1826496.62","209443.33","580523.01","554224.64","23083.08","3215.29","conventional","California"
"1","139917.89","29500.04","2015-12-20 00:00:00","0.98","55520.58","19842.51","35054.76","33273.25","1781.51","0","conventional","Charlotte"
"47","254009.7","52915.5","2015-02-01 00:00:00","0.98","71209.89","80813.88","49070.43","33450.14","15620.29","0","conventional","Charlotte"
"10","186044.56","2297.3","2015-10-18 00:00:00","0.98","131737.84","8931.62","43077.8","17414.57","24553.19","1110.04","conventional","CincinnatiDayton"
"40","212719.94","2968.26","2015-03-22 00:00:00","0.98","137560.99","23368.18","48822.51","11317.29","31773.08","5732.14","conventional","CincinnatiDayton"
"10","137773.84","62590.79","2015-10-18 00:00:00","0.98","33116.75","18606.59","23459.71","18601.8","4384.37","473.54","conventional","Columbus"
"25","173370.68","79063.5","2015-07-05 00:00:00","0.98","39343.65","24674.62","30288.91","24909.93","4244.24","1134.74","conventional","Columbus"
"0","625475.1","93034.2","2015-12-27 00:00:00","0.98","246747.13","19103.69","266590.08","38620.02","227884.21","85.85","conventional","Denver"
"14","760083.16","85382.01","2015-09-20 00:00:00","0.98","461272.5","25529.99","187898.66","40644.98","147253.68","0","conventional","Denver"
"3","339797.19","92957.56","2015-12-06 00:00:00","0.98","78805.63","113791.21","54242.79","30612.06","885.86","22744.87","conventional","Detroit"
"7","3184946.53","410061","2015-11-08 00:00:00","0.98","1794703.2","425242.73","554939.6","365002.12","138161.32","51776.16","conventional","GreatLakes"
"12","139679.01","3645.9","2015-10-04 00:00:00","0.98","87385.31","13528.83","35118.97","18727.08","14546.97","1844.92","conventional","Indianapolis"
"46","158792.02","7650.86","2015-02-08 00:00:00","0.98","109166.71","8455.43","33519.02","18968.55","12562.27","1988.2","conventional","Indianapolis"
"5","115300.79","77130.61","2015-11-22 00:00:00","0.98","8054.18","301.94","29814.06","10738.71","19075.35","0","conventional","Jacksonville"
"16","179837.71","109912.85","2015-09-06 00:00:00","0.98","23440.35","1561.01","44923.5","20609.55","24313.95","0","conventional","Jacksonville"
"29","190396.8","132109.76","2015-06-07 00:00:00","0.98","13656.8","710.02","43920.22","24338.56","19581.66","0","conventional","Jacksonville"
"5","215985.17","87241.86","2015-11-22 00:00:00","0.98","91574.86","3926.84","33241.61","31653.96","1587.65","0","conventional","LasVegas"
"9","245167.14","79873.47","2015-10-25 00:00:00","0.98","115618.11","14217.03","35458.53","33684.23","1774.3","0","conventional","LasVegas"
"31","293059.1","152869.01","2015-05-24 00:00:00","0.98","83857.08","4566.03","51766.98","40849.99","10916.99","0","conventional","LasVegas"
"33","325085.14","148053.33","2015-05-10 00:00:00","0.98","117101.65","4266.19","55663.97","36501.34","19162.63","0","conventional","LasVegas"
"12","2278629.09","798046.49","2015-10-04 00:00:00","0.98","1120569.37","86683.25","273329.98","251924.68","17899.44","3505.86","conventional","LosAngeles"
"15","2549512.5","1076046.71","2015-09-13 00:00:00","0.98","1079298.4","97210.13","296957.26","226956.87","64067.31","5933.08","conventional","LosAngeles"
"32","2557700.83","1817736.96","2015-05-17 00:00:00","0.98","390302.38","54789.31","294872.18","280916.4","11067.18","2888.6","conventional","LosAngeles"
"15","85919.67","1730.17","2015-09-13 00:00:00","0.98","56765.08","5424.16","22000.26","9468.95","11295.37","1235.94","conventional","Louisville"
"16","98154.04","2188.71","2015-09-06 00:00:00","0.98","65116.35","3287.09","27561.89","10648.23","16180.34","733.32","conventional","Louisville"
"4","470218.14","349408.27","2015-11-29 00:00:00","0.98","42435.51","70.13","78304.23","27392.48","50911.75","0","conventional","MiamiFtLauderdale"
"5","499396.26","359876.76","2015-11-22 00:00:00","0.98","47195.19","72.44","92251.87","32763.43","59482.61","5.83","conventional","MiamiFtLauderdale"
"8","566030.64","415970.77","2015-11-01 00:00:00","0.98","54992.76","32.81","95034.3","37980.05","57051.32","2.93","conventional","MiamiFtLauderdale"
"14","559818.31","381034.21","2015-09-20 00:00:00","0.98","76606.11","58.29","102119.7","47692.12","54427.58","0","conventional","MiamiFtLauderdale"
"16","637326.79","442545.72","2015-09-06 00:00:00","0.98","80524.31","13.63","114243.13","49819.37","64423.76","0","conventional","MiamiFtLauderdale"
"25","718152.22","483878.34","2015-07-05 00:00:00","0.98","101119.61","193.76","132960.51","72566.19","60394.32","0","conventional","MiamiFtLauderdale"
"34","917424.76","690389.21","2015-05-03 00:00:00","0.98","81078.28","35.99","145921.28","68322.23","77201.83","397.22","conventional","MiamiFtLauderdale"
"20","176410.4","105537.27","2015-08-09 00:00:00","0.98","20560.4","10196.35","40116.38","30602.26","8883.04","631.08","conventional","Nashville"
"23","186258.97","113404.36","2015-07-19 00:00:00","0.98","19371.52","9567.97","43915.12","34877.55","8680.3","357.27","conventional","Nashville"
"31","194990.71","140921.85","2015-05-24 00:00:00","0.98","9348.72","14228.41","30491.73","22090.48","7942.08","459.17","conventional","Nashville"
"34","222813","159791.64","2015-05-03 00:00:00","0.98","13149.16","16218.93","33653.27","23216.64","10436.63","0","conventional","Nashville"
"6","195780.23","113570.58","2015-11-15 00:00:00","0.98","21747.26","335","60127.39","56099","4028.39","0","conventional","NewOrleansMobile"
"23","258559.32","167068.14","2015-07-19 00:00:00","0.98","8930.71","11720.44","70840.03","62702.44","8131.55","6.04","conventional","NewOrleansMobile"
"13","458602.59","2768.16","2015-09-27 00:00:00","0.98","427544.89","265.22","28024.32","27515.43","508.89","0","conventional","NorthernNewEngland"
"5","266950.55","184441.61","2015-11-22 00:00:00","0.98","21585.56","120.55","60802.83","27114.53","33688.3","0","conventional","Orlando"
"23","363733.15","226313.4","2015-07-19 00:00:00","0.98","57749.18","61.06","79609.51","42477.4","37132.11","0","conventional","Orlando"
"29","391556.97","271323.04","2015-06-07 00:00:00","0.98","33611.14","561.66","86061.13","48219.72","37841.41","0","conventional","Orlando"
"34","501573.86","369352.45","2015-05-03 00:00:00","0.98","36610.76","165.6","95445.05","40398.41","54823.03","223.61","conventional","Orlando"
"40","363504.44","260635","2015-03-22 00:00:00","0.98","29682.52","141.02","73045.9","37453.09","35592.81","0","conventional","Orlando"
"34","208821.04","5264.18","2015-05-03 00:00:00","0.98","145405.43","5183.12","52968.31","24324.24","28644.07","0","conventional","Pittsburgh"
"46","1794543.77","1077511.79","2015-02-08 00:00:00","0.98","490403.56","12488.08","214140.34","212347.25","690.66","1102.43","conventional","Plains"
"1","416298.84","82416.56","2015-12-20 00:00:00","0.98","134956.77","13276.06","185649.45","185479.46","29.77","140.22","conventional","Portland"
"47","776237.93","165259.75","2015-02-01 00:00:00","0.98","535324.57","15903.81","59749.8","48200.04","11547.81","1.95","conventional","Portland"
"1","189584.22","43169.56","2015-12-20 00:00:00","0.98","78630.35","20913.36","46870.95","46617.48","253.47","0","conventional","RaleighGreensboro"
"2","207627.79","51042.68","2015-12-13 00:00:00","0.98","86614.43","24041.02","45929.66","45573.83","355.83","0","conventional","RaleighGreensboro"
"4","185733.81","49084.79","2015-11-29 00:00:00","0.98","72843.91","21863.66","41941.45","41606.59","334.86","0","conventional","RaleighGreensboro"
"0","161577.6","46837.66","2015-12-27 00:00:00","0.98","67974.89","5986.26","40778.79","40770.1","3.44","5.25","conventional","RichmondNorfolk"
"2","174380.77","57804.67","2015-12-13 00:00:00","0.98","75113.57","7096.7","34365.83","34365.83","0","0","conventional","RichmondNorfolk"
"3","176731.22","65474.44","2015-12-06 00:00:00","0.98","77494.48","7028.58","26733.72","26727.63","6.09","0","conventional","RichmondNorfolk"
"16","252853.41","72054.13","2015-09-06 00:00:00","0.98","112958.68","19484.71","48355.89","48304.3","48.89","2.7","conventional","RichmondNorfolk"
"28","289290.98","102242.31","2015-06-14 00:00:00","0.98","113772.11","10989.87","62286.69","62286.69","0","0","conventional","RichmondNorfolk"
"10","117516.57","48540.88","2015-10-18 00:00:00","0.98","47290.21","115.01","21570.47","21570.47","0","0","conventional","Roanoke"
"0","403741.62","98482.89","2015-12-27 00:00:00","0.98","249362.94","13805.3","42090.49","42084.71","5.78","0","conventional","Sacramento"
"46","432572.45","144586.53","2015-02-08 00:00:00","0.98","237751.75","9798.79","40435.38","40435.38","0","0","conventional","Sacramento"
"5","385300.75","163396.83","2015-11-22 00:00:00","0.98","129579.32","18973.9","73350.7","59945.93","13404.77","0","conventional","SanDiego"
"46","448394.83","229118.81","2015-02-08 00:00:00","0.98","162856.34","14251.47","42168.21","36417.77","5526.46","223.98","conventional","SanDiego"
"0","251443.08","137133.17","2015-12-27 00:00:00","0.98","48908.4","8151.76","57249.75","48181.83","9060.09","7.83","conventional","SouthCarolina"
"0","3024956.05","2045752.24","2015-12-27 00:00:00","0.98","275823.43","13994.48","689385.9","425319.18","264039.61","27.11","conventional","Southeast"
"5","2667551.84","1799501.02","2015-11-22 00:00:00","0.98","285065.9","13736.85","569248.07","319821.73","249396.08","30.26","conventional","Southeast"
"8","3227049.19","2058754.3","2015-11-01 00:00:00","0.98","472310.67","31277.37","664706.85","353188.52","311503.15","15.18","conventional","Southeast"
"12","3259659.28","1909901.24","2015-10-04 00:00:00","0.98","591640.18","25995.26","732122.6","340717.96","391377.16","27.48","conventional","Southeast"
"40","3867453.83","2823708.05","2015-03-22 00:00:00","0.98","299770.04","21570.5","722405.24","447949.27","274435.21","20.76","conventional","Southeast"
"51","3204112.16","2296069.27","2015-01-04 00:00:00","0.98","320373.63","18938.42","568730.84","287820.14","280910.7","0","conventional","Southeast"
"34","108051.54","44094.43","2015-05-03 00:00:00","0.98","48511.36","3133.35","12312.4","12127.23","185.17","0","conventional","Spokane"
"1","25083647.17","8710021.76","2015-12-20 00:00:00","0.98","9329861.85","1201020.01","5842743.55","4618389.66","1025048.77","199305.12","conventional","TotalUS"
"28","37026085.75","16383685.07","2015-06-14 00:00:00","0.98","12821015.03","1085081.61","6736304.04","5893641.72","822399.78","20262.54","conventional","TotalUS"
"19","5718139.41","2640927.73","2015-08-16 00:00:00","0.98","2027603.38","123334.73","926273.57","685992.88","240262.17","18.52","conventional","West"
"25","6749081.2","3328637.8","2015-07-05 00:00:00","0.98","2304907.45","155862.52","959673.43","767183.44","192422.82","67.17","conventional","West"
"32","5338992.15","2786200.82","2015-05-17 00:00:00","0.98","1654563.98","108561","789666.35","608751.49","180702.04","212.82","conventional","West"
"37","5609471.36","2561865.42","2015-04-12 00:00:00","0.98","2267855.21","103110.58","676640.15","469624.9","206981.28","33.97","conventional","West"
"45","5026688.71","2483265.25","2015-02-15 00:00:00","0.98","1840716.14","91125.41","611581.91","542973.12","68521.88","86.91","conventional","West"
"21","537633.39","232640.52","2016-07-31 00:00:00","0.98","76301.71","64.96","228626.2","161931.73","66694.47","0","conventional","Atlanta"
"39","458635.34","286918.4","2016-03-27 00:00:00","0.98","59289.93","1320.02","111106.99","78824.96","32268.42","13.61","conventional","Atlanta"
"40","496190.99","323216.82","2016-03-20 00:00:00","0.98","61127.51","1727.11","110119.55","75568.52","34551.03","0","conventional","Atlanta"
"45","751656.56","7591.61","2016-02-14 00:00:00","0.98","560259.15","58165.42","125640.38","123660.33","1980.05","0","conventional","Boston"
"3","5062952.53","1916640.11","2016-12-04 00:00:00","0.98","1449671.84","86152.75","1610487.83","1553052.29","27829.79","29605.75","conventional","California"
"30","6700986.44","2522305.33","2016-05-29 00:00:00","0.98","2097509.45","341992.36","1739179.3","1546212.08","160781.09","32186.13","conventional","California"
"49","206778.29","29997.79","2016-01-17 00:00:00","0.98","104174.89","29112.58","43493.03","37725.6","5767.43","0","conventional","Charlotte"
"5","242174.1","2013.39","2016-11-20 00:00:00","0.98","85407.77","853.46","153899.48","23679.23","130220.25","0","conventional","CincinnatiDayton"
"2","144354.95","79158.83","2016-12-11 00:00:00","0.98","19836.1","1302.46","44057.56","41890.61","2155.38","11.57","conventional","Columbus"
"15","791566.05","112292.42","2016-09-11 00:00:00","0.98","227729.26","14432.98","437111.39","93898.07","342085.54","1127.78","conventional","Denver"
"26","773677.84","165858.8","2016-06-26 00:00:00","0.98","229712.84","17278.44","360827.76","146703.58","213090.85","1033.33","conventional","Denver"
"42","671667.78","145893.9","2016-03-06 00:00:00","0.98","242906.02","18706.34","264161.52","47418.17","216743.35","0","conventional","Denver"
"28","414532.49","162656.29","2016-06-12 00:00:00","0.98","38374.42","38384.9","175116.88","160647.51","1915.84","12553.53","conventional","Detroit"
"36","4154218.26","441314.08","2016-04-17 00:00:00","0.98","2322236.11","508030.41","882637.66","603191.07","210717.86","68728.73","conventional","GreatLakes"
"42","3818114.32","372605.84","2016-03-06 00:00:00","0.98","2069786.74","534051.03","841670.71","522649.1","250138.15","68883.46","conventional","GreatLakes"
"10","992992.79","492462.88","2016-10-16 00:00:00","0.98","223737.35","3348.82","273443.74","132407.09","141036.65","0","conventional","Houston"
"11","1075303.77","483285.47","2016-10-09 00:00:00","0.98","344448.92","9670.82","237898.56","121027.64","116836.2","34.72","conventional","Houston"
"12","1023030.28","446276.97","2016-10-02 00:00:00","0.98","260176.71","3196.13","313380.47","129091.49","184288.98","0","conventional","Houston"
"21","941066.42","547468.5","2016-07-31 00:00:00","0.98","203888.47","4165.35","185544.1","117560.96","64239.81","3743.33","conventional","Houston"
"47","175610.18","8329.28","2016-01-31 00:00:00","0.98","102864.26","22380.58","42036.06","20098.49","17062.82","4874.75","conventional","Indianapolis"
"3","728191.35","267955.8","2016-12-04 00:00:00","0.98","173005.48","50.7","287179.37","89646.48","197097.05","435.84","conventional","MiamiFtLauderdale"
"26","195471.62","100031.56","2016-06-26 00:00:00","0.98","25602.81","243.82","69593.43","60658.88","8683.16","251.39","conventional","Nashville"
"51","185316.35","131286.47","2016-01-03 00:00:00","0.98","11153.76","7695.24","35180.88","26143.71","9037.17","0","conventional","Nashville"
"19","623628.8","134421.78","2016-08-14 00:00:00","0.98","139971.18","15590.99","333644.85","331448","1897.7","299.15","conventional","Portland"
"24","669673.68","158448.06","2016-07-10 00:00:00","0.98","152086.54","15965.08","343174","342068.5","1006.66","98.84","conventional","Portland"
"25","728681.01","162120.67","2016-07-03 00:00:00","0.98","189257.93","20839.47","356462.94","355095.8","1172.96","194.18","conventional","Portland"
"29","268775.52","67444.03","2016-06-05 00:00:00","0.98","117809.78","13829.45","69692.26","66487.06","784.37","2420.83","conventional","RichmondNorfolk"
"35","273208.48","73890.53","2016-04-24 00:00:00","0.98","118253.05","6402.36","74662.54","74660","2.54","0","conventional","RichmondNorfolk"
"44","214625.59","57431.41","2016-02-21 00:00:00","0.98","101387.49","5839.55","49967.14","46939.94","3027.2","0","conventional","RichmondNorfolk"
"47","222414.16","52910.51","2016-01-31 00:00:00","0.98","115933.08","7356.2","46214.37","43577.03","2637.34","0","conventional","RichmondNorfolk"
"42","142026.9","49400.9","2016-03-06 00:00:00","0.98","51284.91","111.04","41230.05","39867.65","1362.4","0","conventional","Roanoke"
"44","115875.65","32921.58","2016-02-21 00:00:00","0.98","45911.67","102.37","36940.03","33666.7","3273.33","0","conventional","Roanoke"
"49","157618.05","64687.72","2016-01-17 00:00:00","0.98","51993.7","98.71","40837.92","40764.59","0","73.33","conventional","Roanoke"
"24","604082.24","186258.97","2016-07-10 00:00:00","0.98","204704.57","20782.97","192335.73","171944.56","19129.5","1261.67","conventional","SanDiego"
"27","573831.3","182110.33","2016-06-19 00:00:00","0.98","160231.9","28933.99","202555.08","183995.42","17443.27","1116.39","conventional","SanDiego"
"45","593651.59","105339.16","2016-02-14 00:00:00","0.98","152777.85","8215.67","327318.91","326841","284.73","193.18","conventional","Seattle"
"47","666670.45","75852.78","2016-01-31 00:00:00","0.98","190462.67","8910.2","391444.8","390708.62","174.35","561.83","conventional","Seattle"
"50","322434.61","171275.87","2016-01-10 00:00:00","0.98","76296.7","9959.86","64902.18","42725.71","22176.47","0","conventional","SouthCarolina"
"13","5344837.49","2674487.17","2016-09-25 00:00:00","0.98","1129009.2","15830.87","1525510.25","1094936.72","409425.49","21148.04","conventional","SouthCentral"
"21","5130900.02","2925166.29","2016-07-31 00:00:00","0.98","1026989.3","25254.69","1153489.74","969970.7","169617.21","13901.83","conventional","SouthCentral"
"45","3234338.23","1737634.8","2016-02-14 00:00:00","0.98","613313.92","12099.24","871290.27","499341.01","371949.26","0","conventional","Southeast"
"15","83096.19","25160.86","2016-09-11 00:00:00","0.98","14719.48","1572.45","41643.4","41633.69","0","9.71","conventional","Spokane"
"23","92386.91","25707.69","2016-07-17 00:00:00","0.98","15296.71","159.32","51223.19","51218.42","0","4.77","conventional","Spokane"
"49","100754.26","20833.16","2016-01-17 00:00:00","0.98","23919.53","3527.08","52474.49","52341.94","132.55","0","conventional","Spokane"
"43","173282.78","52180.79","2016-02-28 00:00:00","0.98","12434.36","64.26","108603.37","81857.33","26526.01","220.03","conventional","StLouis"
"45","165070.79","55935.83","2016-02-14 00:00:00","0.98","21668.85","16.24","87449.87","69046.57","18403.3","0","conventional","StLouis"
"27","497270.56","234054.37","2016-06-19 00:00:00","0.98","127730.8","111.83","135373.56","68955.92","55517.64","10900","conventional","Tampa"
"47","391266.84","155283.41","2016-01-31 00:00:00","0.98","95492.75","91.61","140399.07","66287.34","74111.73","0","conventional","Tampa"
"2","30093540.7","9009996.11","2016-12-11 00:00:00","0.98","9967220.02","403047.93","10713276.64","8149438.75","2490495.07","73342.82","conventional","TotalUS"
"51","601546.19","279265.77","2017-01-08 00:00:00","0.98","77758.24","319.36","244202.82","172510.89","71691.93","0","conventional","Atlanta"
"25","125786.14","47772.28","2017-07-09 00:00:00","0.98","3135.19","7817.34","67061.33","66747.7","308.71","4.92","conventional","Boise"
"42","112776.1","33062.31","2017-03-12 00:00:00","0.98","9415.52","9975.45","60322.82","58419.56","1777.12","126.14","conventional","Boise"
"46","97785.46","41600.65","2017-02-12 00:00:00","0.98","4101.11","9261.32","42822.38","41656.91","1141.72","23.75","conventional","Boise"
"2","6205211.05","1901831.08","2017-12-17 00:00:00","0.98","2877209.2","115250.14","1310920.63","1229946.93","21220.86","59752.84","conventional","California"
"29","181254.11","82013.93","2017-06-11 00:00:00","0.98","22618.84","1338.07","75283.27","71041.43","3179.14","1062.7","conventional","Columbus"
"21","1253537.5","663949.1","2017-08-06 00:00:00","0.98","307186.94","2723.49","279677.97","187977.48","90232.72","1467.77","conventional","DallasFtWorth"
"24","1219892.61","572059.17","2017-07-16 00:00:00","0.98","327858.8","2757.68","317216.96","174975.56","140535.13","1706.27","conventional","DallasFtWorth"
"50","397115.64","124452.62","2017-01-15 00:00:00","0.98","72303.07","7243.19","193116.76","181789.4","11325.64","1.72","conventional","Detroit"
"2","928716.6","429276.67","2017-12-17 00:00:00","0.98","184347.17","2606.12","312486.64","218017.64","94469","0","conventional","Houston"
"29","224873.96","11584.14","2017-06-11 00:00:00","0.98","72043.56","1097.13","140149.13","46235.82","93478.49","434.82","conventional","Indianapolis"
"33","399525.37","125448.07","2017-05-14 00:00:00","0.98","75420.31","7459.78","191197.21","47410.64","143342.13","444.44","conventional","LasVegas"
"39","3100355.01","975079.42","2017-04-02 00:00:00","0.98","428361.34","95594.45","1601319.8","1542667.95","11742.19","46909.66","conventional","LosAngeles"
"52","787406.1","309692.08","2017-01-01 00:00:00","0.98","199635.67","540.23","277538.12","84253.42","193284.7","0","conventional","MiamiFtLauderdale"
"44","307637.26","190219.99","2017-02-26 00:00:00","0.98","30519.39","140.16","86757.72","69741.69","8046.03","8970","conventional","NewOrleansMobile"
"9","866137.35","368642.75","2017-10-29 00:00:00","0.98","273118.45","7336.87","217039.28","145789.42","69622.08","1627.78","conventional","PhoenixTucson"
"37","743878.59","151790.12","2017-04-16 00:00:00","0.98","168188.1","18907.42","404992.95","403966.15","732.22","294.58","conventional","Portland"
"47","808808.87","321474.22","2017-02-05 00:00:00","0.98","418158.93","11962.44","57213.28","56599.1","43.35","570.83","conventional","Sacramento"
"49","532733.04","166864.88","2017-01-22 00:00:00","0.98","321763.18","2248.57","41856.41","41368.62","487.79","0","conventional","Sacramento"
"52","526765.64","144876.31","2017-01-01 00:00:00","0.98","339664.16","660.97","41564.2","37920.98","2018.22","1625","conventional","Sacramento"
"0","619699.65","199514.36","2017-12-31 00:00:00","0.98","268431.96","15509.5","136243.83","129566.1","4704.4","1973.33","conventional","SanDiego"
"0","38267341.61","13109617.49","2017-12-31 00:00:00","0.98","13197460.59","644837.54","11315425.99","8092355.2","3098373.91","124696.88","conventional","TotalUS"
"50","38295488.31","12936858.36","2017-01-15 00:00:00","0.98","12625665.39","579346.52","12153618.04","9445622.04","2638918.48","69077.52","conventional","TotalUS"
"4","6288493","2261955","2017-12-03 00:00:00","0.98","1603331","86252","2336955","1350302","977019","9633","conventional","West"
"35","6998582.19","2322426.47","2017-04-30 00:00:00","0.98","1296721.88","136596.23","3242837.61","2198776.68","1040924.08","3136.85","conventional","West"
"11","713915.8","364463.12","2018-01-07 00:00:00","0.98","47869.41","1459.65","300123.62","217644.43","78287.66","4191.53","conventional","Atlanta"
"6","6718358.1","2787033.93","2018-02-11 00:00:00","0.98","1781591.88","119593.17","2030139.12","1930311.89","31301.69","68525.54","conventional","California"
"7","1310671.51","897435.51","2018-02-04 00:00:00","0.98","118495.93","2277.74","292462.33","111637.21","180761.79","63.33","conventional","MiamiFtLauderdale"
"4","373167.22","221362.46","2018-02-25 00:00:00","0.98","38254.71","2432","111118.05","97659.22","13202.16","256.67","conventional","NewOrleansMobile"
"1","198246.71","73389.94","2018-03-18 00:00:00","0.98","22422.63","2599.53","99834.61","36169","63248.94","416.67","conventional","Pittsburgh"
"4","184226.61","67240.38","2018-02-25 00:00:00","0.98","21907.5","2122.3","92956.43","33977.62","58972.14","6.67","conventional","Pittsburgh"
"7","202604.34","78189.91","2018-02-04 00:00:00","0.98","30466.23","2684.22","91263.98","38743.07","52514.24","6.67","conventional","Pittsburgh"
"1","365038.23","82914.3","2018-03-18 00:00:00","0.98","97133","1515.48","183475.45","169506.35","12586.56","1382.54","conventional","RichmondNorfolk"
"7","141362.77","36203.06","2018-02-04 00:00:00","0.98","49563.73","560.55","55035.43","21807.59","33030.13","197.71","conventional","Spokane"
"7","853642.9","564685.19","2018-02-04 00:00:00","0.98","79267.58","1096.9","208593.23","91618.58","116804.65","170","conventional","Tampa"
"5","6783106.02","2511897.38","2018-02-18 00:00:00","0.98","1645249.93","107420.55","2518538.16","1311830.11","1187897.07","18810.98","conventional","West"
"49","4739.17","256.53","2015-01-18 00:00:00","0.98","2.64","0","4480","4480","0","0","organic","NewOrleansMobile"
"8","62592.4","1163.61","2015-11-01 00:00:00","0.98","21981.81","46.41","39400.57","7849.49","31551.08","0","organic","Portland"
"30","18116.76","118.86","2015-05-31 00:00:00","0.98","12165.3","0","5832.6","1314.97","4517.63","0","organic","Roanoke"
"24","24427.23","481.08","2016-07-10 00:00:00","0.98","11267.87","0","12678.28","862.31","11815.97","0","organic","CincinnatiDayton"
"2","34903.11","14092.31","2016-12-11 00:00:00","0.98","1601.73","16.07","19193","379.52","18813.48","0","organic","Denver"
"40","36797.51","4709.48","2016-03-20 00:00:00","0.98","3674.36","26.61","28387.06","1224.69","27162.37","0","organic","Denver"
"24","24521.13","768.36","2016-07-10 00:00:00","0.98","8606.24","0","15146.53","890.15","14256.38","0","organic","Detroit"
"4","38114.66","11547.29","2016-11-27 00:00:00","0.98","19.54","0","26547.83","26544.5","3.33","0","organic","Houston"
"18","34420.5","11016.48","2016-08-21 00:00:00","0.98","40.33","0","23363.69","23303.69","60","0","organic","Houston"
"31","115978.52","14507.68","2016-05-22 00:00:00","0.98","32012.84","0","69458","69453.71","4.29","0","organic","LosAngeles"
"6","11863.79","349.22","2016-11-13 00:00:00","0.98","3637.6","0","7876.97","767.22","7109.75","0","organic","Nashville"
"5","9215.63","75.81","2016-11-20 00:00:00","0.98","2398.24","0","6741.58","1186.12","5555.46","0","organic","Roanoke"
"40","87462.26","474.08","2016-03-20 00:00:00","0.98","24602.2","55","62330.98","7575.05","54755.93","0","organic","Seattle"
"45","71534.03","455.72","2016-02-14 00:00:00","0.98","20258.99","40.95","50778.37","1904.23","48874.14","0","organic","Seattle"
"19","278711.99","76071.17","2016-08-14 00:00:00","0.98","5041.32","0","197599.5","189805.15","7794.35","0","organic","SouthCentral"
"45","5990.65","64.99","2016-02-14 00:00:00","0.98","1798.79","0","4126.87","146.55","3980.32","0","organic","Spokane"
"49","8688.58","1669.28","2016-01-17 00:00:00","0.98","655.91","0","6363.39","396.29","5967.1","0","organic","StLouis"
"37","19269.21","290.18","2017-04-16 00:00:00","0.98","4390.45","0","14588.58","1115.74","13472.84","0","organic","CincinnatiDayton"
"47","10382.58","688.17","2017-02-05 00:00:00","0.98","2992.09","0","6702.32","1755.71","4946.61","0","organic","Columbus"
"42","52575.07","14682.3","2017-03-12 00:00:00","0.98","2307.67","33.7","35551.4","35069.92","481.48","0","organic","Denver"
"49","29282.55","12519.74","2017-01-22 00:00:00","0.98","5289.45","11.43","11461.93","8840.51","2621.42","0","organic","Denver"
"50","42695.84","3851.49","2017-01-15 00:00:00","0.98","4314.91","8.19","34521.25","310.38","34210.87","0","organic","Portland"
"47","51462.4","906.24","2017-02-05 00:00:00","0.98","10333.71","18.8","40203.65","541.93","39661.72","0","organic","Seattle"
"39","402676.23","34093.33","2017-04-02 00:00:00","0.98","58330.53","207.85","310044.52","155701.41","154343.11","0","organic","West"
"16","472136.53","303113.24","2015-09-06 00:00:00","0.97","73675.85","911.25","94436.19","49833.55","44549.67","52.97","conventional","Atlanta"
"23","557212.99","446100.17","2015-07-19 00:00:00","0.97","47838.42","1982.03","61292.37","45099.87","16192.5","0","conventional","Atlanta"
"0","62909.69","30482.25","2015-12-27 00:00:00","0.97","2971.94","5894.4","23561.1","23520.19","5.69","35.22","conventional","Boise"
"30","76689.38","57373.57","2015-05-31 00:00:00","0.97","7421.36","4028.3","7866.15","7860.31","5.84","0","conventional","Boise"
"28","6741662.31","4075881.34","2015-06-14 00:00:00","0.97","1771908.98","210670.82","683201.17","657421.42","22961.19","2818.56","conventional","California"
"50","125742.48","64726.71","2015-01-11 00:00:00","0.97","34844.49","7190.05","18981.23","16400.27","2458.67","122.29","conventional","Columbus"
"13","694871.74","119089.66","2015-09-27 00:00:00","0.97","386987.12","15285.72","173509.24","43108.21","130401.03","0","conventional","Denver"
"10","358143.26","117479.44","2015-10-18 00:00:00","0.97","97788.02","72553.22","70322.58","63143.78","823.99","6354.81","conventional","Detroit"
"19","400251.59","113822.13","2015-08-16 00:00:00","0.97","86783.96","125069.99","74575.51","53326.63","1573.3","19675.58","conventional","Detroit"
"27","424580.52","133405.45","2015-06-21 00:00:00","0.97","87075.84","121664.66","82434.57","70155.32","2831.82","9447.43","conventional","Detroit"
"29","447813.52","153214.87","2015-06-07 00:00:00","0.97","87106.49","131114.3","76377.86","61921.23","1180.76","13275.87","conventional","Detroit"
"39","304048.16","120782.43","2015-03-29 00:00:00","0.97","28182.89","38352.45","116730.39","113016.39","2415.87","1298.13","conventional","Detroit"
"40","455372.43","138397.72","2015-03-22 00:00:00","0.97","109057.9","144745.74","63171.07","44419.39","754.44","17997.24","conventional","Detroit"
"43","397899.56","97605.68","2015-03-01 00:00:00","0.97","101935.17","129285.88","69072.83","50732.68","1144.16","17195.99","conventional","Detroit"
"11","198769.54","3638.99","2015-10-11 00:00:00","0.97","106363.84","49279.06","39487.65","21799.3","2155.38","15532.97","conventional","GrandRapids"
"32","277502.12","5515.43","2015-05-17 00:00:00","0.97","202939.01","12421.42","56626.26","52456.3","3991.49","178.47","conventional","GrandRapids"
"10","159463.52","4397.88","2015-10-18 00:00:00","0.97","102117.87","12142.13","40805.64","24129.91","15546","1129.73","conventional","Indianapolis"
"8","162559.72","110439.42","2015-11-01 00:00:00","0.97","11892.01","995.43","39232.86","14379.48","24853.38","0","conventional","Jacksonville"
"51","153506.84","105203.79","2015-01-04 00:00:00","0.97","19147.78","468.7","28686.57","13653.15","15033.42","0","conventional","Jacksonville"
"12","269072.2","69916.72","2015-10-04 00:00:00","0.97","154943.93","5551.93","38659.62","30931.87","7727.75","0","conventional","LasVegas"
"13","272925.76","63209.79","2015-09-27 00:00:00","0.97","170341.44","4057.49","35317.04","31037.22","4279.82","0","conventional","LasVegas"
"14","284247.2","70945.65","2015-09-20 00:00:00","0.97","163822.19","5225.21","44254.15","35941.12","8313.03","0","conventional","LasVegas"
"31","2853904.6","2013195.78","2015-05-24 00:00:00","0.97","465604.19","73414.62","301690.01","283662.09","14885.79","3142.13","conventional","LosAngeles"
"4","58667.71","1290.11","2015-11-29 00:00:00","0.97","34019.62","2342.95","21015.03","10740.29","9710.74","564","conventional","Louisville"
"37","88236.19","2761.77","2015-04-12 00:00:00","0.97","61733.99","340.98","23399.45","19990.04","3351.93","57.48","conventional","Louisville"
"2","529317.46","387065.94","2015-12-13 00:00:00","0.97","49363.2","85.47","92802.85","38463.54","54339.31","0","conventional","MiamiFtLauderdale"
"20","655821.9","450713.76","2015-08-09 00:00:00","0.97","86740.57","81.16","118286.41","61527.63","56758.78","0","conventional","MiamiFtLauderdale"
"40","642934.25","480064.45","2015-03-22 00:00:00","0.97","58232.21","165.2","104472.39","51350.08","53122.31","0","conventional","MiamiFtLauderdale"
"51","540234.22","398670.03","2015-01-04 00:00:00","0.97","54844.33","39.07","86680.79","38505.18","48175.61","0","conventional","MiamiFtLauderdale"
"16","175977.6","92988.8","2015-09-06 00:00:00","0.97","30510.75","9638.66","42839.39","27102.45","15494.02","242.92","conventional","Nashville"
"18","171575.35","112284.06","2015-08-23 00:00:00","0.97","19284.06","10060.87","29946.36","25633.87","4312.49","0","conventional","Nashville"
"25","201797.82","121473.02","2015-07-05 00:00:00","0.97","25125.21","10804.25","44395.34","35733.99","8482","179.35","conventional","Nashville"
"8","204738.15","129683.8","2015-11-01 00:00:00","0.97","16059.69","486.47","58508.19","50413.78","8082.05","12.36","conventional","NewOrleansMobile"
"37","235709.99","168050.37","2015-04-12 00:00:00","0.97","7155.35","294","60210.27","53843.01","6367.26","0","conventional","NewOrleansMobile"
"39","237188.41","161509.61","2015-03-29 00:00:00","0.97","9472.68","77.75","66128.37","62564.2","3564.17","0","conventional","NewOrleansMobile"
"50","239232.35","165505.1","2015-01-11 00:00:00","0.97","10680.54","231.54","62815.17","59593.91","3221.26","0","conventional","NewOrleansMobile"
"10","1856337.85","23873.63","2015-10-18 00:00:00","0.97","1598365.27","1173.01","232925.94","181854.71","51069.15","2.08","conventional","NewYork"
"8","330071.34","228073.04","2015-11-01 00:00:00","0.97","29350.55","80.56","72567.19","33748.18","38819.01","0","conventional","Orlando"
"25","420329.35","258450.62","2015-07-05 00:00:00","0.97","66371.81","83.04","95423.88","58523.36","36900.52","0","conventional","Orlando"
"37","2160085.64","1423163.45","2015-04-12 00:00:00","0.97","471484.38","12343.11","253094.7","246327.83","5726.34","1040.53","conventional","Plains"
"51","599965.86","126485.75","2015-01-04 00:00:00","0.97","377138.79","19781.57","76559.75","61308.73","15251.02","0","conventional","Portland"
"3","210379.48","54037.25","2015-12-06 00:00:00","0.97","84518.32","26500.57","45323.34","45120.91","202.43","0","conventional","RaleighGreensboro"
"13","203675.17","61853.71","2015-09-27 00:00:00","0.97","101484.98","16430.71","23905.77","23139.55","766.22","0","conventional","RichmondNorfolk"
"47","308461.1","99429.98","2015-02-01 00:00:00","0.97","140203.43","21686.02","47141.67","40189.17","6952.5","0","conventional","RichmondNorfolk"
"8","869927.27","214932.11","2015-11-01 00:00:00","0.97","563719.33","31481.92","59793.91","58929.19","845.56","19.16","conventional","SanFrancisco"
"47","933148.31","201139.95","2015-02-01 00:00:00","0.97","578708.75","10182.71","143116.9","142049.31","1034.01","33.58","conventional","Seattle"
"51","634522.34","165839.16","2015-01-04 00:00:00","0.97","341836.86","15291.36","111554.96","96695.27","14859.69","0","conventional","Seattle"
"4","217965.37","125440.43","2015-11-29 00:00:00","0.97","42269.54","7454.33","42801.07","33356.89","9433.78","10.4","conventional","SouthCarolina"
"34","457411.45","271320.49","2015-05-03 00:00:00","0.97","72324.54","26965.17","86801.25","70270.99","16530.26","0","conventional","SouthCarolina"
"4","2615828.04","1797110.09","2015-11-29 00:00:00","0.97","273706.42","12260.75","532750.78","280568.93","252139.55","42.3","conventional","Southeast"
"11","3179824.67","1810141.55","2015-10-11 00:00:00","0.97","579736.64","34930.57","755015.91","356707.71","398280.71","27.49","conventional","Southeast"
"16","3750714.49","2175323.4","2015-09-06 00:00:00","0.97","650270.11","43507.27","881613.71","472040.07","409430.79","142.85","conventional","Southeast"
"27","4019384.71","2602623.94","2015-06-21 00:00:00","0.97","462243.35","62634.6","891882.82","619129.21","272640.03","113.58","conventional","Southeast"
"34","4986270.76","3682277.46","2015-05-03 00:00:00","0.97","383803.95","40064.12","880125.23","496136.95","382606.34","1381.94","conventional","Southeast"
"47","135656.36","35897.25","2015-02-01 00:00:00","0.97","84741.31","2704.69","12313.11","12276.59","36.52","0","conventional","Spokane"
"0","376187.98","246326.83","2015-12-27 00:00:00","0.97","35652.12","56.54","94152.49","55850.56","38301.93","0","conventional","Tampa"
"5","311784.91","194667.16","2015-11-22 00:00:00","0.97","39338.15","57.68","77721.92","46934.42","30787.5","0","conventional","Tampa"
"8","391514.43","228324.13","2015-11-01 00:00:00","0.97","72749.38","100.62","90340.3","44449.47","45890.83","0","conventional","Tampa"
"20","427229.44","257930.36","2015-08-09 00:00:00","0.97","58043.78","161.33","111093.97","75694.1","35397.12","2.75","conventional","Tampa"
"23","421574.42","258972.92","2015-07-19 00:00:00","0.97","61716.04","138.6","100746.86","64830.87","35915.99","0","conventional","Tampa"
"29","433152.31","295793","2015-06-07 00:00:00","0.97","35164.49","467.96","101726.86","65864.81","35862.05","0","conventional","Tampa"
"34","558113.22","401968.96","2015-05-03 00:00:00","0.97","37800.63","164.47","118179.16","62416.87","55151.18","611.11","conventional","Tampa"
"40","440106.92","310473.4","2015-03-22 00:00:00","0.97","32912.35","105.17","96616","55623.32","40992.68","0","conventional","Tampa"
"51","339909.13","226346.7","2015-01-04 00:00:00","0.97","37517.53","53.15","75991.75","33447.51","42544.24","0","conventional","Tampa"
"7","28485715.97","9991330.31","2015-11-08 00:00:00","0.97","12199657.4","1143214.59","5151513.67","4058500.97","1027701.97","65310.73","conventional","TotalUS"
"8","31047484.27","10138703.85","2015-11-01 00:00:00","0.97","14229286.82","1410928.18","5268565.42","3966597.25","1246220.37","55747.8","conventional","TotalUS"
"43","32994014.16","13282222.98","2015-03-01 00:00:00","0.97","13733124.48","1070576.07","4908090.63","4129138.63","725218.35","53733.65","conventional","TotalUS"
"13","4792868.29","1601971.34","2015-09-27 00:00:00","0.97","2116029.65","98925.79","975941.51","669128.89","306758.91","53.71","conventional","West"
"45","481484.29","313342.08","2016-02-14 00:00:00","0.97","57925.31","1008.13","109208.77","74366.38","34842.39","0","conventional","Atlanta"
"14","82377.77","39719.19","2016-09-18 00:00:00","0.97","2199.34","6951.12","33508.12","28303.11","5198.62","6.39","conventional","Boise"
"32","6068872.71","2247484.21","2016-05-15 00:00:00","0.97","1968268.95","353196.44","1499923.11","1325206.1","155366.22","19350.79","conventional","California"
"33","974740.13","43166.45","2016-05-08 00:00:00","0.97","612339.89","173293.69","145940.1","137880.91","4997.64","3061.55","conventional","Chicago"
"36","172183.83","56381.07","2016-04-17 00:00:00","0.97","48784.24","27374.63","39643.89","27199.14","7590.56","4854.19","conventional","Columbus"
"50","163977.03","82729.5","2016-01-10 00:00:00","0.97","33601.78","17903.44","29742.31","21493.26","6988.68","1260.37","conventional","Columbus"
"36","447346.61","96173.74","2016-04-17 00:00:00","0.97","116000.57","132061.08","103111.22","66168.66","6262.89","30679.67","conventional","Detroit"
"42","441920.14","79240.24","2016-03-06 00:00:00","0.97","86747.64","154833","121099.26","47041.48","43570.47","30487.31","conventional","Detroit"
"3","3854099.9","674158.39","2016-12-04 00:00:00","0.97","1769353.76","179768.34","1230819.41","854171.9","371804.35","4843.16","conventional","GreatLakes"
"39","3557777.32","370933.32","2016-03-27 00:00:00","0.97","1846740.22","464302.08","875801.7","541168.93","286623.54","48009.23","conventional","GreatLakes"
"36","218237.53","15361.33","2016-04-17 00:00:00","0.97","113832.99","24253.28","64789.93","27683.11","33415.09","3691.73","conventional","Indianapolis"
"49","171404.92","5231.37","2016-01-17 00:00:00","0.97","105606.63","12443.2","48123.72","26459.05","19618.46","2046.21","conventional","Indianapolis"
"23","3092234","1201992.39","2016-07-17 00:00:00","0.97","630743.25","84008.42","1175489.94","1079717.14","73173.55","22599.25","conventional","LosAngeles"
"0","648358.72","257456.07","2016-12-25 00:00:00","0.97","148591.65","827.53","241483.47","87168.19","154236.11","79.17","conventional","MiamiFtLauderdale"
"1","662655.37","237194.3","2016-12-18 00:00:00","0.97","158602.19","3459.99","263398.89","81459","181796.83","143.06","conventional","MiamiFtLauderdale"
"16","862396.26","525593.59","2016-09-04 00:00:00","0.97","140626.89","218.05","195957.73","88544.91","106501.71","911.11","conventional","MiamiFtLauderdale"
"30","849097.69","513204.86","2016-05-29 00:00:00","0.97","167161","248.87","168482.96","64610.91","93591.22","10280.83","conventional","MiamiFtLauderdale"
"50","702726.81","493952.15","2016-01-10 00:00:00","0.97","82027.84","249.76","126497.06","58416.81","68080.25","0","conventional","MiamiFtLauderdale"
"28","190921.36","119783.13","2016-06-12 00:00:00","0.97","12815.76","905.03","57417.44","46174.86","9199.25","2043.33","conventional","Nashville"
"42","159755.26","87362.97","2016-03-06 00:00:00","0.97","20762.36","5969.9","45660.03","29901.71","15758.32","0","conventional","Nashville"
"27","293340.02","162451.07","2016-06-19 00:00:00","0.97","39328.87","267.67","91292.41","70450.55","16416.86","4425","conventional","NewOrleansMobile"
"42","267953.78","150786.3","2016-03-06 00:00:00","0.97","27025.48","565.65","89576.35","74664.71","14911.64","0","conventional","NewOrleansMobile"
"33","546838.34","3368.77","2016-05-08 00:00:00","0.97","370026.96","55130.63","118311.98","118297.2","14.78","0","conventional","NorthernNewEngland"
"46","605846.78","3738.02","2016-02-07 00:00:00","0.97","531499.59","16922.98","53686.19","51858.11","1828.08","0","conventional","NorthernNewEngland"
"3","398859.76","129743.58","2016-12-04 00:00:00","0.97","95284.48","114.33","173717.37","65178.82","108538.55","0","conventional","Orlando"
"16","477301.28","275859.84","2016-09-04 00:00:00","0.97","75406.02","171.78","125863.64","59356.55","66507.09","0","conventional","Orlando"
"27","454278.32","238794.08","2016-06-19 00:00:00","0.97","98795.35","250.15","116438.74","52416.59","52961.59","11060.56","conventional","Orlando"
"29","448117.51","262311","2016-06-05 00:00:00","0.97","71419.85","231.9","114154.76","45382.8","58692.8","10079.16","conventional","Orlando"
"34","2093998.59","925373.29","2016-05-01 00:00:00","0.97","636658.22","27641.97","504325.11","471542.33","32052.7","730.08","conventional","Plains"
"45","1790822.72","869882.86","2016-02-14 00:00:00","0.97","525736.46","20578.05","374625.35","340809.47","32439.63","1376.25","conventional","Plains"
"22","602085.03","135877.37","2016-07-24 00:00:00","0.97","142590.49","16246.36","307370.81","305237.5","2006.1","127.21","conventional","Portland"
"48","272314.29","81685.72","2016-01-24 00:00:00","0.97","131405.09","7716.74","51506.74","50993.41","513.33","0","conventional","RichmondNorfolk"
"49","272594.61","102087.13","2016-01-17 00:00:00","0.97","115257.04","8461.9","46788.54","46788.54","0","0","conventional","RichmondNorfolk"
"50","243704.71","81955.23","2016-01-10 00:00:00","0.97","97007.78","8835.13","55906.57","55900","6.57","0","conventional","RichmondNorfolk"
"38","113028.45","37271.13","2016-04-03 00:00:00","0.97","32720.2","169.65","42867.47","41615.1","1252.37","0","conventional","Roanoke"
"50","143703.88","55844.25","2016-01-10 00:00:00","0.97","42998.53","178.13","44682.97","44595.26","17.71","70","conventional","Roanoke"
"27","677710.31","101860.03","2016-06-19 00:00:00","0.97","193696.31","11487.83","370666.14","369495.52","305.75","864.87","conventional","Seattle"
"27","451741.89","211554.56","2016-06-19 00:00:00","0.97","100652.86","20140.13","119394.34","85874.87","31652.8","1866.67","conventional","SouthCarolina"
"30","441398.16","188092.93","2016-05-29 00:00:00","0.97","120644.64","15039.71","117620.88","63637.85","50673.03","3310","conventional","SouthCarolina"
"22","5528475.32","3073632.24","2016-07-24 00:00:00","0.97","1095930.61","29835.26","1329077.21","1169824.57","105002.77","54249.87","conventional","SouthCentral"
"1","78377.53","11468.76","2016-12-18 00:00:00","0.97","24325.82","27.35","42555.6","42186.43","361.54","7.63","conventional","Spokane"
"48","89537.48","14122.5","2016-01-24 00:00:00","0.97","29929.21","2793.05","42692.72","42637.23","17.07","38.42","conventional","Spokane"
"1","137885.02","58408.64","2016-12-18 00:00:00","0.97","7756.92","50.4","71669.06","52786.07","18882.99","0","conventional","StLouis"
"26","236899.58","70089.95","2016-06-26 00:00:00","0.97","10838.62","750.02","155220.99","126591.94","14354.3","14274.75","conventional","StLouis"
"39","156454.78","49442.37","2016-03-27 00:00:00","0.97","10038.61","21.47","96952.33","76482.71","20432.74","36.88","conventional","StLouis"
"29","485002.55","261221.3","2016-06-05 00:00:00","0.97","100100.49","105.5","123575.26","61524.24","53634.35","8416.67","conventional","Tampa"
"29","40231259.65","13808859.16","2016-06-05 00:00:00","0.97","13396651.73","1770948.09","11254800.67","8492744.45","2441022.99","321033.23","conventional","TotalUS"
"25","6817643.13","2313258.79","2016-07-03 00:00:00","0.97","1738562.93","137804.75","2628016.66","2009090.39","606174.1","12752.17","conventional","West"
"6","169553","78940","2017-11-19 00:00:00","0.97","14167","856","75591","69169","6354","69","conventional","Columbus"
"7","196433","98437","2017-11-12 00:00:00","0.97","14574","866","82556","69587","12778","191","conventional","Columbus"
"50","200226.42","90931.56","2017-01-15 00:00:00","0.97","32602.28","1593.72","75098.86","65836.14","9154.39","108.33","conventional","Columbus"
"3","886841.87","150700.53","2017-12-10 00:00:00","0.97","330683.28","7679.52","397778.54","131381.52","266397.02","0","conventional","Denver"
"4","515907","101693","2017-12-03 00:00:00","0.97","183341","36621","194253","120011","73013","1228","conventional","Detroit"
"43","383170.95","117593.23","2017-03-05 00:00:00","0.97","42026.91","24897.12","198653.69","184674.65","2917.35","11061.69","conventional","Detroit"
"27","114003.27","2137.42","2017-06-25 00:00:00","0.97","43420.23","203.5","68242.12","20546.42","47643.48","52.22","conventional","Louisville"
"46","804977.39","462514.53","2017-02-12 00:00:00","0.97","171782.76","399.31","170280.79","67653.42","102267.65","359.72","conventional","MiamiFtLauderdale"
"31","282671.14","149461.62","2017-05-28 00:00:00","0.97","7592.89","149.22","125467.41","85799.73","37474.7","2192.98","conventional","Nashville"
"4","266547","163448","2017-12-03 00:00:00","0.97","19343","2002","81753","77355","3609","790","conventional","NewOrleansMobile"
"48","344239.35","208314.95","2017-01-29 00:00:00","0.97","36546.78","316","99061.62","77868.08","15523.54","5670","conventional","NewOrleansMobile"
"28","755535.79","151651.79","2017-06-18 00:00:00","0.97","165833.34","15531.89","422518.77","422053.82","312.53","152.42","conventional","Portland"
"31","820850.36","162040.39","2017-05-28 00:00:00","0.97","194722.06","23352.57","440735.34","438469.98","2179.16","86.2","conventional","Portland"
"47","455798.5","123228.06","2017-02-05 00:00:00","0.97","230068.42","23080.58","79421.44","76260.19","2607.08","554.17","conventional","RaleighGreensboro"
"47","212143.72","75074.86","2017-02-05 00:00:00","0.97","76042.48","151.02","60875.36","59129.65","1337.38","408.33","conventional","Roanoke"
"52","142347.9","43011.78","2017-01-01 00:00:00","0.97","43260.01","125.37","55950.74","55319.62","535.56","95.56","conventional","Roanoke"
"45","497333.98","164517.95","2017-02-19 00:00:00","0.97","156159.47","17240.95","159415.61","154010.94","5009.67","395","conventional","SanDiego"
"6","4864335","2719309","2017-11-19 00:00:00","0.97","742890","17529","1384607","973474","409491","1642","conventional","SouthCentral"
"49","4992701.64","1897606.32","2017-01-22 00:00:00","0.97","1188251.05","11258.47","1895585.8","834407.94","1059745.36","1432.5","conventional","Southeast"
"25","128455.05","26682.9","2017-07-09 00:00:00","0.97","32986.26","119.07","68666.82","68576.38","46.14","44.3","conventional","Spokane"
"6","289527.53","174271.9","2018-02-11 00:00:00","0.97","18425.78","1971","94858.85","82271.42","12267.43","320","conventional","NewOrleansMobile"
"7","525075.42","119688.78","2018-02-04 00:00:00","0.97","132891.28","5891.9","266603.46","254234.83","12368.63","0","conventional","RaleighGreensboro"
"1","209053.83","55659.94","2018-03-18 00:00:00","0.97","43568.23","225.48","109600.18","86740.75","22179.43","680","conventional","Roanoke"
"6","5141310.45","3028127.72","2018-02-11 00:00:00","0.97","399356.06","16907.18","1696919.49","1077827.17","608625.73","10466.59","conventional","Southeast"
"6","43167806.09","15870677.7","2018-02-11 00:00:00","0.97","11541844.87","652856.58","15102426.94","10844852.22","4023485.04","234089.68","conventional","TotalUS"
"4","7408451.31","2154414.96","2018-02-25 00:00:00","0.97","1740237.35","117766.27","3396032.73","1164132.42","2205336.14","26564.17","conventional","West"
"28","16462.75","2079.57","2016-06-12 00:00:00","0.97","5830.96","0","8552.22","894.77","7657.45","0","organic","Atlanta"
"31","28571.29","10630.19","2016-05-22 00:00:00","0.97","66.78","0","17874.32","14837.35","3036.97","0","organic","Houston"
"9","12376.43","89.04","2016-10-23 00:00:00","0.97","3435.89","0","8851.5","1475.32","7376.18","0","organic","Roanoke"
"18","247621.32","67192.31","2016-08-21 00:00:00","0.97","4365.3","0","176063.71","170028.41","6035.3","0","organic","SouthCentral"
"38","13309.12","757.42","2017-04-09 00:00:00","0.97","3086.88","0","9464.82","2634.32","6830.5","0","organic","Columbus"
"2","417772.47","324932.28","2015-12-13 00:00:00","0.96","31019.08","275.8","61545.31","38903.57","22628.21","13.53","conventional","Atlanta"
"12","418682.26","265797.09","2015-10-04 00:00:00","0.96","92780.33","644.43","59460.41","14875.64","44584.77","0","conventional","Atlanta"
"31","623212.04","538126.94","2015-05-24 00:00:00","0.96","27284.43","1260.8","56539.87","33867","22651.15","21.72","conventional","Atlanta"
"47","636771.37","553198.56","2015-02-01 00:00:00","0.96","31583.38","294.94","51694.49","10553.73","41140.76","0","conventional","Atlanta"
"32","77987.53","61319.66","2015-05-17 00:00:00","0.96","7393.99","2919.87","6354.01","6345.82","0","8.19","conventional","Boise"
"35","88111.17","69544.59","2015-04-26 00:00:00","0.96","7985.48","3401.65","7179.45","7174.6","0","4.85","conventional","Boise"
"42","5990243.89","3484274.6","2015-03-08 00:00:00","0.96","1649936.05","184720.58","671312.66","642307","27241.05","1764.61","conventional","California"
"44","5951871.32","3210177.22","2015-02-22 00:00:00","0.96","1933699.49","172675.88","635318.73","596184.9","36940.51","2193.32","conventional","California"
"45","5699944.93","3315163.6","2015-02-15 00:00:00","0.96","1620462.13","169907.54","594411.66","544990.68","47017.93","2403.05","conventional","California"
"0","156698.24","33070.27","2015-12-27 00:00:00","0.96","62956.24","23041.69","37630.04","35130.42","2499.62","0","conventional","Charlotte"
"39","139065.31","72473.25","2015-03-29 00:00:00","0.96","25151.42","8711.76","32728.88","31416","937.48","375.4","conventional","Columbus"
"46","128078.27","76792.99","2015-02-08 00:00:00","0.96","23238.8","7652.85","20393.63","17859.26","1970.91","563.46","conventional","Columbus"
"17","422762.9","177827.49","2015-08-30 00:00:00","0.96","75478.01","100520.31","68937.09","52515.07","1066.62","15355.4","conventional","Detroit"
"36","468643.05","140434.29","2015-04-19 00:00:00","0.96","139016.06","107930.54","81262.16","68265.07","4057.84","8939.25","conventional","Detroit"
"27","265555.66","2552.14","2015-06-21 00:00:00","0.96","167585.16","32903.12","62515.24","53623.47","4943.16","3948.61","conventional","GrandRapids"
"7","147799.55","4337.57","2015-11-08 00:00:00","0.96","84844.19","20220.42","38397.37","19246.38","15189.72","3961.27","conventional","Indianapolis"
"2","140036.16","100533.31","2015-12-13 00:00:00","0.96","8913.72","199.12","30390.01","11312.69","19064.31","13.01","conventional","Jacksonville"
"4","121236.54","85341.93","2015-11-29 00:00:00","0.96","7840.61","266.31","27787.69","7638.25","20149.44","0","conventional","Jacksonville"
"34","254514.32","185046.86","2015-05-03 00:00:00","0.96","16450.96","1347.25","51669.25","25088.83","26430.42","150","conventional","Jacksonville"
"40","185570.06","136390.88","2015-03-22 00:00:00","0.96","13642.52","613.36","34923.3","19581.38","15341.92","0","conventional","Jacksonville"
"1","232294.71","96355.05","2015-12-20 00:00:00","0.96","77086.11","4749.61","54103.94","34992.96","19110.98","0","conventional","LasVegas"
"19","314774.36","110442.18","2015-08-16 00:00:00","0.96","136169.01","7799.26","60363.91","48127.04","12236.87","0","conventional","LasVegas"
"20","353118.24","117882.58","2015-08-09 00:00:00","0.96","163299.76","8925.51","63010.39","41697.82","21312.57","0","conventional","LasVegas"
"25","3435374.51","2373501.16","2015-07-05 00:00:00","0.96","564583.23","99097.11","398193.01","377663.89","17234.66","3294.46","conventional","LosAngeles"
"48","2329987.29","1518406.36","2015-01-25 00:00:00","0.96","456562.55","60922.43","294095.95","255279.65","36398.19","2418.11","conventional","LosAngeles"
"23","626841.5","436603.6","2015-07-19 00:00:00","0.96","96849.49","98.68","93289.73","55330.18","37959.55","0","conventional","MiamiFtLauderdale"
"27","669409.29","445033.36","2015-06-21 00:00:00","0.96","90433.46","5433.8","128508.67","74032.13","54476.54","0","conventional","MiamiFtLauderdale"
"0","123669.89","79508.7","2015-12-27 00:00:00","0.96","8706.29","4748.08","30706.82","23563.06","7140.43","3.33","conventional","Nashville"
"5","127165.59","79960.92","2015-11-22 00:00:00","0.96","10083.16","5985.48","31136.03","23717.19","7157.13","261.71","conventional","Nashville"
"11","167655.6","83621.05","2015-10-11 00:00:00","0.96","35428.18","7009.22","41597.15","23793.78","17803.37","0","conventional","Nashville"
"12","157490.03","78331.45","2015-10-04 00:00:00","0.96","30106.11","6363.08","42689.39","26267.85","16376.41","45.13","conventional","Nashville"
"19","187310.28","126796.3","2015-08-16 00:00:00","0.96","18393.32","13672.42","28448.24","22867.47","5354.02","226.75","conventional","Nashville"
"27","188762.81","111226.04","2015-06-21 00:00:00","0.96","17917.39","8103.01","51516.37","41015","9725.53","775.84","conventional","Nashville"
"29","189470.19","128293.7","2015-06-07 00:00:00","0.96","10385.79","10508.18","40282.52","31059.24","8944.38","278.9","conventional","Nashville"
"7","197713.69","122265.65","2015-11-08 00:00:00","0.96","21552.54","692.39","53203.11","49206.68","3996.43","0","conventional","NewOrleansMobile"
"32","257403.43","172610.15","2015-05-17 00:00:00","0.96","9661.21","262","74870.07","69919.72","4950.35","0","conventional","NewOrleansMobile"
"35","265739.79","179543.83","2015-04-26 00:00:00","0.96","9195.1","288","76712.86","72727.69","3985.17","0","conventional","NewOrleansMobile"
"7","489339.78","2347.38","2015-11-08 00:00:00","0.96","453089.14","132.37","33770.89","33362","408.89","0","conventional","NorthernNewEngland"
"2","310101.52","217679.37","2015-12-13 00:00:00","0.96","24260.86","168.63","67992.66","31407.15","36585.51","0","conventional","Orlando"
"4","262683.8","190361.54","2015-11-29 00:00:00","0.96","21007.77","37.82","51276.67","21536.82","29739.85","0","conventional","Orlando"
"27","394035.19","243576.61","2015-06-21 00:00:00","0.96","57122.76","726.55","92609.27","55420.02","37189.25","0","conventional","Orlando"
"11","84053.56","981.32","2015-10-11 00:00:00","0.96","59821.03","1535.63","21715.58","14948.34","6767.24","0","conventional","Pittsburgh"
"20","145930.35","1306.17","2015-08-09 00:00:00","0.96","99815.2","3021.58","41787.4","26618.86","15168.54","0","conventional","Pittsburgh"
"0","208425.96","47444.55","2015-12-27 00:00:00","0.96","86212.38","21669.44","53099.59","52596.72","502.87","0","conventional","RaleighGreensboro"
"0","98584.92","33255.5","2015-12-27 00:00:00","0.96","31680.16","152.86","33496.4","32877.16","0","619.24","conventional","Roanoke"
"40","515764.64","235106.15","2015-03-22 00:00:00","0.96","221942.26","14165.05","44551.18","38487.7","6063.48","0","conventional","SanDiego"
"2","257166.53","148691.81","2015-12-13 00:00:00","0.96","47393.23","7391.81","53689.68","43815.6","9863.71","10.37","conventional","SouthCarolina"
"2","3042588.2","2127600.06","2015-12-13 00:00:00","0.96","303892.09","12361.35","598734.7","326312.25","272310.91","111.54","conventional","Southeast"
"14","3496412.09","2000380.63","2015-09-20 00:00:00","0.96","663554.32","27931.94","804545.2","382666.89","421701.4","176.91","conventional","Southeast"
"2","365643.92","242293.88","2015-12-13 00:00:00","0.96","40944.16","52.15","82353.73","42015.01","40338.72","0","conventional","Tampa"
"4","330060.95","213390.26","2015-11-29 00:00:00","0.96","41026.86","18.37","75625.46","36785.63","38839.83","0","conventional","Tampa"
"5","25114228.11","8571849.8","2015-11-22 00:00:00","0.96","10389879.59","804662.83","5347835.89","4178583.45","1137229.84","32022.6","conventional","TotalUS"
"34","41291704.39","17787611.93","2015-05-03 00:00:00","0.96","16602589.04","1118329.5","5783173.92","4647155.48","1110987.23","25031.21","conventional","TotalUS"
"49","5475363.01","2431736.63","2015-01-18 00:00:00","0.96","2258069.63","76348.13","709208.62","527358.78","181809.88","39.96","conventional","West"
"41","6017563.88","1750943.52","2016-03-13 00:00:00","0.96","1855262.7","317337.27","2094020.39","1888085.99","186807.69","19126.71","conventional","California"
"51","203961.88","42856.88","2016-01-03 00:00:00","0.96","87749.01","31682.42","41673.57","38144.36","3529.21","0","conventional","Charlotte"
"9","273804","2790.12","2016-10-23 00:00:00","0.96","94637.5","1181.38","175195","18785.57","156407.87","1.56","conventional","CincinnatiDayton"
"14","288857.14","6195.29","2016-09-18 00:00:00","0.96","112907.19","1335.29","168419.37","30495.85","137923.52","0","conventional","CincinnatiDayton"
"37","135905.09","57345.34","2016-04-10 00:00:00","0.96","27302.54","9075.23","42181.98","31689.31","9453.96","1038.71","conventional","Columbus"
"23","1070350.11","542103.44","2016-07-17 00:00:00","0.96","210287.21","7622.87","310336.59","303925.61","2984.62","3426.36","conventional","DallasFtWorth"
"28","819664.78","179533.58","2016-06-12 00:00:00","0.96","242834.17","19838.57","377458.46","91438.85","284376.91","1642.7","conventional","Denver"
"33","500424.55","168696.93","2016-05-08 00:00:00","0.96","84169.69","107930.15","139627.78","91310.2","21053.46","27264.12","conventional","Detroit"
"35","3735389.44","624804.28","2016-04-24 00:00:00","0.96","1787143.44","323412.26","1000029.46","759838.81","217342.89","22847.76","conventional","GreatLakes"
"45","3386951.48","502690.77","2016-02-14 00:00:00","0.96","1784879.1","352376.13","747005.48","499432.73","216563.12","31009.63","conventional","GreatLakes"
"13","1027782.31","463607.55","2016-09-25 00:00:00","0.96","266059.25","2894.23","295221.28","101363.89","193857.39","0","conventional","Houston"
"22","985027.91","555709.68","2016-07-24 00:00:00","0.96","218179.57","5208.69","205929.97","163969.66","39623.09","2337.22","conventional","Houston"
"42","208283.71","11773.3","2016-03-06 00:00:00","0.96","116609.91","24630.69","55269.81","26420.61","23929.03","4920.17","conventional","Indianapolis"
"25","868986.46","479975.64","2016-07-03 00:00:00","0.96","184172.52","129.62","204708.68","95020.96","92318","17369.72","conventional","MiamiFtLauderdale"
"48","611557.77","416813.56","2016-01-24 00:00:00","0.96","61067.87","259.56","133416.78","68930.73","64486.05","0","conventional","MiamiFtLauderdale"
"3","189526.37","82751.98","2016-12-04 00:00:00","0.96","20042.35","853.8","85878.24","60604.33","23948.91","1325","conventional","Nashville"
"31","271554.45","152790.74","2016-05-22 00:00:00","0.96","32548.05","495.61","85720.05","67298.09","13429.74","4992.22","conventional","NewOrleansMobile"
"51","553828.14","3485.03","2016-01-03 00:00:00","0.96","492915.32","17575.69","39852.1","39852.1","0","0","conventional","NorthernNewEngland"
"45","312270.64","168683.78","2016-02-14 00:00:00","0.96","50342.11","103.25","93141.5","42330.44","50811.06","0","conventional","Orlando"
"50","413413.58","279393.48","2016-01-10 00:00:00","0.96","31582.03","198.79","102239.28","49854.64","52384.64","0","conventional","Orlando"
"46","675832.78","16403.87","2016-02-07 00:00:00","0.96","385630.69","1418.38","272379.84","261473.35","10906.49","0","conventional","Philadelphia"
"20","659207.94","140180.44","2016-08-07 00:00:00","0.96","166749.64","15567.8","336710.06","335811.13","831.25","67.68","conventional","Portland"
"47","290633.33","61313.27","2016-01-31 00:00:00","0.96","145758.08","26481.58","57080.4","52157.37","4923.03","0","conventional","RaleighGreensboro"
"48","242512.95","20211.55","2016-01-24 00:00:00","0.96","135264.31","26788.14","60248.95","59121.7","1127.25","0","conventional","RaleighGreensboro"
"28","280191.2","83555.77","2016-06-12 00:00:00","0.96","108482.44","15693.42","72459.57","69331.2","158.37","2970","conventional","RichmondNorfolk"
"31","271979.26","79353.25","2016-05-22 00:00:00","0.96","105907.42","5994.65","80723.94","78267.45","6.49","2450","conventional","RichmondNorfolk"
"51","235618.91","79192.25","2016-01-03 00:00:00","0.96","102411.75","8338.6","45676.31","45411.45","264.86","0","conventional","RichmondNorfolk"
"29","151372.89","39705.87","2016-06-05 00:00:00","0.96","56076.83","113.3","55476.89","53294.21","747.68","1435","conventional","Roanoke"
"39","139668.9","45215.02","2016-03-27 00:00:00","0.96","50007.46","72.4","44374.02","43175.63","1198.39","0","conventional","Roanoke"
"40","156283.99","52022.38","2016-03-20 00:00:00","0.96","55818.44","140.42","48302.75","48248.66","54.09","0","conventional","Roanoke"
"51","512117.98","141161.62","2016-01-03 00:00:00","0.96","301172.94","16053.59","53729.83","53729.83","0","0","conventional","Sacramento"
"37","397990.96","158605.28","2016-04-10 00:00:00","0.96","126384.55","6056.81","106944.32","57960.91","48983.41","0","conventional","SouthCarolina"
"41","414943.26","175358.73","2016-03-13 00:00:00","0.96","127186.75","8978.94","103418.84","65808.71","37604.61","5.52","conventional","SouthCarolina"
"1","3413410.59","1236270.98","2016-12-18 00:00:00","0.96","729400.6","8172.53","1439566.48","670843.43","766286.38","2436.67","conventional","Southeast"
"16","4804279.06","2776884.75","2016-09-04 00:00:00","0.96","664439.79","12528.81","1350425.71","771445.27","574732.66","4247.78","conventional","Southeast"
"2","91423.14","12117.55","2016-12-11 00:00:00","0.96","27759.21","34.43","51511.95","50878.5","424.91","208.54","conventional","Spokane"
"27","91554.79","27584.63","2016-06-19 00:00:00","0.96","19850.1","2998.29","41121.77","41041.12","56.29","24.36","conventional","Spokane"
"37","103998.99","31092.52","2016-04-10 00:00:00","0.96","26584.63","3378.21","42943.63","42824.85","0","118.78","conventional","Spokane"
"42","185570.14","68570.93","2016-03-06 00:00:00","0.96","9371.82","23.4","107603.99","84301.57","23258.91","43.51","conventional","StLouis"
"3","500795.57","163609.96","2016-12-04 00:00:00","0.96","123041.61","39.36","214104.64","91215.95","122888.69","0","conventional","Tampa"
"30","532427.02","287990.69","2016-05-29 00:00:00","0.96","117845.05","172.19","126419.09","63311.97","57550.46","5556.66","conventional","Tampa"
"1","29583882.61","9394065.91","2016-12-18 00:00:00","0.96","10339168.2","427872.42","9422776.08","6970320.34","2358443.96","94011.78","conventional","TotalUS"
"15","6097779.55","2364733.51","2016-09-11 00:00:00","0.96","1265510.82","102419.92","2365115.3","1494929.03","867612.77","2573.5","conventional","West"
"17","6114187.88","2276321.08","2016-08-28 00:00:00","0.96","1334700.26","93943.34","2409223.2","1478205.23","928604.86","2413.11","conventional","West"
"6","690820.58","429758.58","2016-11-13 00:00:00","0.96","39757.86","14195.71","207108.43","114355.56","92752.87","0","conventional","WestTexNewMexico"
"31","303442.79","10451.69","2017-05-28 00:00:00","0.96","76776.7","1279.88","214934.52","34309.89","180475.96","148.67","conventional","CincinnatiDayton"
"8","222749.35","108463.21","2017-11-05 00:00:00","0.96","15618.1","911.56","97756.48","91641.47","5898.96","216.05","conventional","Columbus"
"7","1054327","509106","2017-11-12 00:00:00","0.96","271438","4615","269169","120695","148352","121","conventional","DallasFtWorth"
"8","1142499.74","600272.43","2017-11-05 00:00:00","0.96","245464.06","3677.48","293085.77","104979.92","187840.93","264.92","conventional","DallasFtWorth"
"46","821592.06","204917.87","2017-02-12 00:00:00","0.96","291657.99","14706.94","310309.26","109877.59","200109.45","322.22","conventional","Denver"
"0","205202.95","67904.72","2017-12-31 00:00:00","0.96","57394.76","13768.33","66135.14","59516.58","6575.66","42.9","conventional","Indianapolis"
"50","210793.64","15258.94","2017-01-15 00:00:00","0.96","102478.51","2034.41","91021.78","45737.6","45282.71","1.47","conventional","Indianapolis"
"43","345889.75","119711.85","2017-03-05 00:00:00","0.96","49738.25","8076.53","168363.12","53110.43","115252.69","0","conventional","LasVegas"
"30","3637220.72","1330141.06","2017-06-04 00:00:00","0.96","418291.29","89031.2","1799757.17","1761072.22","559.34","38125.61","conventional","LosAngeles"
"0","3777193.46","937259.75","2017-12-31 00:00:00","0.96","1398684.02","29457.57","1411792.12","1246593.68","163761.83","1436.61","conventional","Midsouth"
"26","281067.39","112545.01","2017-07-02 00:00:00","0.96","39946.64","90.44","128485.3","110433.46","15456.31","2595.53","conventional","Nashville"
"41","228023.12","110762.28","2017-03-19 00:00:00","0.96","10019.64","100.06","107141.14","99605.44","5995.7","1540","conventional","Nashville"
"22","930918.01","482854.07","2017-07-30 00:00:00","0.96","163669.16","12228.42","272166.36","160062.92","109657.89","2445.55","conventional","PhoenixTucson"
"45","2087617.13","1035888.35","2017-02-19 00:00:00","0.96","444278.43","20779.51","586670.84","537145.2","44324.73","5200.91","conventional","Plains"
"27","803349.86","162934.76","2017-06-25 00:00:00","0.96","169403.8","19050.31","451960.99","450916.88","634.51","409.6","conventional","Portland"
"51","582835.25","146165.17","2017-01-08 00:00:00","0.96","222743.67","15301.4","198625.01","161975.42","36309.59","340","conventional","SanDiego"
"38","838359.35","196844.45","2017-04-09 00:00:00","0.96","228960.5","209.25","412345.15","411247.99","280.09","817.07","conventional","Seattle"
"5","4362824","2377638","2017-11-26 00:00:00","0.96","713646","14770","1256771","870931","385677","162","conventional","SouthCentral"
"31","6549043.84","3495036.65","2017-05-28 00:00:00","0.96","1267551.42","27015.73","1759440.04","1322192.06","405650.84","31597.14","conventional","SouthCentral"
"48","39373579.25","14034075.77","2017-01-29 00:00:00","0.96","11683464.54","818727.02","12837311.92","9918255.52","2799960.74","119095.66","conventional","TotalUS"
"3","5936122.03","2225055.28","2017-12-10 00:00:00","0.96","1469462.62","76489.85","2165114.28","1183057.63","970382.43","11674.22","conventional","West"
"36","6822109.27","2342474.18","2017-04-23 00:00:00","0.96","1457625.39","145286.81","2876722.89","1494551.63","1378030.25","4141.01","conventional","West"
"43","6667896.16","2208631.13","2017-03-05 00:00:00","0.96","1286416.73","153028.56","3019819.74","1700904.18","1315781.81","3133.75","conventional","West"
"2","695821.13","320199.4","2018-03-11 00:00:00","0.96","36356.76","1628.73","337636.24","260152.24","74963.16","2520.84","conventional","Atlanta"
"0","264778.18","77671.02","2018-03-25 00:00:00","0.96","21732.24","3272.61","162102.31","133163.77","28160.04","778.5","conventional","Columbus"
"9","570161.95","87365.29","2018-01-21 00:00:00","0.96","220100.47","46163.59","216532.6","146574.63","65171.17","4786.8","conventional","Detroit"
"7","365637.29","206007.07","2018-02-04 00:00:00","0.96","24133.66","480.95","135015.61","79274.34","55614.6","126.67","conventional","Jacksonville"
"7","5286412.87","1259113.31","2018-02-04 00:00:00","0.96","1697962.55","30102.36","2299234.65","2012145.29","280722.16","6367.2","conventional","Midsouth"
"7","678235.27","304189.26","2018-02-04 00:00:00","0.96","97949.8","4065.74","272030.47","200563.64","68207.94","3258.89","conventional","SouthCarolina"
"10","6514441.7","3135720.11","2018-01-14 00:00:00","0.96","1470455.24","34008.03","1874258.32","1368263.33","505121.44","873.55","conventional","SouthCentral"
"3","7371498.76","2676545.9","2018-03-04 00:00:00","0.96","1748192.04","118365.31","2828395.51","1432984.96","1379886.53","15524.02","conventional","West"
"5","15570.07","333.63","2016-11-20 00:00:00","0.96","5458.44","0","9778","306.09","9471.91","0","organic","CincinnatiDayton"
"48","6522.27","421.55","2016-01-24 00:00:00","0.96","2812.84","1.09","3286.79","328.21","2958.58","0","organic","Columbus"
"30","34072.77","8555.66","2016-05-29 00:00:00","0.96","1938.53","22.63","23555.95","22884.59","671.36","0","organic","Denver"
"30","28717.52","12198.1","2016-05-29 00:00:00","0.96","72.56","0","16446.86","14854.83","1592.03","0","organic","Houston"
"42","115143.8","10846.95","2016-03-06 00:00:00","0.96","27074.16","3.07","77219.62","76838.15","381.47","0","organic","LosAngeles"
"43","128489.58","10893.74","2016-02-28 00:00:00","0.96","32404.81","4.61","85186.42","84672.69","513.73","0","organic","LosAngeles"
"42","3033.63","23.01","2016-03-06 00:00:00","0.96","1555.04","0","1455.58","70","1385.58","0","organic","Louisville"
"37","81224.11","2125.86","2016-04-10 00:00:00","0.96","32426.84","0","46671.41","321.89","46349.52","0","organic","Portland"
"7","13847.12","54.93","2016-11-06 00:00:00","0.96","3558.24","0","10233.95","2179.94","8054.01","0","organic","Roanoke"
"30","9933.8","172.53","2016-05-29 00:00:00","0.96","4014.81","0","5746.46","1341.27","4405.19","0","organic","Roanoke"
"42","356224.38","35600.89","2016-03-06 00:00:00","0.96","76142.32","121.22","244359.95","97380.11","146979.84","0","organic","West"
"37","67666.31","16051.02","2017-04-16 00:00:00","0.96","2802.3","111.53","48701.46","43314.95","5386.51","0","organic","Denver"
"49","37742.57","2500.96","2017-01-22 00:00:00","0.96","4287.6","6.54","30947.47","321.1","30626.37","0","organic","Portland"
"11","433874.46","255933.32","2015-10-11 00:00:00","0.95","91047.32","599.71","86294.11","41159.96","45134.15","0","conventional","Atlanta"
"8","5830427.96","2369824.75","2015-11-01 00:00:00","0.95","2596785.28","211901.97","651915.96","626993.54","19804.69","5117.73","conventional","California"
"2","157146.19","31727.46","2015-12-13 00:00:00","0.95","62544.19","23842.95","39031.59","35793.08","3238.51","0","conventional","Charlotte"
"4","138858.86","31911.11","2015-11-29 00:00:00","0.95","53470.54","22685.8","30791.41","27376.3","3415.11","0","conventional","Charlotte"
"39","198365.16","3014.53","2015-03-29 00:00:00","0.95","122178","2448.36","70724.27","46587.15","23745.65","391.47","conventional","CincinnatiDayton"
"7","152084.79","61494.68","2015-11-08 00:00:00","0.95","35336.71","29583.9","25669.5","14899.79","6935.32","3834.39","conventional","Columbus"
"42","141281.56","56323.87","2015-03-08 00:00:00","0.95","37382.46","11404.82","36170.41","29553.3","5482.53","1134.58","conventional","Columbus"
"46","766576.39","153584.14","2015-02-08 00:00:00","0.95","466313.49","5420.92","141257.84","92800.41","48427.25","30.18","conventional","Denver"
"32","495155.82","214237.95","2015-05-17 00:00:00","0.95","98513.1","116503.88","65900.89","53494.15","591.25","11815.49","conventional","Detroit"
"15","219380.93","4113.5","2015-09-13 00:00:00","0.95","143018.46","20439.94","51809.03","43865.37","2851.68","5091.98","conventional","GrandRapids"
"43","263987.21","1355.2","2015-03-01 00:00:00","0.95","182093.72","26454.42","54083.87","47217.11","3519.09","3347.67","conventional","GrandRapids"
"51","258979.63","1097","2015-01-04 00:00:00","0.95","189348.6","22612.46","45921.57","43899.46","1097.68","924.43","conventional","GrandRapids"
"26","198267.13","5514.89","2015-06-28 00:00:00","0.95","121148.6","9267.12","62336.52","34863.23","26114.84","1358.45","conventional","Indianapolis"
"25","211960.25","132207.91","2015-07-05 00:00:00","0.95","27446","1193.27","51113.07","31922.01","19191.06","0","conventional","Jacksonville"
"27","192111.32","118742.11","2015-06-21 00:00:00","0.95","23814.65","1147.34","48407.22","26218.22","22189","0","conventional","Jacksonville"
"2","216119.35","101042.61","2015-12-13 00:00:00","0.95","68490.51","4942.71","41643.52","33834.13","7809.39","0","conventional","LasVegas"
"4","205476.61","88653.67","2015-11-29 00:00:00","0.95","81160.21","5227.59","30435.14","29475.24","959.9","0","conventional","LasVegas"
"6","247795.44","100856.23","2015-11-15 00:00:00","0.95","106817.36","4614.58","35507.27","33636.41","1870.86","0","conventional","LasVegas"
"32","279843.22","144311.49","2015-05-17 00:00:00","0.95","84178.93","3609.37","47743.43","34337.21","13406.22","0","conventional","LasVegas"
"9","2327634.45","974251.62","2015-10-25 00:00:00","0.95","925306.32","78774.2","349302.31","341731.29","3774.75","3796.27","conventional","LosAngeles"
"22","2893887.74","2052103.6","2015-07-26 00:00:00","0.95","440413.6","79478.59","321891.95","316322.88","2936.81","2632.26","conventional","LosAngeles"
"47","753300.79","566917.32","2015-02-01 00:00:00","0.95","74532.61","82.04","111768.82","48097.17","63671.65","0","conventional","MiamiFtLauderdale"
"4","119919.67","77155.36","2015-11-29 00:00:00","0.95","9407.46","5435.02","27921.83","20470.74","7440.75","10.34","conventional","Nashville"
"14","197649.58","108519","2015-09-20 00:00:00","0.95","32478.82","9286.56","47365.2","27175.41","19540.16","649.63","conventional","Nashville"
"2","407482.83","2970.12","2015-12-13 00:00:00","0.95","369076.25","116.84","35319.62","35319.62","0","0","conventional","NorthernNewEngland"
"47","489224.51","358731.15","2015-02-01 00:00:00","0.95","50048.43","180.21","80264.72","26854.75","53409.97","0","conventional","Orlando"
"42","159735.96","2148.75","2015-03-08 00:00:00","0.95","116151.4","3731.73","37704.08","19742.03","17962.05","0","conventional","Pittsburgh"
"34","644419.48","226738.24","2015-05-03 00:00:00","0.95","305964.15","16791.96","94925.13","94890.92","7.35","26.86","conventional","Portland"
"35","571442.54","238672.89","2015-04-26 00:00:00","0.95","224599.46","13860.48","94309.71","94185.46","85.32","38.93","conventional","Portland"
"7","202831.97","83635.77","2015-11-08 00:00:00","0.95","76222.46","12315.03","30658.71","29783.15","875.56","0","conventional","RichmondNorfolk"
"42","504284.16","314550.25","2015-03-08 00:00:00","0.95","127157.9","14754.16","47821.85","42719.72","5102.13","0","conventional","SanDiego"
"43","1039265.17","251296.88","2015-03-01 00:00:00","0.95","697969.61","22240.62","67758.06","66973.03","726.66","58.37","conventional","SanFrancisco"
"25","482088.56","282433.1","2015-07-05 00:00:00","0.95","71003.58","163.96","128487.92","91543.31","36939.3","5.31","conventional","Tampa"
"27","438581.5","262821.95","2015-06-21 00:00:00","0.95","58036.49","773.09","116949.97","80513.03","36436.94","0","conventional","Tampa"
"0","27297983.67","9626901.09","2015-12-27 00:00:00","0.95","10197890.05","1184340.09","6288852.44","4850404.09","1252626.31","185822.04","conventional","TotalUS"
"46","32137333.01","13308193.4","2015-02-08 00:00:00","0.95","13381347.54","737939.45","4709852.62","4022474.85","673453.54","13924.23","conventional","TotalUS"
"51","31324277.73","12357161.34","2015-01-04 00:00:00","0.95","13624083.05","844093.32","4498940.02","3585321.58","894945.63","18672.81","conventional","TotalUS"
"9","4945835.54","1574344.01","2015-10-25 00:00:00","0.95","1990844.8","134572.92","1246073.81","823727.52","420764.79","1581.5","conventional","West"
"38","5929718.67","3132031.4","2015-04-05 00:00:00","0.95","2022524.08","93055.21","682107.98","544939.22","135414.81","1753.95","conventional","West"
"43","5840742.83","2221447.89","2015-03-01 00:00:00","0.95","2822864.41","110088.02","686342.51","590705.71","95603.25","33.55","conventional","West"
"44","5939402.98","2444851.21","2015-02-22 00:00:00","0.95","2650986.14","79181.93","764383.7","587462.99","176871.66","49.05","conventional","West"
"50","5333097.71","2203111.92","2015-01-11 00:00:00","0.95","2292761.26","127412.09","709812.44","598705.08","111073.82","33.54","conventional","West"
"17","539642.66","294240.79","2016-08-28 00:00:00","0.95","42109.47","123.63","203168.77","132127.4","70394.15","647.22","conventional","Atlanta"
"33","1103888.28","75492.89","2016-05-08 00:00:00","0.95","804251.93","16818.7","207324.76","204118.09","2691.39","515.28","conventional","BaltimoreWashington"
"1","4922621.54","1575318.71","2016-12-18 00:00:00","0.95","1774200.38","90983.73","1482118.72","1313839.11","135367.97","32911.64","conventional","California"
"47","214135.89","36408.49","2016-01-31 00:00:00","0.95","108723.9","25918.83","43084.67","35669.83","7414.84","0","conventional","Charlotte"
"50","196216.36","21275.55","2016-01-10 00:00:00","0.95","94804.67","29602.84","50533.3","42015.27","8518.03","0","conventional","Charlotte"
"38","147520.15","50791.46","2016-04-03 00:00:00","0.95","28964.32","21041.99","46722.38","22994.03","21163.82","2564.53","conventional","Columbus"
"42","173825.82","49586.89","2016-03-06 00:00:00","0.95","42501.52","35277.07","46460.34","23754.04","17567.37","5138.93","conventional","Columbus"
"12","1033290.02","534106.75","2016-10-02 00:00:00","0.95","186983.98","1901.89","310297.4","301904.74","4185.65","4207.01","conventional","DallasFtWorth"
"2","764135.24","110202.78","2016-12-11 00:00:00","0.95","219903.74","11427.65","422601.07","303762.84","118838.23","0","conventional","Denver"
"39","716900.4","150919.31","2016-03-27 00:00:00","0.95","208644.01","20423.5","336913.58","47124.43","289789.15","0","conventional","Denver"
"2","333109.65","135589.71","2016-12-11 00:00:00","0.95","44003.6","5245.09","148271.25","145974.91","2039.21","257.13","conventional","Detroit"
"48","3806974.62","473647.35","2016-01-24 00:00:00","0.95","2043221.89","553447.22","736658.16","513809.98","150810.3","72037.88","conventional","GreatLakes"
"35","217736.25","12802.85","2016-04-24 00:00:00","0.95","116190.57","22243.74","66499.09","32258.42","30147.93","4092.74","conventional","Indianapolis"
"51","184669.77","5974.1","2016-01-03 00:00:00","0.95","109973.31","25839.4","42882.96","15993.65","19313.43","7575.88","conventional","Indianapolis"
"29","221144.08","124676.22","2016-06-05 00:00:00","0.95","32124.3","784.2","63559.36","19483.21","40946.71","3129.44","conventional","Jacksonville"
"45","151724.07","74835.5","2016-02-14 00:00:00","0.95","23877.54","377.48","52633.55","20566.26","32067.29","0","conventional","Jacksonville"
"50","181584.67","122360.29","2016-01-10 00:00:00","0.95","10625.3","273.06","48326.02","20677.59","27648.43","0","conventional","Jacksonville"
"15","2939704.87","1217417.81","2016-09-11 00:00:00","0.95","534763.39","49050.27","1138473.4","1065540.18","46332.57","26600.65","conventional","LosAngeles"
"25","3449361.49","1317678.72","2016-07-03 00:00:00","0.95","746045.11","107625.85","1278011.81","1147086.62","96717.6","34207.59","conventional","LosAngeles"
"40","123442.1","1893.15","2016-03-20 00:00:00","0.95","76888.63","6365.83","38294.49","12950.94","23671.52","1672.03","conventional","Louisville"
"33","3850645.65","711397.32","2016-05-08 00:00:00","0.95","2144351.44","94749.11","900147.78","768301.04","126429.41","5417.33","conventional","Midsouth"
"38","165587.67","94345.14","2016-04-03 00:00:00","0.95","19391.21","6467.38","45383.94","26413.15","18970.79","0","conventional","Nashville"
"47","173689.71","90482.99","2016-01-31 00:00:00","0.95","33297.46","8012.73","41896.53","27523.08","14373.45","0","conventional","Nashville"
"49","181360.74","98888.27","2016-01-17 00:00:00","0.95","30227.7","6427.63","45817.14","32109.79","13707.35","0","conventional","Nashville"
"28","283922.91","163474.77","2016-06-12 00:00:00","0.95","35055.89","495.77","84896.48","63204.33","9379.93","12312.22","conventional","NewOrleansMobile"
"46","2202127.86","23983.2","2016-02-07 00:00:00","0.95","1630429.86","2999.72","544715.08","502578.01","42137.07","0","conventional","NewYork"
"30","481068.52","283442.26","2016-05-29 00:00:00","0.95","82501.22","344.58","114780.46","48638.37","62353.75","3788.34","conventional","Orlando"
"33","432737.31","213997.13","2016-05-08 00:00:00","0.95","80588.36","259.09","137892.73","60411.28","77481.45","0","conventional","Orlando"
"32","2100440.16","873323.33","2016-05-15 00:00:00","0.95","621229.14","22169.92","583717.77","532964.89","44849.54","5903.34","conventional","Plains"
"35","2088524.46","887508.56","2016-04-24 00:00:00","0.95","650864.38","11773.39","538378.13","474085.79","56591.26","7701.08","conventional","Plains"
"36","2114990.64","852518.35","2016-04-17 00:00:00","0.95","756238.99","10596.68","495636.62","433889.83","52871.73","8875.06","conventional","Plains"
"40","1938247.08","793583.9","2016-03-20 00:00:00","0.95","691374.76","33666.72","419621.7","367140.06","50899.37","1582.27","conventional","Plains"
"34","283660.1","67526.83","2016-05-01 00:00:00","0.95","132271.16","6670.54","77191.57","77132.4","2.67","56.5","conventional","RichmondNorfolk"
"25","515792.87","214287.07","2016-07-03 00:00:00","0.95","125503.35","20517.76","155484.69","116583.25","38901.44","0","conventional","SouthCarolina"
"48","317032.31","145616.86","2016-01-24 00:00:00","0.95","92970.97","9676.68","68767.8","43452.47","25315.33","0","conventional","SouthCarolina"
"35","95660.52","26548.62","2016-04-24 00:00:00","0.95","21236.06","2947.93","44927.91","44270.25","630.74","26.92","conventional","Spokane"
"43","92596.44","21928.09","2016-02-28 00:00:00","0.95","19963.84","2886.03","47818.48","47750.71","29.65","38.12","conventional","Spokane"
"45","81626.44","22683.59","2016-02-14 00:00:00","0.95","21398.24","2422.28","35122.33","35052.5","53.1","16.73","conventional","Spokane"
"9","184407","90463.63","2016-10-23 00:00:00","0.95","8443.95","49","85450.42","61303.92","24146.5","0","conventional","StLouis"
"27","254402.94","68071.47","2016-06-19 00:00:00","0.95","14769.82","81.39","171480.26","139118.22","27583.68","4778.36","conventional","StLouis"
"16","560691.13","298317.39","2016-09-04 00:00:00","0.95","105769.78","79.6","156524.36","85777.72","68958.03","1788.61","conventional","Tampa"
"42","35064506.04","11824154.63","2016-03-06 00:00:00","0.95","12196587.24","1686475.33","9357288.84","7502570.03","1747903.69","106815.12","conventional","TotalUS"
"48","32787079.21","7020459","2016-01-24 00:00:00","0.95","14054367.5","1440380.36","10271872.35","7438489.6","2668368.01","165014.74","conventional","TotalUS"
"20","6596769.24","2858873.86","2016-08-07 00:00:00","0.95","1399000.87","94460.71","2244433.8","1668013.4","571941.45","4478.95","conventional","West"
"14","749931.49","471618.33","2016-09-18 00:00:00","0.95","85785.47","12899.95","179627.74","104714.47","74913.27","0","conventional","WestTexNewMexico"
"20","816529.48","500097.71","2016-08-07 00:00:00","0.95","81237.11","15436.45","219758.21","152300.82","67457.39","0","conventional","WestTexNewMexico"
"23","802834.4","449793.85","2016-07-17 00:00:00","0.95","85497.73","16431.19","251111.63","178906.87","68996.71","3208.05","conventional","WestTexNewMexico"
"0","649352.59","341061.46","2017-12-31 00:00:00","0.95","41818.27","961.18","265511.68","173990.02","88882.27","2639.39","conventional","Atlanta"
"48","627695.79","285147.95","2017-01-29 00:00:00","0.95","86150.35","219.79","256177.7","177033.34","79144.36","0","conventional","Atlanta"
"44","6342089.92","2193499.5","2017-02-26 00:00:00","0.95","2038284.77","155642.35","1954663.3","1870562.62","42309.14","41791.54","conventional","California"
"45","6194368.66","1999799.14","2017-02-19 00:00:00","0.95","2098407.09","177817.01","1918345.42","1728825.22","145454.71","44065.49","conventional","California"
"47","359702.04","95176.35","2017-02-05 00:00:00","0.95","172311.19","21721.89","70492.61","56412.26","13627.57","452.78","conventional","Charlotte"
"41","263837.93","2059.16","2017-03-19 00:00:00","0.95","71214.46","1250.96","189313.35","33907.54","155347.45","58.36","conventional","CincinnatiDayton"
"25","240071.43","94170.47","2017-07-09 00:00:00","0.95","28458.64","1949.27","115493.05","92651.49","22633.91","207.65","conventional","Columbus"
"5","898548","523362","2017-11-26 00:00:00","0.95","160636","2920","211630","130864","80717","49","conventional","DallasFtWorth"
"33","1292071.56","674072.36","2017-05-14 00:00:00","0.95","238304.7","3363.89","376330.61","372603.74","3655.59","71.28","conventional","DallasFtWorth"
"49","4696372.14","680490.86","2017-01-22 00:00:00","0.95","2241043.46","234650.47","1540187.35","1068557","455206.07","16424.28","conventional","GreatLakes"
"8","1363261.11","526090.63","2017-11-05 00:00:00","0.95","264224.32","4359.04","568587.12","428438.84","137878.28","2270","conventional","Houston"
"35","359011.13","113104.9","2017-04-30 00:00:00","0.95","65026.2","6704.04","174175.99","43597.71","130578.28","0","conventional","LasVegas"
"44","106098.37","2181.83","2017-02-26 00:00:00","0.95","59928.42","578.39","43409.73","15168.82","28234.42","6.49","conventional","Louisville"
"47","4703681.01","1220323.46","2017-02-05 00:00:00","0.95","2257429.97","108936.31","1116991.27","950345.69","161722.79","4922.79","conventional","Midsouth"
"39","281438.76","122671.42","2017-04-02 00:00:00","0.95","10966.77","86.7","147713.87","139193.03","7520.84","1000","conventional","Nashville"
"46","430096.94","242212.8","2017-02-12 00:00:00","0.95","81697.52","264.25","105922.37","48557.37","57365","0","conventional","Orlando"
"52","447083.97","166581.9","2017-01-01 00:00:00","0.95","110283.97","151.92","170066.18","61681.31","108384.87","0","conventional","Orlando"
"33","765147.43","162605.72","2017-05-14 00:00:00","0.95","154258.39","20830.86","427452.46","412487.49","14659.64","305.33","conventional","Portland"
"52","1047175.33","260100.73","2017-01-01 00:00:00","0.95","717625.67","2490.66","66958.27","60397.91","5515.08","1045.28","conventional","SanFrancisco"
"7","5627547","2730492","2017-11-12 00:00:00","0.95","1207080","27925","1662050","1146657","514869","525","conventional","SouthCentral"
"46","484658.75","244896.84","2017-02-12 00:00:00","0.95","108692.87","143.7","130925.34","64717.67","66097.95","109.72","conventional","Tampa"
"25","8389918.04","2821722.16","2017-07-09 00:00:00","0.95","1464321.92","118151.88","3985722.08","2780258.77","1200981.9","4481.41","conventional","West"
"6","654996","333777","2017-11-19 00:00:00","0.95","119338","6035","195845","73894","118062","3889","conventional","WestTexNewMexico"
"20","867284.03","479443.63","2017-08-13 00:00:00","0.95","113710.28","12037.45","262092.67","110195.24","151506.32","391.11","conventional","WestTexNewMexico"
"21","871230.15","532554.49","2017-08-06 00:00:00","0.95","121535.96","7915.35","209224.35","124742.32","84285.36","196.67","conventional","WestTexNewMexico"
"24","887639.13","473343.11","2017-07-16 00:00:00","0.95","152255.69","24289.97","237750.36","111162.35","126588.01","0","conventional","WestTexNewMexico"
"1","730449.69","323507.79","2018-03-18 00:00:00","0.95","36770","1828.28","368343.62","267740.12","97851.46","2752.04","conventional","Atlanta"
"10","1316347.07","548774.22","2018-01-14 00:00:00","0.95","292561.6","6066.33","468944.92","355573.55","113294.7","76.67","conventional","Houston"
"11","241296.05","77536.48","2018-01-07 00:00:00","0.95","52880.27","15323.48","95555.82","88828.8","6694.44","32.58","conventional","Indianapolis"
"0","306280.52","125788.54","2018-03-25 00:00:00","0.95","10713.8","334.61","169443.57","136737.44","30406.07","2300.06","conventional","Nashville"
"7","7516415.07","4492704.7","2018-02-04 00:00:00","0.95","625805.92","17920.43","2379984.02","1405622.59","963895.82","10465.61","conventional","Southeast"
"41","3340.37","25.38","2016-03-13 00:00:00","0.95","586.33","0","2728.66","96.67","2631.99","0","organic","Boise"
"47","55371","6587.57","2016-01-31 00:00:00","0.95","6336.15","40.64","42406.64","14951.47","27455.17","0","organic","Denver"
"40","19512.63","689.02","2016-03-20 00:00:00","0.95","7061.83","0","11761.78","723.33","11038.45","0","organic","Detroit"
"29","11300.16","135.15","2016-06-05 00:00:00","0.95","4707.45","240.14","6217.42","1741.4","4476.02","0","organic","RichmondNorfolk"
"47","3143.96","20.03","2017-02-05 00:00:00","0.95","321.73","0","2802.2","679.58","2122.62","0","organic","Boise"
"50","30698.94","8281.17","2017-01-15 00:00:00","0.95","13.75","0","22404.02","22397.35","6.67","0","organic","Houston"
"41","4433.03","15.67","2017-03-19 00:00:00","0.95","1395.21","0","3022.15","372.23","2649.92","0","organic","Louisville"
"11","80904.19","26114.19","2015-10-11 00:00:00","0.94","33415.88","7604.48","13769.64","13543.47","185.46","40.71","conventional","Boise"
"10","725296.29","6409.86","2015-10-18 00:00:00","0.94","627503.98","332.87","91049.58","86046.25","5003.33","0","conventional","Boston"
"1","4695737.21","1676601.43","2015-12-20 00:00:00","0.94","1543280.76","266689.82","1209165.2","1061703.58","136747.1","10714.52","conventional","California"
"5","751897.89","34868.5","2015-11-22 00:00:00","0.94","553545.31","89732.33","73751.75","73457.31","294.44","0","conventional","Chicago"
"41","196008.57","3550.62","2015-03-15 00:00:00","0.94","131234.14","3387.38","57836.43","19570.41","37402.27","863.75","conventional","CincinnatiDayton"
"45","169950.37","4399.26","2015-02-15 00:00:00","0.94","122866.03","3067.22","39617.86","21356.07","17556.58","705.21","conventional","CincinnatiDayton"
"26","159970.54","72752.84","2015-06-28 00:00:00","0.94","38877.79","12796.57","35543.34","29338.02","5683.66","521.66","conventional","Columbus"
"40","182625.49","101143.03","2015-03-22 00:00:00","0.94","40165.62","24995.65","16321.19","9158.76","2691.96","4470.47","conventional","Columbus"
"10","184806.99","3821.47","2015-10-18 00:00:00","0.94","118521.96","17329.17","45134.39","40257.54","1830.77","3046.08","conventional","GrandRapids"
"47","309471.69","1621.68","2015-02-01 00:00:00","0.94","240215.65","19211.54","48422.82","43899.75","4377.27","145.8","conventional","GrandRapids"
"11","268709.29","62866.32","2015-10-11 00:00:00","0.94","155590.5","13357.96","36894.51","33903.57","2990.94","0","conventional","LasVegas"
"34","406840.38","146068.11","2015-05-03 00:00:00","0.94","188533.85","6101.01","66137.41","37775.36","28362.05","0","conventional","LasVegas"
"47","370223.11","144461.66","2015-02-01 00:00:00","0.94","185057.29","4255.15","36449.01","35205.21","1243.8","0","conventional","LasVegas"
"20","3371114.14","2176899.72","2015-08-09 00:00:00","0.94","813280.77","69168.37","311765.28","304882.47","4251.42","2631.39","conventional","LosAngeles"
"26","2921148.91","2073077.35","2015-06-28 00:00:00","0.94","419199.06","75759.53","353112.97","336537.82","13953.67","2621.48","conventional","LosAngeles"
"41","2690257.2","1841764.25","2015-03-15 00:00:00","0.94","445562.2","70872.78","332057.97","313898.03","16220.47","1939.47","conventional","LosAngeles"
"8","159318.32","97774.21","2015-11-01 00:00:00","0.94","20102.72","5054.46","36386.93","24437.2","11949.73","0","conventional","Nashville"
"46","171749.31","125785.83","2015-02-08 00:00:00","0.94","8119.73","9717.73","28126.02","25896.73","2229.29","0","conventional","Nashville"
"47","221471.45","160834.57","2015-02-01 00:00:00","0.94","13445.84","17578.18","29612.86","23898.35","5714.51","0","conventional","Nashville"
"3","185395.2","117854.69","2015-12-06 00:00:00","0.94","21553.04","325","45662.47","41822.8","3839.67","0","conventional","NewOrleansMobile"
"5","192074.98","112638.84","2015-11-22 00:00:00","0.94","18822.53","388.83","60224.78","53791.54","6426.96","6.28","conventional","NewOrleansMobile"
"48","271448.06","188798.96","2015-01-25 00:00:00","0.94","12771.98","352.52","69524.6","66085.94","3438.66","0","conventional","NewOrleansMobile"
"51","222751.51","148384.22","2015-01-04 00:00:00","0.94","14085.72","218.63","60062.94","54422.22","5640.72","0","conventional","NewOrleansMobile"
"14","566385.9","121425.14","2015-09-20 00:00:00","0.94","291367.4","12831.81","140761.55","140535.44","58.92","167.19","conventional","Portland"
"43","598755.26","138994.95","2015-03-01 00:00:00","0.94","359783.57","16252.3","83724.44","79396.05","4310.94","17.45","conventional","Portland"
"6","198934.23","57421.46","2015-11-15 00:00:00","0.94","101470.66","9940.86","30101.25","29466.63","634.62","0","conventional","RichmondNorfolk"
"6","414161.47","100343.08","2015-11-15 00:00:00","0.94","262929.38","11181.91","39707.1","39707.1","0","0","conventional","Sacramento"
"1","420476.44","130565.46","2015-12-20 00:00:00","0.94","119298.5","25052.93","145559.55","111019.22","34540.33","0","conventional","SanDiego"
"27","594488.41","368402.91","2015-06-21 00:00:00","0.94","163855.72","16575.72","45654.06","41075.95","4578.11","0","conventional","SanDiego"
"45","486113.55","303637.72","2015-02-15 00:00:00","0.94","127874.99","15333.5","39267.34","33642.66","5425.61","199.07","conventional","SanDiego"
"51","461607.33","244152.26","2015-01-04 00:00:00","0.94","165299.33","15302.75","36852.99","30884.29","5595","373.7","conventional","SanDiego"
"11","88580.07","11289.75","2015-10-11 00:00:00","0.94","56878.37","1932.9","18479.05","18479.05","0","0","conventional","Spokane"
"33","6323724.8","3050014.63","2015-05-10 00:00:00","0.94","2260890.88","115290.95","897528.34","678316.72","218968.93","242.69","conventional","West"
"41","5572582.45","3034104.48","2015-03-15 00:00:00","0.94","1829868.35","85831.16","622778.46","535269.21","87496.38","12.87","conventional","West"
"48","5461313.9","2695157.56","2015-01-25 00:00:00","0.94","2031937.97","71550.57","662667.8","521877.7","140735.66","54.44","conventional","West"
"1","463483.07","191753.03","2016-12-18 00:00:00","0.94","80565.05","283.15","190881.84","114872.09","76009.75","0","conventional","Atlanta"
"18","549139.07","293240.47","2016-08-21 00:00:00","0.94","48349.86","82.91","207465.83","160464.82","47001.01","0","conventional","Atlanta"
"40","83080.73","41756.47","2016-03-20 00:00:00","0.94","2697.57","9201.19","29425.5","29351.66","62.69","11.15","conventional","Boise"
"45","78070.34","38043.2","2016-02-14 00:00:00","0.94","5302.57","6617.29","28107.28","28012.67","85.14","9.47","conventional","Boise"
"47","83755.38","36196.35","2016-01-31 00:00:00","0.94","4791.21","8440.95","34326.87","33947.26","46.78","332.83","conventional","Boise"
"0","5414937.46","1579234.89","2016-12-25 00:00:00","0.94","2192460.84","99997.75","1543243.98","1405419.8","99069.58","38754.6","conventional","California"
"29","7365675.31","2921963.17","2016-06-05 00:00:00","0.94","2131717.34","373358.37","1938636.43","1739147.58","171241.77","28247.08","conventional","California"
"37","6509000.56","2248561.59","2016-04-10 00:00:00","0.94","1958358.83","358015.82","1944064.32","1740557.05","183825.53","19681.74","conventional","California"
"34","233581","4132.98","2016-05-01 00:00:00","0.94","156007.26","9601.89","63838.87","17965.35","44324","1549.52","conventional","CincinnatiDayton"
"35","218247.37","4307.62","2016-04-24 00:00:00","0.94","141433.59","9484.48","63021.68","19112.22","41934.57","1974.89","conventional","CincinnatiDayton"
"47","203005.7","3261.74","2016-01-31 00:00:00","0.94","133276.52","12917.42","53550.02","16807.25","33496.41","3246.36","conventional","CincinnatiDayton"
"25","234975.32","118888.22","2016-07-03 00:00:00","0.94","38361.79","6699.07","71026.24","62163.78","4656.27","4206.19","conventional","Columbus"
"22","1188812.12","651630.85","2016-07-24 00:00:00","0.94","228112.66","4388.77","304679.84","281847.87","14107.32","8724.65","conventional","DallasFtWorth"
"48","489584.58","154051.35","2016-01-24 00:00:00","0.94","95837.97","151279.99","88415.27","58403.04","4513.96","25498.27","conventional","Detroit"
"46","290555.59","3935.71","2016-02-07 00:00:00","0.94","205006.57","43866.57","37746.74","23628.97","2405.92","11711.85","conventional","GrandRapids"
"48","260598.64","2407.36","2016-01-24 00:00:00","0.94","195585.66","16377.2","46228.42","38643.51","2467.54","5117.37","conventional","GrandRapids"
"33","4460481.53","610996.39","2016-05-08 00:00:00","0.94","2239470.6","471428.29","1138586.25","768004.44","312684.34","57897.47","conventional","GreatLakes"
"34","3801508.26","573869.79","2016-05-01 00:00:00","0.94","1927106.29","320732.21","979799.97","746942.08","208595.67","24262.22","conventional","GreatLakes"
"16","239246.03","128269.25","2016-09-04 00:00:00","0.94","34369.64","158.3","76448.84","29049.1","47399.74","0","conventional","Jacksonville"
"27","226775.36","115507.75","2016-06-19 00:00:00","0.94","41557.3","1508.69","68201.62","23712.12","39989.5","4500","conventional","Jacksonville"
"26","352406.76","130217.49","2016-06-26 00:00:00","0.94","74316.76","12079.13","135793.38","88463.16","47330.22","0","conventional","LasVegas"
"28","348022.24","146589.28","2016-06-12 00:00:00","0.94","75379.07","18141.91","107911.98","62277.55","45519.15","115.28","conventional","LasVegas"
"43","102196.72","2152.34","2016-02-28 00:00:00","0.94","63256.87","5795.78","30991.73","11801.35","17869.01","1321.37","conventional","Louisville"
"44","182025.3","101831.21","2016-02-21 00:00:00","0.94","25448.04","9518.87","45227.18","33528.15","11699.03","0","conventional","Nashville"
"0","225497.02","117054.55","2016-12-25 00:00:00","0.94","23166.27","258.6","85017.6","59964.43","19594.84","5458.33","conventional","NewOrleansMobile"
"16","324151.3","172989.33","2016-09-04 00:00:00","0.94","65043.94","274.9","85843.13","63878.78","12704.35","9260","conventional","NewOrleansMobile"
"39","263581.97","138523.24","2016-03-27 00:00:00","0.94","31627.14","1281.63","92149.96","79866.18","12283.78","0","conventional","NewOrleansMobile"
"40","273647.06","148492.54","2016-03-20 00:00:00","0.94","30606.51","1534.28","93013.73","77772.96","15240.77","0","conventional","NewOrleansMobile"
"0","359005.75","131616.46","2016-12-25 00:00:00","0.94","81351.13","133.41","145904.75","65955.63","79804.68","144.44","conventional","Orlando"
"6","911367.38","437810.54","2016-11-13 00:00:00","0.94","189026.34","15106.03","269424.47","106369.01","163055.46","0","conventional","PhoenixTucson"
"22","922526.29","423672.75","2016-07-24 00:00:00","0.94","201696.43","12392.31","284764.8","144445.97","139836.89","481.94","conventional","PhoenixTucson"
"31","2248726.67","1062580.2","2016-05-22 00:00:00","0.94","619172.75","10708.07","556265.65","502964.37","43241.43","10059.85","conventional","Plains"
"51","2171818.57","999388.89","2016-01-03 00:00:00","0.94","840637.85","19331.34","312460.49","291734.88","19418.04","1307.57","conventional","Plains"
"0","525930.72","104032.21","2016-12-25 00:00:00","0.94","135602.68","13342.22","272953.61","272606.5","44.46","302.65","conventional","Portland"
"14","603235.38","125312.43","2016-09-18 00:00:00","0.94","146731.4","13568.76","317622.79","302546.28","14940.66","135.85","conventional","Portland"
"40","556500.49","89989.82","2016-03-20 00:00:00","0.94","177624.19","17767.12","271119.36","269468.42","1435.24","215.7","conventional","Portland"
"32","141716.2","41009.19","2016-05-15 00:00:00","0.94","55894.53","199.99","44612.49","42432.85","2073.58","106.06","conventional","Roanoke"
"18","578630.39","227977.89","2016-08-21 00:00:00","0.94","127819.4","13817.35","209015.75","194536.98","14380.16","98.61","conventional","SanDiego"
"41","712808.08","71766.68","2016-03-13 00:00:00","0.94","189254.12","10517.64","441269.64","440777.16","139.46","353.02","conventional","Seattle"
"49","788935.31","155213.14","2016-01-17 00:00:00","0.94","203618.21","8794.85","421309.11","418854.59","2393.53","60.99","conventional","Seattle"
"29","416168.39","186493.48","2016-06-05 00:00:00","0.94","103324.3","16909.95","109440.66","66829.1","37354.89","5256.67","conventional","SouthCarolina"
"19","5385035.37","3062124.27","2016-08-14 00:00:00","0.94","1103047.73","21617.07","1198246.3","1034294.77","157809.8","6141.73","conventional","SouthCentral"
"23","5449441.63","2950117.14","2016-07-17 00:00:00","0.94","1052370.81","44558.77","1402394.91","1297883.28","87850.35","16661.28","conventional","SouthCentral"
"48","3898235.29","1193349.63","2016-01-24 00:00:00","0.94","1530143.69","245808.96","928933.01","705848.56","159609.68","63474.77","conventional","SouthCentral"
"0","3722102.33","1449893.5","2016-12-25 00:00:00","0.94","760830.39","5643.49","1505734.95","736767.31","767155.7","1811.94","conventional","Southeast"
"27","4665536.74","2441553.39","2016-06-19 00:00:00","0.94","936051.48","30691.31","1257240.56","699685.23","498428.66","59126.67","conventional","Southeast"
"22","255732.97","75714.25","2016-07-24 00:00:00","0.94","23532.47","439.63","156046.62","132587.08","11498.2","11961.34","conventional","StLouis"
"38","179484.73","57658.37","2016-04-03 00:00:00","0.94","7307.41","15.21","114503.74","82978.09","31523.48","2.17","conventional","StLouis"
"30","40019075.24","13682611.21","2016-05-29 00:00:00","0.94","13829591.06","1583495.93","10923377.04","8085657.41","2657598.78","180120.85","conventional","TotalUS"
"38","33668450.55","11320969.79","2016-04-03 00:00:00","0.94","11512621.85","1731910.48","9102948.43","6830380.18","2213379.44","59188.81","conventional","TotalUS"
"39","35930195.92","11249198.4","2016-03-27 00:00:00","0.94","12745266.73","1880231.38","10055499.41","7745105.36","2228007.91","82386.14","conventional","TotalUS"
"44","32804733.22","10015825.13","2016-02-21 00:00:00","0.94","12003751.56","1375260.47","9409896.06","7213492.61","2150749.43","45654.02","conventional","TotalUS"
"49","34426341.87","10036597.84","2016-01-17 00:00:00","0.94","13832256.04","1419405.62","9138082.37","6846324.06","2228420.91","63337.4","conventional","TotalUS"
"45","107721.63","33444.06","2017-02-19 00:00:00","0.94","7191.92","9936.27","57149.38","45026.93","11989.28","133.17","conventional","Boise"
"6","958421","561075","2017-11-19 00:00:00","0.94","167540","3568","226238","137522","88658","57","conventional","DallasFtWorth"
"41","1153699.28","591093.13","2017-03-19 00:00:00","0.94","237495.22","10579.85","314531.08","311549.13","2865.9","116.05","conventional","DallasFtWorth"
"0","938481.85","127052.75","2017-12-31 00:00:00","0.94","355322.2","8950.91","447155.99","62602.48","384553.51","0","conventional","Denver"
"45","179250.21","12336.44","2017-02-19 00:00:00","0.94","74485.41","1362.8","91065.56","42818.68","48242.38","4.5","conventional","Indianapolis"
"34","468975.91","160728.38","2017-05-07 00:00:00","0.94","76426.47","7876.55","223944.51","50093.71","173850.8","0","conventional","LasVegas"
"33","3551402.91","1376168.79","2017-05-14 00:00:00","0.94","430527.04","88215.9","1656491.18","1602634.76","674.27","53182.15","conventional","LosAngeles"
"45","94778.79","1979.99","2017-02-19 00:00:00","0.94","41851.86","159.04","50787.9","13809.65","36841.43","136.82","conventional","Louisville"
"48","116309.9","2082.57","2017-01-29 00:00:00","0.94","55703.27","217.7","58306.36","17307.09","40985.94","13.33","conventional","Louisville"
"49","127597.75","2407.87","2017-01-22 00:00:00","0.94","66870.27","714.26","57605.35","18678.36","38926.99","0","conventional","Louisville"
"21","974933.36","493642.98","2017-08-06 00:00:00","0.94","198503.76","11502.53","271284.09","166106.57","101493.08","3684.44","conventional","PhoenixTucson"
"46","2097983.48","1041604.45","2017-02-12 00:00:00","0.94","490947.03","23556.8","541875.2","466641.32","53465.68","21768.2","conventional","Plains"
"49","1089513.11","297208.6","2017-01-22 00:00:00","0.94","722757.78","5364.85","64181.88","59393.11","3290.16","1498.61","conventional","SanFrancisco"
"43","803073.94","125507.2","2017-03-05 00:00:00","0.94","199518.76","773.03","477274.95","295803.25","180388.07","1083.63","conventional","Seattle"
"32","6084796.99","3262539.84","2017-05-21 00:00:00","0.94","1043850.3","20820.97","1757585.88","1269469.83","460424.96","27691.09","conventional","SouthCentral"
"41","5498742.96","3186678.9","2017-03-19 00:00:00","0.94","1033840.6","65215.62","1213007.84","1165809.84","31725.57","15472.43","conventional","SouthCentral"
"52","4655896.95","1826477.14","2017-01-01 00:00:00","0.94","1085898.73","9296.67","1734224.41","731587.7","1000752.82","1883.89","conventional","Southeast"
"0","98086.34","30325.05","2017-12-31 00:00:00","0.94","36245.2","501.63","31014.46","24405.56","6544.94","63.96","conventional","Spokane"
"49","42140393.39","14254150.46","2017-01-22 00:00:00","0.94","14212881.66","908616.41","12764744.86","9462853.82","3231019.56","70871.48","conventional","TotalUS"
"0","6330634.55","1789024.92","2017-12-31 00:00:00","0.94","2089553.44","91527.19","2360529","1117482.22","1235496.72","7550.06","conventional","West"
"34","8545908.75","3444218.04","2017-05-07 00:00:00","0.94","1721747.13","140174.32","3239769.26","2148672.62","1085028.72","6067.92","conventional","West"
"42","7040683.56","2392258.48","2017-03-12 00:00:00","0.94","1230878.83","143967.04","3273579.21","2340076.3","928524.91","4978","conventional","West"
"8","791515.45","381629.56","2017-11-05 00:00:00","0.94","199062.24","8891.13","201932.52","62748.05","139154.47","30","conventional","WestTexNewMexico"
"2","304701.2","136420.81","2018-03-11 00:00:00","0.94","11461.07","366.73","156452.59","129994.08","24769.62","1688.89","conventional","Nashville"
"2","897607.12","467501.55","2018-03-11 00:00:00","0.94","154130.63","11380.26","264594.68","152380.6","110322.16","1891.92","conventional","WestTexNewMexico"
"35","15271.18","275.96","2015-04-26 00:00:00","0.94","10599.98","0","4395.24","1243.33","3151.91","0","organic","Roanoke"
"37","40527.1","5150.05","2016-04-10 00:00:00","0.94","1545","25.72","33806.33","26493.27","7313.06","0","organic","Denver"
"6","4559.57","0","2016-11-13 00:00:00","0.94","1210.46","0","3349.11","410.56","2938.55","0","organic","Louisville"
"33","16049.96","812.45","2016-05-08 00:00:00","0.94","4914.71","0","10322.8","1743.56","8579.24","0","organic","Nashville"
"40","9084.56","233.87","2016-03-20 00:00:00","0.94","2971.4","0","5879.29","1031.73","4847.56","0","organic","Roanoke"
"49","11258.65","627.36","2017-01-22 00:00:00","0.94","2305.21","0","8326.08","2082.68","6243.4","0","organic","Columbus"
"43","62976.43","23363.47","2017-03-05 00:00:00","0.94","3586.2","23.18","36003.58","34708.32","1295.26","0","organic","Denver"
"44","253169.88","4551.23","2017-02-26 00:00:00","0.94","80014.82","0","168603.83","31222.06","137381.77","0","organic","GreatLakes"
"49","35076.15","8152.04","2017-01-22 00:00:00","0.94","748.06","0","26176.05","26176.05","0","0","organic","Houston"
"45","10024.18","231.37","2017-02-19 00:00:00","0.94","2672.7","0","7120.11","1894.37","5225.74","0","organic","Roanoke"
"2","118220.22","794.7","2015-12-13 00:00:00","0.93","109149.67","130.5","8145.35","8042.21","103.14","0","conventional","Albany"
"14","516432.6","346118.51","2015-09-20 00:00:00","0.93","82762.72","1349.41","86201.96","33698.43","52442.25","61.28","conventional","Atlanta"
"33","6650357.96","4085858.78","2015-05-10 00:00:00","0.93","1735132.32","194575.97","634790.89","613601.09","18366.27","2823.53","conventional","California"
"51","5777334.9","2843648.26","2015-01-04 00:00:00","0.93","2267755.26","137479.64","528451.74","477193.38","47882.56","3375.8","conventional","California"
"0","661137.13","42799","2015-12-27 00:00:00","0.93","445218.79","78378.25","94741.09","83066.75","1617.67","10056.67","conventional","Chicago"
"8","254760.33","2998.18","2015-11-01 00:00:00","0.93","166867.82","13267.88","71626.45","14831.2","53584.84","3210.41","conventional","CincinnatiDayton"
"12","235243.88","2132.57","2015-10-04 00:00:00","0.93","157237.69","11767.9","64105.72","16488.06","45980.45","1637.21","conventional","CincinnatiDayton"
"44","183072.02","4431.56","2015-02-22 00:00:00","0.93","134258.95","3240.16","41141.35","18685.14","21703.66","752.55","conventional","CincinnatiDayton"
"46","186617.2","4246.12","2015-02-08 00:00:00","0.93","140926.77","4185.64","37258.67","17773.67","18571.14","913.86","conventional","CincinnatiDayton"
"48","213554.45","3617.45","2015-01-25 00:00:00","0.93","162644.69","656.23","46636.08","20650.03","25970.02","16.03","conventional","CincinnatiDayton"
"49","175681.09","3333.29","2015-01-18 00:00:00","0.93","128858.15","1086.61","42403.04","24024.17","18264.75","114.12","conventional","CincinnatiDayton"
"12","134326.53","53606.35","2015-10-04 00:00:00","0.93","38396.06","23069.29","19254.83","14952.36","2202.87","2099.6","conventional","Columbus"
"7","690633.88","113964.9","2015-11-08 00:00:00","0.93","354454.62","12294","209920.36","39635.83","170279.53","5","conventional","Denver"
"9","735206.51","106239.17","2015-10-25 00:00:00","0.93","393920.63","11222","223824.71","39914.62","183910.09","0","conventional","Denver"
"47","990211.57","217715.85","2015-02-01 00:00:00","0.93","608156.34","5736.45","158602.93","90555.95","68006.59","40.39","conventional","Denver"
"3","217174.66","4026.57","2015-12-06 00:00:00","0.93","165454.45","15635.86","32057.78","26570.4","1560.59","3926.79","conventional","GrandRapids"
"7","198257.69","3970.87","2015-11-08 00:00:00","0.93","149876.75","7556.57","36853.5","34956.27","1819.27","77.96","conventional","GrandRapids"
"36","310672.4","5547.29","2015-04-19 00:00:00","0.93","217323.81","15023.71","72777.59","68697.84","3761.98","317.77","conventional","GrandRapids"
"10","264223.22","27640.26","2015-10-18 00:00:00","0.93","186372.86","408.03","49802.07","48878.61","923.46","0","conventional","HarrisburgScranton"
"10","407866.27","4980.03","2015-10-18 00:00:00","0.93","357183.34","594.12","45108.78","42004.56","3104.22","0","conventional","HartfordSpringfield"
"50","274481.48","126092.05","2015-01-11 00:00:00","0.93","101653.19","9591.88","37144.36","36874.44","269.92","0","conventional","LasVegas"
"19","2943218.77","2040657.52","2015-08-16 00:00:00","0.93","516718.52","79890.52","305952.21","301831.12","760.09","3361","conventional","LosAngeles"
"36","2901188.07","2029025.26","2015-04-19 00:00:00","0.93","487491.5","58423.48","326247.83","279355.95","45364.01","1527.87","conventional","LosAngeles"
"37","2799667.4","1818859.19","2015-04-12 00:00:00","0.93","579426.16","64716.4","336665.65","284383.05","50472.61","1809.99","conventional","LosAngeles"
"7","86929.62","2052.89","2015-11-08 00:00:00","0.93","52494.09","6709.02","25673.62","10817.81","12978.02","1877.79","conventional","Louisville"
"21","91136.65","2141.86","2015-08-02 00:00:00","0.93","59505.29","3666.88","25822.62","11522.64","13604.5","695.48","conventional","Louisville"
"27","293734.93","182416.44","2015-06-21 00:00:00","0.93","8803.83","7161.74","95352.92","86878.25","8474.67","0","conventional","NewOrleansMobile"
"34","308655.6","204609.56","2015-05-03 00:00:00","0.93","13133.92","299.55","90612.57","81127.8","9484.77","0","conventional","NewOrleansMobile"
"36","263486.63","172951.25","2015-04-19 00:00:00","0.93","12171.55","373.11","77990.72","74117.3","3873.42","0","conventional","NewOrleansMobile"
"46","242065.29","169656.18","2015-02-08 00:00:00","0.93","8648.32","202.67","63558.12","61345.53","2212.59","0","conventional","NewOrleansMobile"
"7","123489.29","1423.35","2015-11-08 00:00:00","0.93","85217.83","2313.9","34534.21","13430.34","21103.87","0","conventional","Pittsburgh"
"2","429103.52","94577.23","2015-12-13 00:00:00","0.93","162734.28","12487.18","159304.83","159009.01","109.68","186.14","conventional","Portland"
"11","492276.73","202263.25","2015-10-11 00:00:00","0.93","234833.71","17638.39","37541.38","35490.61","2050.77","0","conventional","SanDiego"
"13","491990.83","194526.22","2015-09-27 00:00:00","0.93","245815.73","14807.56","36841.32","34448.65","2392.67","0","conventional","SanDiego"
"6","643402.84","146061.83","2015-11-15 00:00:00","0.93","213666.13","9650.82","274024.06","273223.43","0","800.63","conventional","Seattle"
"47","4924049.79","3656338.95","2015-02-01 00:00:00","0.93","451194.73","40258.76","776257.35","359145.48","417111.87","0","conventional","Southeast"
"2","28041335.38","9855053.66","2015-12-13 00:00:00","0.93","10805838.91","1016163.17","6364279.64","4964462.13","1371440.28","28377.23","conventional","TotalUS"
"16","5900751.95","2682938.17","2015-09-06 00:00:00","0.93","2086229.79","124722.73","1006861.26","696240.23","310568.88","52.15","conventional","West"
"27","6478952.08","3062753.54","2015-06-21 00:00:00","0.93","2299962.02","138621.26","977615.26","807805.78","167640.78","2168.7","conventional","West"
"30","5874982.36","3094129.71","2015-05-31 00:00:00","0.93","1835735","129139.05","815978.6","665541.84","150400.52","36.24","conventional","West"
"31","6139159.81","3206247.81","2015-05-24 00:00:00","0.93","2036656.12","120398.95","775856.93","678849.33","96785.62","221.98","conventional","West"
"39","5719898.26","2978534.92","2015-03-29 00:00:00","0.93","2012384.12","89701.26","639277.96","508576.86","130691.45","9.65","conventional","West"
"50","558348.8","377244.81","2016-01-10 00:00:00","0.93","67316.04","464.46","113323.49","54693.05","58630.44","0","conventional","Atlanta"
"19","88787.27","43525.98","2016-08-14 00:00:00","0.93","1959.35","6569.03","36732.91","36020.5","671.26","41.15","conventional","Boise"
"50","89880.9","31802.36","2016-01-10 00:00:00","0.93","8347.01","9065.03","40666.5","40584.43","16.94","65.13","conventional","Boise"
"36","6397813.48","2370403.05","2016-04-17 00:00:00","0.93","1875909.98","382295.13","1769205.32","1659337.91","88790.8","21076.61","conventional","California"
"38","6060843.76","1805555.95","2016-04-03 00:00:00","0.93","2247248.19","334735.17","1673304.45","1454479.46","201547.46","17277.53","conventional","California"
"39","6603707.93","1935666.12","2016-03-27 00:00:00","0.93","2149391.86","311356.91","2207293.04","1926353.76","259874.87","21064.41","conventional","California"
"51","1009667.15","77301.31","2016-01-03 00:00:00","0.93","656386.69","162054.24","113924.91","80769.55","21615.36","11540","conventional","Chicago"
"36","228211.44","3369.9","2016-04-17 00:00:00","0.93","141000.09","25464.3","58377.15","16055.57","36551.04","5770.54","conventional","CincinnatiDayton"
"30","201747.62","95063.05","2016-05-29 00:00:00","0.93","36787.21","7985.33","61912.03","53230.25","6885.94","1795.84","conventional","Columbus"
"11","1162334.53","546920.62","2016-10-09 00:00:00","0.93","283336.68","5584.96","326492.27","322925.72","2677.15","889.4","conventional","DallasFtWorth"
"35","661913.55","132550.99","2016-04-24 00:00:00","0.93","225788.65","11418.75","292155.16","89444.44","200703.78","2006.94","conventional","Denver"
"29","310903.8","1814.45","2016-06-05 00:00:00","0.93","218134.77","6825.69","84128.89","76847.62","6582.54","698.73","conventional","GrandRapids"
"33","228601.39","17356.36","2016-05-08 00:00:00","0.93","106300.33","18838.87","86105.83","54973.21","27766.71","3365.91","conventional","Indianapolis"
"48","168035.39","1803.73","2016-01-24 00:00:00","0.93","93613.73","23023.47","49594.46","23374.52","21450.63","4769.31","conventional","Indianapolis"
"25","272150.68","137102.4","2016-07-03 00:00:00","0.93","48698.98","1134.71","85214.59","37396.58","41823.01","5995","conventional","Jacksonville"
"48","192194.31","116713.78","2016-01-24 00:00:00","0.93","18557.48","473.07","56449.98","27533.11","28916.87","0","conventional","Jacksonville"
"31","318913.34","122331.83","2016-05-22 00:00:00","0.93","89286.71","15173.34","92121.46","37169.82","54951.64","0","conventional","LasVegas"
"18","3086167.04","1264167.99","2016-08-21 00:00:00","0.93","480926.04","57962.68","1283110.33","1204789.47","43207.72","35113.14","conventional","LosAngeles"
"24","3293224.51","1217453.35","2016-07-10 00:00:00","0.93","678995.34","81637.45","1315138.37","1201242.48","85231.86","28664.03","conventional","LosAngeles"
"35","92553.22","2116.01","2016-04-24 00:00:00","0.93","55939.9","3819.11","30678.2","14568.44","15363.33","746.43","conventional","Louisville"
"0","166486.05","63236.61","2016-12-25 00:00:00","0.93","18070.01","66.44","85112.99","67429.01","16683.98","1000","conventional","Nashville"
"39","171568.47","98386.62","2016-03-27 00:00:00","0.93","20112.88","6373.68","46695.29","33537.98","13157.31","0","conventional","Nashville"
"40","179305.81","100108.05","2016-03-20 00:00:00","0.93","21586.77","6535.06","51075.93","35369.01","15704.4","2.52","conventional","Nashville"
"25","360419.86","194809.44","2016-07-03 00:00:00","0.93","44367.9","320.72","120921.8","98981.79","15078.34","6861.67","conventional","NewOrleansMobile"
"25","553640.36","277838.49","2016-07-03 00:00:00","0.93","118092.73","278.53","157430.61","87341.32","50692.9","19396.39","conventional","Orlando"
"48","399751.64","234746.69","2016-01-24 00:00:00","0.93","54289.25","325.53","110390.17","54036.83","56341.94","11.4","conventional","Orlando"
"29","2330438.23","1242318.2","2016-06-05 00:00:00","0.93","518978.73","10390.99","558750.31","505801.45","28530.38","24418.48","conventional","Plains"
"1","522499.15","103822.87","2016-12-18 00:00:00","0.93","135172.07","11774.35","271729.86","270658.02","907.04","164.8","conventional","Portland"
"23","612572.73","138377.47","2016-07-17 00:00:00","0.93","140619.34","16322.19","317253.73","316116.69","946.32","190.72","conventional","Portland"
"30","162618.02","51556.28","2016-05-29 00:00:00","0.93","52308.5","199.58","58553.66","56109.34","1204.88","1239.44","conventional","Roanoke"
"36","150910","38226.66","2016-04-17 00:00:00","0.93","59221.75","100.98","53360.61","51084.2","2273.38","3.03","conventional","Roanoke"
"37","133381.56","41262.76","2016-04-10 00:00:00","0.93","31989.81","135.52","59993.47","58125.32","1834.92","33.23","conventional","Roanoke"
"51","918798.74","204501.46","2016-01-03 00:00:00","0.93","593429.62","32339.95","88527.71","88155.48","372.23","0","conventional","SanFrancisco"
"37","728447.49","125383.51","2016-04-10 00:00:00","0.93","228654.14","9317.8","365092.04","363375.18","150.02","1566.84","conventional","Seattle"
"35","420066.9","151185.27","2016-04-24 00:00:00","0.93","146951.42","6258.02","115672.19","61890.01","53782.18","0","conventional","SouthCarolina"
"43","387740.23","178406.7","2016-02-28 00:00:00","0.93","112748.39","7038.97","89546.17","53432.55","36113.62","0","conventional","SouthCarolina"
"4","4064847.35","2342116.27","2016-11-27 00:00:00","0.93","747938.85","14619.93","960172.3","817184.54","133945.12","9042.64","conventional","SouthCentral"
"20","5647940.41","3263106.78","2016-08-07 00:00:00","0.93","1162455.32","24523.4","1197854.91","1035007.77","149412.38","13434.76","conventional","SouthCentral"
"50","4132191.54","2536173.86","2016-01-10 00:00:00","0.93","558424.29","17017.65","1020575.74","489927.14","530648.6","0","conventional","Southeast"
"41","94531.04","22599.69","2016-03-13 00:00:00","0.93","17655.73","3141.33","51134.29","51069.86","0","64.43","conventional","Spokane"
"0","445441.47","157380.83","2016-12-25 00:00:00","0.93","104316.6","63.53","183680.51","87877.06","95803.45","0","conventional","Tampa"
"1","412891.05","132947.11","2016-12-18 00:00:00","0.93","102323.35","48.96","177571.63","77777.03","99658.49","136.11","conventional","Tampa"
"25","613097.67","288161.65","2016-07-03 00:00:00","0.93","142383.7","71.82","182480.5","116195.87","50307.96","15976.67","conventional","Tampa"
"31","36958035.51","11711999.81","2016-05-22 00:00:00","0.93","12981224.42","1640829.4","10623981.88","7835766.14","2563223.75","224991.99","conventional","TotalUS"
"40","36335483.78","11134390.98","2016-03-20 00:00:00","0.93","13727453.57","1773088.87","9700550.36","7248857.68","2374053.89","77638.79","conventional","TotalUS"
"41","36374516.14","11661687.44","2016-03-13 00:00:00","0.93","13104887.66","1800065.57","9807875.47","7231162.6","2521123.87","55589","conventional","TotalUS"
"47","34721249.92","11098088.49","2016-01-31 00:00:00","0.93","13278053.61","1643703.17","8701404.65","6684515.27","1823889.58","192999.8","conventional","TotalUS"
"50","35264336.01","11441286.89","2016-01-10 00:00:00","0.93","13226088.66","1282612.91","9314347.55","6735384.32","2528089.14","50874.09","conventional","TotalUS"
"3","5919532.49","2142009.81","2016-12-04 00:00:00","0.93","1164205.54","81114.6","2532202.54","1534025.06","992335.68","5841.8","conventional","West"
"18","6290164.89","2887138.23","2016-08-21 00:00:00","0.93","1153539.96","91408.86","2158077.84","1621159.84","535021.55","1896.45","conventional","West"
"17","789223.6","472159.48","2016-08-28 00:00:00","0.93","93803.41","12234.07","211026.64","134565.14","76391.5","70","conventional","WestTexNewMexico"
"19","798986.84","449883.2","2016-08-14 00:00:00","0.93","89651.56","15309.45","244142.63","159059.48","85083.15","0","conventional","WestTexNewMexico"
"52","547565.88","224073.54","2017-01-01 00:00:00","0.93","118926.37","337.48","204228.49","111599.58","92628.91","0","conventional","Atlanta"
"48","105132.82","35677.85","2017-01-29 00:00:00","0.93","6532.78","9559.2","53362.99","36294.3","17043.36","25.33","conventional","Boise"
"0","7132711.23","2280934.17","2017-12-31 00:00:00","0.93","3201737.11","111845.09","1538194.86","1461095.1","20553.6","56546.16","conventional","California"
"50","6656554.36","2075029.62","2017-01-15 00:00:00","0.93","2450277.12","95137.62","2036110","1910596.03","99912.91","25601.06","conventional","California"
"0","346356.5","60766.53","2017-12-31 00:00:00","0.93","108930.41","6349.26","170310.3","162934.08","7369.55","6.67","conventional","Charlotte"
"0","1182647.5","144034.24","2017-12-31 00:00:00","0.93","845964.7","120869.17","71779.39","63314.15","8409.9","55.34","conventional","Chicago"
"34","276421.87","126893.08","2017-05-07 00:00:00","0.93","33865.9","2805.82","112857.07","104277.21","8431.9","147.96","conventional","Columbus"
"30","1325912.38","712765.48","2017-06-04 00:00:00","0.93","227992.9","2256.17","382897.83","379395.1","3347.36","155.37","conventional","DallasFtWorth"
"31","1386906.1","747618.37","2017-05-28 00:00:00","0.93","269246.45","3945.62","366095.66","363230.91","2841.14","23.61","conventional","DallasFtWorth"
"43","1105083.35","558906.77","2017-03-05 00:00:00","0.93","208324.3","39374.94","298477.34","296356.28","2050.51","70.55","conventional","DallasFtWorth"
"7","432903","163957","2017-11-12 00:00:00","0.93","42219","8156","218572","185753","32216","602","conventional","Detroit"
"34","290014.77","22284.54","2017-05-07 00:00:00","0.93","116928.39","2348.18","148453.66","50838.55","97497.22","117.89","conventional","Indianapolis"
"49","204570.78","13553.31","2017-01-22 00:00:00","0.93","92880.57","3909.4","94227.5","47552.12","46669.52","5.86","conventional","Indianapolis"
"37","410849.51","119501.49","2017-04-16 00:00:00","0.93","58233.45","9911.63","223202.94","56490.21","166712.73","0","conventional","LasVegas"
"45","318600.59","135001.7","2017-02-19 00:00:00","0.93","40837.72","6859.46","135901.71","65647.85","70253.86","0","conventional","LasVegas"
"48","309146.07","120542.24","2017-01-29 00:00:00","0.93","45790.67","7716.2","135096.96","59095.7","76001.26","0","conventional","LasVegas"
"48","238392.73","109656.49","2017-01-29 00:00:00","0.93","20938.22","122.93","107675.09","92858.91","14816.18","0","conventional","Nashville"
"52","560310.35","149666.2","2017-01-01 00:00:00","0.93","206181.12","15014.45","189448.58","150517.04","37802.65","1128.89","conventional","SanDiego"
"50","755537.27","88731","2017-01-15 00:00:00","0.93","212640.4","894.17","453271.7","442607.26","10132.02","532.42","conventional","Seattle"
"29","6526488.94","3540683.7","2017-06-11 00:00:00","0.93","1042887.71","21574.2","1921343.33","1496503.74","401617.34","23222.25","conventional","SouthCentral"
"30","6585882.05","3465782.2","2017-06-04 00:00:00","0.93","1015653.58","20437.22","2084009.05","1636585.91","413725.96","33697.18","conventional","SouthCentral"
"40","5805541.99","3391002.54","2017-03-26 00:00:00","0.93","978691.09","27689.37","1408158.99","1322350.27","66091.65","19717.07","conventional","SouthCentral"
"42","5316530.73","3199639.83","2017-03-12 00:00:00","0.93","870253.1","138376.81","1108260.99","1040138.95","52798.3","15323.74","conventional","SouthCentral"
"38","126295.09","31685.51","2017-04-09 00:00:00","0.93","42399.5","28.47","52181.61","51852.08","316.06","13.47","conventional","Spokane"
"50","107376.76","15011.06","2017-01-15 00:00:00","0.93","31840.57","438.94","60086.19","58001.9","2063.92","20.37","conventional","Spokane"
"52","578061.29","202816.81","2017-01-01 00:00:00","0.93","150261.06","71.05","224912.37","87852.78","137059.59","0","conventional","Tampa"
"1","769970.84","402476.91","2017-12-24 00:00:00","0.93","150206.86","7966.08","209320.99","96489.71","112764.62","66.66","conventional","WestTexNewMexico"
"7","759126","375798","2017-11-12 00:00:00","0.93","165578","9438","208312","67655","140060","597","conventional","WestTexNewMexico"
"10","1333180.68","677477.52","2018-01-14 00:00:00","0.93","316020.36","7862.07","331820.73","240134.19","91381.56","304.98","conventional","DallasFtWorth"
"2","228663.46","68597.75","2018-03-11 00:00:00","0.93","43277.55","205.1","116583.06","100506.78","15642.94","433.34","conventional","Roanoke"
"11","203482.84","57981.46","2018-01-07 00:00:00","0.93","48543.26","161.75","96796.37","80678.76","16101.64","15.97","conventional","Roanoke"
"6","558926.47","222366.32","2018-02-11 00:00:00","0.93","136214.59","16577.9","183767.66","175708.38","5873.73","2185.55","conventional","SanDiego"
"0","7667064.46","2567279.74","2018-03-25 00:00:00","0.93","1912986.38","118289.91","3068508.43","1309580.19","1745630.06","13298.18","conventional","West"
"6","7463494.79","2646176.67","2018-02-11 00:00:00","0.93","1633418.28","109146.92","3074752.92","1203367.03","1856207.85","15178.04","conventional","West"
"2","67512.97","1262.85","2015-12-13 00:00:00","0.93","20963.47","3.35","45283.3","21656.83","23626.47","0","organic","Portland"
"0","23425.81","5412.78","2016-12-25 00:00:00","0.93","884.75","75.54","17052.74","14897.14","2155.6","0","organic","Denver"
"15","23933.59","1160.5","2016-09-11 00:00:00","0.93","7929.35","0","14843.74","1302.39","13541.35","0","organic","Detroit"
"5","4880.21","6.76","2016-11-20 00:00:00","0.93","1278.83","0","3594.62","613.33","2981.29","0","organic","Louisville"
"15","14786.96","553.66","2016-09-11 00:00:00","0.93","3278.67","0","10954.63","2812.11","8142.52","0","organic","Nashville"
"16","16110.05","534.7","2016-09-04 00:00:00","0.93","4442.83","0","11132.52","2177.78","8954.74","0","organic","Nashville"
"37","11987.87","255.69","2016-04-10 00:00:00","0.93","3842.56","200.47","7689.15","5416.4","2272.75","0","organic","RichmondNorfolk"
"37","31258.52","670.37","2017-04-16 00:00:00","0.93","5647.18","0","24940.97","966.3","23974.67","0","organic","Detroit"
"38","40655.85","9013.96","2017-04-09 00:00:00","0.93","1885.24","0","29756.65","27845.57","1911.08","0","organic","Houston"
"47","30857.91","7458.6","2017-02-05 00:00:00","0.93","18.05","0","23381.26","23381.26","0","0","organic","Houston"
"48","33928.66","7985.23","2017-01-29 00:00:00","0.93","303.14","0","25640.29","25640.29","0","0","organic","Houston"
"42","8510.89","156.05","2017-03-12 00:00:00","0.93","1233.41","0","7121.43","1404.44","5716.99","0","organic","Indianapolis"
"47","38945.01","3761.94","2017-02-05 00:00:00","0.93","5756.42","14.59","29412.06","960.58","28451.48","0","organic","Portland"
"5","4804278.16","1602215.57","2015-11-22 00:00:00","0.92","1917124.52","215632.16","1069305.91","979612.52","82444.32","7249.07","conventional","California"
"50","6024932.34","2889591.29","2015-01-11 00:00:00","0.92","2485720.1","103573.42","546047.53","510560.41","31874.03","3613.09","conventional","California"
"50","201392.27","3612.86","2015-01-11 00:00:00","0.92","153100.22","1203.53","43475.66","17035.73","26345.43","94.5","conventional","CincinnatiDayton"
"47","539750.77","205775.28","2015-02-01 00:00:00","0.92","136119.82","127173.89","70681.78","54003.36","688.47","15989.95","conventional","Detroit"
"19","968899.09","565965.79","2015-08-16 00:00:00","0.92","297434.65","3479.25","102019.4","65764.02","36255.38","0","conventional","Houston"
"20","935149.69","474778.09","2015-08-09 00:00:00","0.92","356592.63","5288.3","98490.67","62834.44","35656.23","0","conventional","Houston"
"3","145740.44","4067","2015-12-06 00:00:00","0.92","89452.99","13570.12","38650.33","19365.92","17733.68","1550.73","conventional","Indianapolis"
"47","245352.56","7245.61","2015-02-01 00:00:00","0.92","181784.28","14761.53","41561.14","20669.59","18130.75","2760.8","conventional","Indianapolis"
"47","237910.63","171139.21","2015-02-01 00:00:00","0.92","22525.96","1299.6","42945.86","20816.49","22129.37","0","conventional","Jacksonville"
"7","237248.22","119810.22","2015-11-08 00:00:00","0.92","74648.59","5456.06","37333.35","36573.68","759.67","0","conventional","LasVegas"
"11","2591981.76","1014382.6","2015-10-11 00:00:00","0.92","1205553.71","74862.42","297183.03","280841.88","13203.35","3137.8","conventional","LosAngeles"
"16","2983163.34","1809743.28","2015-09-06 00:00:00","0.92","738938.41","90624.69","343856.96","312763.93","26701.71","4391.32","conventional","LosAngeles"
"51","101162.98","1991.63","2015-01-04 00:00:00","0.92","75090.16","283.88","23797.31","7769.36","16027.95","0","conventional","Louisville"
"1","191937.02","110266.94","2015-12-20 00:00:00","0.92","18630.27","255.72","62784.09","57100.55","5619.06","64.48","conventional","NewOrleansMobile"
"44","256174.52","178792.99","2015-02-22 00:00:00","0.92","10819.78","346.88","66214.87","62873.75","3341.12","0","conventional","NewOrleansMobile"
"47","2561325.42","1383259.28","2015-02-01 00:00:00","0.92","926444.37","13768.85","237852.92","235274.47","1245.73","1332.72","conventional","Plains"
"0","439968.4","141447.28","2015-12-27 00:00:00","0.92","130341.75","20174.55","148004.82","116383.07","31621.75","0","conventional","SanDiego"
"7","492385.15","255993.88","2015-11-08 00:00:00","0.92","154270.39","16457.11","65663.77","58719.13","6944.64","0","conventional","SanDiego"
"44","516149.11","301983.87","2015-02-22 00:00:00","0.92","151869.53","14484.65","47811.06","42234.77","5543.66","32.63","conventional","SanDiego"
"46","928836.58","252068.6","2015-02-08 00:00:00","0.92","581737.42","20265.96","74764.6","74003.77","733.33","27.5","conventional","SanFrancisco"
"47","562242.53","392037.18","2015-02-01 00:00:00","0.92","53180.28","79.96","116945.11","50530.52","66414.59","0","conventional","Tampa"
"6","28597756.27","9907981.27","2015-11-15 00:00:00","0.92","11699787.51","815641.54","6174345.95","4854619.04","1283546.73","36180.18","conventional","TotalUS"
"5","4481990.34","1549012.12","2015-11-22 00:00:00","0.92","1588339.47","118170.98","1226467.77","730580.48","494585.14","1302.15","conventional","West"
"14","5596091.03","1552161.89","2015-09-20 00:00:00","0.92","2825876.79","124207.93","1093844.42","751408.06","342166.04","270.32","conventional","West"
"15","5811260.29","2194373.38","2015-09-13 00:00:00","0.92","2317428.16","136996.39","1162462.36","733843.93","428556.23","62.2","conventional","West"
"28","6760001.68","3239258.39","2015-06-14 00:00:00","0.92","2416002.43","112965.22","991775.64","776961.13","214729.56","84.95","conventional","West"
"29","6669221.29","3451592.61","2015-06-07 00:00:00","0.92","2145071.52","119829.5","952727.66","683695.78","269005.35","26.53","conventional","West"
"50","584896.99","347125.63","2015-01-11 00:00:00","0.92","129717.42","27944.07","80109.87","78503.46","1606.41","0","conventional","WestTexNewMexico"
"24","560865.26","240109.35","2016-07-10 00:00:00","0.92","95457.09","256.2","225042.62","146617.68","78213.83","211.11","conventional","Atlanta"
"48","528776.51","318372.94","2016-01-24 00:00:00","0.92","86816.97","401.33","123185.27","64716.98","58468.29","0","conventional","Atlanta"
"49","92385.23","34302.93","2016-01-17 00:00:00","0.92","7884.23","8901.1","41296.97","40337.59","951.46","7.92","conventional","Boise"
"42","6429870.23","1893787.2","2016-03-06 00:00:00","0.92","1975668.02","325582.2","2234832.81","1981931.04","230048.66","22853.11","conventional","California"
"48","207961.33","13436.84","2016-01-24 00:00:00","0.92","110261.96","30644.07","53618.46","42136.65","11481.81","0","conventional","Charlotte"
"26","280229.89","4553.86","2016-06-26 00:00:00","0.92","161667.16","9805.14","104203.73","24577.2","75549.11","4077.42","conventional","CincinnatiDayton"
"50","218906.82","3115.25","2016-01-10 00:00:00","0.92","151374.26","7200.14","57217.17","17942.34","37684.81","1590.02","conventional","CincinnatiDayton"
"47","173311.53","78646.7","2016-01-31 00:00:00","0.92","38158.3","23466.68","33039.85","21259.66","9258.85","2521.34","conventional","Columbus"
"13","1150789.41","574457.35","2016-09-25 00:00:00","0.92","228335.93","1797.85","346198.28","319927.23","25698.26","572.79","conventional","DallasFtWorth"
"29","473131.2","121769.89","2016-06-05 00:00:00","0.92","90921.04","123670.88","136769.39","94467.61","3849.16","38452.62","conventional","Detroit"
"3","263904.24","1092.97","2016-12-04 00:00:00","0.92","189101.7","9125.63","64583.94","61980.87","2547.12","55.95","conventional","GrandRapids"
"51","258889.23","3985.19","2016-01-03 00:00:00","0.92","191590.43","12294.17","51019.44","42961.74","2684.87","5372.83","conventional","GrandRapids"
"51","4065583.41","604697.28","2016-01-03 00:00:00","0.92","2200074.78","543717.88","717093.47","438279.98","147920.69","130892.8","conventional","GreatLakes"
"20","1040953.31","614770.18","2016-08-07 00:00:00","0.92","239657.73","5032.97","181492.43","121223.82","60268.61","0","conventional","Houston"
"23","1006984.22","551921.4","2016-07-17 00:00:00","0.92","219856.17","8567.51","226639.14","189089.17","37549.97","0","conventional","Houston"
"25","1189787.36","545799.65","2016-07-03 00:00:00","0.92","245931.82","139911.14","258144.75","201099.28","39117.41","17928.06","conventional","Houston"
"34","207488.02","16727.66","2016-05-01 00:00:00","0.92","106590.22","12071.46","72098.68","43567.48","26781.76","1749.44","conventional","Indianapolis"
"30","242168.85","141300.92","2016-05-29 00:00:00","0.92","36410.66","981.98","63475.29","22104.57","40394.05","976.67","conventional","Jacksonville"
"47","285052.11","117236.18","2016-01-31 00:00:00","0.92","87109.87","14509.71","66196.35","48986.42","17209.93","0","conventional","LasVegas"
"36","95475.44","2120.86","2016-04-17 00:00:00","0.92","55695.58","9698.99","27960.01","12091.67","13959.35","1908.99","conventional","Louisville"
"47","101620.12","2539.14","2016-01-31 00:00:00","0.92","70021.38","4774.82","24284.78","10918.75","12100.16","1265.87","conventional","Louisville"
"1","158024.16","66411.85","2016-12-18 00:00:00","0.92","16272.07","104.08","75236.16","57450.73","16375.43","1410","conventional","Nashville"
"31","204128.5","115616.52","2016-05-22 00:00:00","0.92","18839.88","712.61","68959.49","56097.72","11396.65","1465.12","conventional","Nashville"
"1","333093.29","113248.41","2016-12-18 00:00:00","0.92","76982.86","118.25","142743.77","63529.34","79119.99","94.44","conventional","Orlando"
"23","864516.85","410870.87","2016-07-17 00:00:00","0.92","188086.51","11537","254022.47","145310.82","108636.65","75","conventional","PhoenixTucson"
"34","169483.29","1981.15","2016-05-01 00:00:00","0.92","114448.24","2935.24","50118.66","35865.31","14253.35","0","conventional","Pittsburgh"
"18","668003.85","135899.22","2016-08-21 00:00:00","0.92","156327.74","11483.54","364293.35","362521.54","1691.66","80.15","conventional","Portland"
"26","662145.29","139894.23","2016-06-26 00:00:00","0.92","158417","19975.97","343858.09","340794.03","1498.14","1565.92","conventional","Portland"
"51","280335.82","65934.23","2016-01-03 00:00:00","0.92","127743.83","29344.8","57312.96","56645.93","667.03","0","conventional","RaleighGreensboro"
"45","254611.93","69755.44","2016-02-14 00:00:00","0.92","118256.29","4864.42","61735.78","58227.8","3507.98","0","conventional","RichmondNorfolk"
"30","576543.05","183028.56","2016-05-29 00:00:00","0.92","168419.71","32042.58","193052.2","160356.37","31715.55","980.28","conventional","SanDiego"
"48","726078.64","100315.41","2016-01-24 00:00:00","0.92","253246.5","7343.76","365172.97","363400.35","1682.71","89.91","conventional","Seattle"
"30","4829487.03","2562669.53","2016-05-29 00:00:00","0.92","971082.67","23769.9","1271964.93","531132.05","696042.61","44790.27","conventional","Southeast"
"38","98398.44","23189.51","2016-04-03 00:00:00","0.92","22271.96","3270.23","49666.74","48727.02","930.08","9.64","conventional","Spokane"
"28","251349.57","63117.83","2016-06-12 00:00:00","0.92","10829.42","88.75","177313.57","139479.8","19315.86","18517.91","conventional","StLouis"
"33","493628.61","238892.93","2016-05-08 00:00:00","0.92","96504.07","163","158068.61","81108.34","76960.27","0","conventional","Tampa"
"0","5720079.58","1951252.95","2016-12-25 00:00:00","0.92","1240717.89","114035","2414073.74","1681100.98","731388.25","1584.51","conventional","West"
"16","6676702.06","2858767.17","2016-09-04 00:00:00","0.92","1348831.14","111324.84","2357778.91","1344665.71","1012172.25","940.95","conventional","West"
"28","6216040.13","2213963.72","2016-06-12 00:00:00","0.92","1516386.11","162974.69","2322715.61","1528937.12","787095.9","6682.59","conventional","West"
"18","808012.61","484477.52","2016-08-21 00:00:00","0.92","87640.89","12142.01","223752.19","142739.33","81012.86","0","conventional","WestTexNewMexico"
"52","104510.11","27845.16","2017-01-01 00:00:00","0.92","9408.92","11341.75","55914.28","53093.47","2793.61","27.2","conventional","Boise"
"51","844689.96","169103.67","2017-01-08 00:00:00","0.92","249167.67","16470.81","409947.81","247424.23","162523.58","0","conventional","Denver"
"49","322366.88","1152.99","2017-01-22 00:00:00","0.92","227003.5","12962.62","81247.77","72435.68","6021.3","2790.79","conventional","GrandRapids"
"0","4398887.92","1092011.22","2017-12-31 00:00:00","0.92","1740608.6","364049.45","1202218.65","927628.08","231172.74","43417.83","conventional","GreatLakes"
"27","3655667.22","1609002.4","2017-06-25 00:00:00","0.92","414532.82","90801.1","1541330.9","1496630.45","696.59","44003.86","conventional","LosAngeles"
"24","973521.7","499391.8","2017-07-16 00:00:00","0.92","211064.2","12355.98","250709.72","141156.76","108849.63","703.33","conventional","PhoenixTucson"
"0","419590.58","90432.19","2017-12-31 00:00:00","0.92","134861.05","5994.91","188302.43","178330.99","9970.33","1.11","conventional","RaleighGreensboro"
"0","1174818.67","174144.97","2017-12-31 00:00:00","0.92","860294.61","1733.53","138645.56","136909.07","32.99","1703.5","conventional","SanFrancisco"
"35","906413.45","194789.64","2017-04-30 00:00:00","0.92","170398.76","470.65","540754.4","538920.53","1467.7","366.17","conventional","Seattle"
"26","6675892.1","3159081.46","2017-07-02 00:00:00","0.92","1239433.34","25461.72","2251915.58","1790494.11","457729.03","3692.44","conventional","SouthCentral"
"27","6466429.64","3274928.07","2017-06-25 00:00:00","0.92","1121983.76","16796.23","2052721.58","1518938.69","530616.8","3166.09","conventional","SouthCentral"
"33","6551804","3340446.93","2017-05-14 00:00:00","0.92","1114123.07","22104.73","2075129.27","1494262.46","545591.74","35275.07","conventional","SouthCentral"
"38","6183823.03","3415501.85","2017-04-09 00:00:00","0.92","1234042.3","39098.99","1495179.89","1318526.89","152730.49","23922.51","conventional","SouthCentral"
"41","110951.46","22275.29","2017-03-19 00:00:00","0.92","24389.97","64.85","64221.35","63117.36","1074.7","29.29","conventional","Spokane"
"8","281913.49","78131.98","2018-01-28 00:00:00","0.92","27858.19","11786.66","164136.66","155062.73","9071.23","2.7","conventional","CincinnatiDayton"
"11","1140210.38","587439.51","2018-01-07 00:00:00","0.92","258369.66","5543.59","288857.62","183640.29","104915.08","302.25","conventional","DallasFtWorth"
"6","435384.45","123642.25","2018-02-11 00:00:00","0.92","73381.42","26265.23","212095.55","156008.05","42872.58","13214.92","conventional","Detroit"
"11","512142.96","164665.38","2018-01-07 00:00:00","0.92","81248.88","23315.8","242912.9","195595.55","45090.53","2226.82","conventional","Detroit"
"8","265600.2","64276.57","2018-01-28 00:00:00","0.92","83870.54","8592.12","108860.97","93966.39","14884.55","10.03","conventional","Indianapolis"
"1","552900.21","96399.53","2018-03-18 00:00:00","0.92","130874.15","4769.76","320856.77","312969.23","7886.43","1.11","conventional","RaleighGreensboro"
"1","643491.07","159346.7","2018-03-18 00:00:00","0.92","256098.92","13404.8","214640.65","201973.65","9993.67","2673.33","conventional","SanDiego"
"3","41324.9","3841.78","2015-12-06 00:00:00","0.92","8059.68","33.27","29390.17","430","28960.17","0","organic","Denver"
"32","21537.11","203.77","2015-05-17 00:00:00","0.92","16312.06","0","5021.28","1435.36","3585.92","0","organic","Roanoke"
"26","16159.03","2096.1","2016-06-26 00:00:00","0.92","5307.76","0","8755.17","1075.61","7679.56","0","organic","Atlanta"
"34","2440.13","0","2016-05-01 00:00:00","0.92","496.28","0","1943.85","176.67","1767.18","0","organic","Boise"
"31","49143.63","25268.6","2016-05-22 00:00:00","0.92","1852.73","33.92","21988.38","21660.14","328.24","0","organic","Denver"
"29","38355.38","447.96","2017-06-11 00:00:00","0.92","4744.42","0","33163","646.06","32516.94","0","organic","Detroit"
"39","52873.83","13047.37","2017-04-02 00:00:00","0.92","55.35","0","39771.11","39629.89","141.22","0","organic","Houston"
"42","52810.48","13678.39","2017-03-12 00:00:00","0.92","40.61","0","39091.48","18616.19","20475.29","0","organic","Houston"
"43","38739.84","9392.3","2017-03-05 00:00:00","0.92","44.43","0","29303.11","25806.88","3496.23","0","organic","Houston"
"46","33984.51","8043.9","2017-02-12 00:00:00","0.92","57.63","1.99","25880.99","25880.99","0","0","organic","Houston"
"32","8759.49","76.82","2017-05-21 00:00:00","0.92","1259.86","0","7422.81","2038.26","5384.55","0","organic","Indianapolis"
"41","5986.47","340.95","2017-03-19 00:00:00","0.92","2019.05","0","3626.47","97.78","3528.69","0","organic","Nashville"
"47","113578.24","67496.3","2015-02-01 00:00:00","0.91","36532.33","2904.77","6644.84","4867.26","1777.58","0","conventional","Boise"
"4","4575710.62","1461699.38","2015-11-29 00:00:00","0.91","1810202.7","222311.07","1081497.47","991568.84","82338.39","7590.24","conventional","California"
"46","5871224.58","2908845.38","2015-02-08 00:00:00","0.91","2200393.89","149458.93","612526.38","553682.71","56311.08","2532.59","conventional","California"
"1","690669.34","35724.99","2015-12-20 00:00:00","0.91","464574.15","96306.3","94063.9","76241.25","9592.65","8230","conventional","Chicago"
"47","1133491.66","50783.91","2015-02-01 00:00:00","0.91","824745.44","164884.41","93077.9","89516.93","3448.62","112.35","conventional","Chicago"
"11","213527.77","2251.48","2015-10-11 00:00:00","0.91","146962.49","13777.63","50536.17","16191.77","31742.92","2601.48","conventional","CincinnatiDayton"
"8","205592.1","3731.64","2015-11-01 00:00:00","0.91","147281.28","8605.43","45973.75","43392.69","1757.12","823.94","conventional","GrandRapids"
"17","226898.73","3931.2","2015-08-30 00:00:00","0.91","152332.2","16719.44","53915.89","48562.08","2309.09","3044.72","conventional","GrandRapids"
"40","311876.75","1930.32","2015-03-22 00:00:00","0.91","231211.7","19097.99","59636.74","57118.41","2105.9","412.43","conventional","GrandRapids"
"47","4874124.41","768874.35","2015-02-01 00:00:00","0.91","2948564.71","510153.65","646531.7","479453.25","126925.79","40152.66","conventional","GreatLakes"
"14","185962.59","3942.44","2015-09-20 00:00:00","0.91","116683.58","24166.47","41170.1","18045.98","18135.33","4988.79","conventional","Indianapolis"
"10","279364.03","108979.09","2015-10-18 00:00:00","0.91","126743.26","4681.66","38960.02","37274.27","1685.75","0","conventional","LasVegas"
"27","3040023.34","2133616.93","2015-06-21 00:00:00","0.91","473295.46","79616.07","353494.88","334560.23","15484.32","3450.33","conventional","LosAngeles"
"2","76543.82","1830.69","2015-12-13 00:00:00","0.91","47375.43","1613.63","25724.07","11718.37","13677.35","328.35","conventional","Louisville"
"2","153425.94","103097.4","2015-12-13 00:00:00","0.91","11175.45","6145.91","33007.18","23065.69","9806.94","134.55","conventional","Nashville"
"9","148660.26","89991.51","2015-10-25 00:00:00","0.91","20511.16","4334.1","33823.49","25000.22","8823.27","0","conventional","Nashville"
"10","182647.96","114107.69","2015-10-18 00:00:00","0.91","29076.74","6047.46","33416.07","23996.08","9419.99","0","conventional","Nashville"
"0","187664.29","105570.93","2015-12-27 00:00:00","0.91","18655.62","284.7","63153.04","53908.72","9224.82","19.5","conventional","NewOrleansMobile"
"13","664201.67","364703.64","2015-09-27 00:00:00","0.91","229488.26","9974.5","60035.27","59972.02","63.25","0","conventional","PhoenixTucson"
"9","480396.16","95297.5","2015-10-25 00:00:00","0.91","191061.91","13673.67","180363.08","178207.01","1322.84","833.23","conventional","Portland"
"33","675269.74","241819.96","2015-05-10 00:00:00","0.91","295585.52","16212.44","121651.82","121155.5","338.86","157.46","conventional","Portland"
"4","385289.59","143861.4","2015-11-29 00:00:00","0.91","140359.41","20206.16","80862.62","64857.94","16004.68","0","conventional","SanDiego"
"47","1352027.64","369580.89","2015-02-01 00:00:00","0.91","896514.3","20587.92","65344.53","64393.44","832.23","118.86","conventional","SanFrancisco"
"47","469684.32","284674.2","2015-02-01 00:00:00","0.91","78055.21","27248.16","79706.75","51793.3","27913.45","0","conventional","SouthCarolina"
"16","436528.94","205188.66","2015-09-06 00:00:00","0.91","94841.92","63.26","136435.1","60131.29","76303.81","0","conventional","Tampa"
"11","5534450.99","1287965.79","2015-10-11 00:00:00","0.91","2714363.53","178042.28","1354079.39","947888.97","402360.11","3830.31","conventional","West"
"0","502787.29","205855.78","2016-12-25 00:00:00","0.91","86015.43","184.62","210731.46","118884.36","91847.1","0","conventional","Atlanta"
"13","87557.13","39342.09","2016-09-25 00:00:00","0.91","2342.03","5737.02","40135.99","34566.37","5564.81","4.81","conventional","Boise"
"40","6476206.54","1893617.8","2016-03-20 00:00:00","0.91","2191468.26","299002.93","2092117.55","1883192.26","189928.31","18996.98","conventional","California"
"27","311127.56","7033.21","2016-06-19 00:00:00","0.91","154162.39","14007.18","135924.78","25143.66","105248.43","5532.69","conventional","CincinnatiDayton"
"45","173980.1","82198.65","2016-02-14 00:00:00","0.91","38935.77","17174.63","35671.05","27386.88","7182.14","1102.03","conventional","Columbus"
"51","192774.07","86025.77","2016-01-03 00:00:00","0.91","40616.88","32940.14","33191.28","18463.39","6208.46","8519.43","conventional","Columbus"
"24","1080238.02","546253.47","2016-07-10 00:00:00","0.91","205087.04","40097.24","288800.27","267623.31","8348.85","12828.11","conventional","DallasFtWorth"
"3","855989.02","129940.92","2016-12-04 00:00:00","0.91","277374.59","11512.69","437160.82","141279.5","295881.32","0","conventional","Denver"
"16","924278.16","146921.58","2016-09-04 00:00:00","0.91","254464.01","17239.6","505652.97","83143.66","422509.31","0","conventional","Denver"
"17","957464.14","138029.18","2016-08-28 00:00:00","0.91","282568.24","13197.13","523669.59","131367.44","390977.15","1325","conventional","Denver"
"42","259568.21","1974.52","2016-03-06 00:00:00","0.91","191952.31","7752.62","57888.76","54011.93","3633.73","243.1","conventional","GrandRapids"
"32","4324700.33","541979.64","2016-05-15 00:00:00","0.91","2165410.51","491344.53","1125965.65","774859.17","273929.8","77176.68","conventional","GreatLakes"
"33","373544.69","47270.41","2016-05-08 00:00:00","0.91","247409.27","357.62","78507.39","77855.49","651.9","0","conventional","HarrisburgScranton"
"48","867294.64","259465.21","2016-01-24 00:00:00","0.91","363892.04","79193.39","164744","83636.33","63963.23","17144.44","conventional","Houston"
"3","315048.8","93963.93","2016-12-04 00:00:00","0.91","56502.76","5327.06","159255.05","49383.72","109472.72","398.61","conventional","LasVegas"
"27","364254.89","164910.19","2016-06-19 00:00:00","0.91","76172.67","11019.03","112153","64076.41","47966.87","109.72","conventional","LasVegas"
"42","311402.83","139919.03","2016-03-06 00:00:00","0.91","86200.19","6809.69","78473.92","51367.6","27106.32","0","conventional","LasVegas"
"31","113794.41","2002.85","2016-05-22 00:00:00","0.91","77719.29","2243.57","31828.7","13628.45","17376.34","823.91","conventional","Louisville"
"46","4131614.84","867821.71","2016-02-07 00:00:00","0.91","2164456.6","220032.02","879304.51","712463.41","162491.57","4349.53","conventional","Midsouth"
"41","304057.64","160965.45","2016-03-13 00:00:00","0.91","38522.85","455.16","104114.18","80240.98","23873.2","0","conventional","NewOrleansMobile"
"33","698601.84","20316.89","2016-05-08 00:00:00","0.91","511600.73","16821.43","149862.79","137318.24","12438.99","105.56","conventional","Philadelphia"
"41","2095165.01","1102893.11","2016-03-13 00:00:00","0.91","548239.52","49503.76","394528.62","348345.6","43787.46","2395.56","conventional","Plains"
"35","164410.77","42884.03","2016-04-24 00:00:00","0.91","57628.85","97.8","63800.09","60645.38","3145.62","9.09","conventional","Roanoke"
"46","198011.31","60920.14","2016-02-07 00:00:00","0.91","79535.27","179.28","57376.62","53859.35","3517.27","0","conventional","Roanoke"
"51","156699.18","59481.98","2016-01-03 00:00:00","0.91","58348.71","182.56","38685.93","37521.6","31","1133.33","conventional","Roanoke"
"46","796524.48","259382.37","2016-02-07 00:00:00","0.91","419044.57","34235.86","83861.68","83768.44","55.36","37.88","conventional","Sacramento"
"43","737516.16","96852.95","2016-02-28 00:00:00","0.91","180912.17","7587.39","452163.65","451747.01","116.59","300.05","conventional","Seattle"
"45","342704.71","180057.56","2016-02-14 00:00:00","0.91","81396.58","6594.27","74656.3","50158.17","24498.13","0","conventional","SouthCarolina"
"24","5646460.01","3069816.49","2016-07-10 00:00:00","0.91","1012709.72","189691.87","1374241.93","1233354.94","92635.95","48251.04","conventional","SouthCentral"
"25","6494533.3","3114586.75","2016-07-03 00:00:00","0.91","1226469.49","522836.75","1630640.31","1398829.45","124715.63","107095.23","conventional","SouthCentral"
"25","5432816.58","2549452.95","2016-07-03 00:00:00","0.91","1175338.87","30343.48","1677681.28","1031656.46","559976.48","86048.34","conventional","Southeast"
"29","4563745.14","2504517.37","2016-06-05 00:00:00","0.91","823705.23","26309.45","1209213.09","563930.87","574578.06","70704.16","conventional","Southeast"
"42","101869.42","23603.78","2016-03-06 00:00:00","0.91","22577.01","3132.45","52556.18","52480.19","59.31","16.68","conventional","Spokane"
"19","230729.63","53920.63","2016-08-14 00:00:00","0.91","22787.65","254.57","153766.78","137801.2","10454.24","5511.34","conventional","StLouis"
"36","197200.66","55007.65","2016-04-17 00:00:00","0.91","11057.11","47.76","131088.14","96909.71","34108.83","69.6","conventional","StLouis"
"43","36801817.68","11907394.72","2016-02-28 00:00:00","0.91","13210854.56","1560167.75","10123400.65","7251666.99","2802238.74","69494.92","conventional","TotalUS"
"44","105023.56","31701.22","2017-02-26 00:00:00","0.91","5199.76","11562.8","56559.78","38256.67","18258.12","44.99","conventional","Boise"
"49","197072.56","75919.97","2017-01-22 00:00:00","0.91","47945.33","3811.68","69395.58","65666.8","3727.37","1.41","conventional","Columbus"
"32","1291606.06","728358.74","2017-05-21 00:00:00","0.91","222773.66","2961.89","337511.77","334652.93","2828.41","30.43","conventional","DallasFtWorth"
"40","1282796.85","700655.11","2017-03-26 00:00:00","0.91","223658.42","4320.01","354163.31","350221.82","3864.16","77.33","conventional","DallasFtWorth"
"52","186464.64","16193.14","2017-01-01 00:00:00","0.91","97953.5","5029.22","67288.78","39169.93","28118.85","0","conventional","Indianapolis"
"49","246514.81","75808.7","2017-01-22 00:00:00","0.91","50763.51","376.72","119565.88","28445.81","91120.07","0","conventional","Jacksonville"
"47","126829.29","2214.61","2017-02-05 00:00:00","0.91","74680.7","1046.84","48887.14","19517.27","29368.27","1.6","conventional","Louisville"
"2","197844.12","97643.53","2017-12-17 00:00:00","0.91","7363.32","224.12","92613.15","79113.94","12580.32","918.89","conventional","Nashville"
"40","276732.88","135016.05","2017-03-26 00:00:00","0.91","10773","92.56","130851.27","122643.74","6937.53","1270","conventional","Nashville"
"34","933826.15","229401.85","2017-05-07 00:00:00","0.91","253020.4","22084.03","429319.87","370157.41","58789","373.46","conventional","Portland"
"36","756075.76","165357.47","2017-04-23 00:00:00","0.91","200048.67","19111.08","371558.54","370457.47","588.26","512.81","conventional","Portland"
"42","846864.87","106731.77","2017-03-12 00:00:00","0.91","212055.16","584.72","527493.22","507284.81","19483.58","724.83","conventional","Seattle"
"46","4584245.6","2444616","2017-02-12 00:00:00","0.91","806769.91","5419.77","1327439.92","800309.01","522265.71","4865.2","conventional","Southeast"
"5","623094","354268","2017-11-26 00:00:00","0.91","104956","5465","158405","74684","83606","114","conventional","WestTexNewMexico"
"31","1042737.97","586236.26","2017-05-28 00:00:00","0.91","88983.48","15734.13","351784.1","139601.56","212182.54","0","conventional","WestTexNewMexico"
"11","303592.92","98045.53","2018-01-07 00:00:00","0.91","37713.62","18889.29","148944.48","130642.78","18046.8","254.9","conventional","CincinnatiDayton"
"6","1056054.41","234995.54","2018-02-11 00:00:00","0.91","251174.58","13754.34","556129.95","86599.13","469530.82","0","conventional","Denver"
"5","186523.76","48716.42","2018-02-18 00:00:00","0.91","27782.65","4155.93","105868.76","86145.76","17865.71","1857.29","conventional","Indianapolis"
"1","3395262.7","1116865.19","2018-03-18 00:00:00","0.91","700177.12","62395.31","1515825.08","1435807.52","25385.22","54632.34","conventional","LosAngeles"
"7","3316494.76","1609104.94","2018-02-04 00:00:00","0.91","827998.81","9830.1","869560.91","678696.23","190573.14","291.54","conventional","Plains"
"0","2272.26","15.53","2015-12-27 00:00:00","0.91","508.49","0","1748.24","1008.2","740.04","0","organic","Boise"
"11","27051.5","678.11","2016-10-09 00:00:00","0.91","8511.22","0","17862.17","1015.23","16846.94","0","organic","Detroit"
"16","44369.75","13279.9","2016-09-04 00:00:00","0.91","34.61","0","31055.24","31008.57","46.67","0","organic","Houston"
"17","46968.92","15291.42","2016-08-28 00:00:00","0.91","28.93","0","31648.57","31611.9","36.67","0","organic","Houston"
"47","8047.41","1065.99","2016-01-31 00:00:00","0.91","618.9","0","6362.52","28.36","6334.16","0","organic","StLouis"
"0","318683.18","19703.32","2016-12-25 00:00:00","0.91","48083.12","142","250754.74","58951.54","191803.2","0","organic","West"
"38","24438.67","1358.59","2017-04-09 00:00:00","0.91","5782.33","0","17297.75","1629.46","15668.29","0","organic","Atlanta"
"52","21449.37","4103.45","2017-01-01 00:00:00","0.91","775.73","5.71","16564.48","3485.79","13078.69","0","organic","Denver"
"36","43226.49","9114.27","2017-04-23 00:00:00","0.91","69.06","0","34043.16","13678.27","20364.89","0","organic","Houston"
"44","43969.52","10310.15","2017-02-26 00:00:00","0.91","22.14","0","33637.23","33637.23","0","0","organic","Houston"
"0","5040365.47","1833946.59","2015-12-27 00:00:00","0.9","1760956.02","232755.85","1212707.01","1090140.07","110737.35","11829.59","conventional","California"
"11","145305.65","57480.41","2015-10-11 00:00:00","0.9","39207.76","24724.8","23892.68","16946.85","4765.93","2179.9","conventional","Columbus"
"11","775976.51","108538.74","2015-10-11 00:00:00","0.9","432102.05","18840.69","216495.03","40462.27","176032.76","0","conventional","Denver"
"10","847813.12","436132.2","2015-10-18 00:00:00","0.9","242842.91","80895.03","87942.98","59835.83","28107.15","0","conventional","Houston"
"21","948126.9","568694.81","2015-08-02 00:00:00","0.9","281941.22","3494.6","93996.27","60782.86","33213.41","0","conventional","Houston"
"27","338638.8","128876.23","2015-06-21 00:00:00","0.9","126683.91","4219.33","78859.33","58695.06","20164.27","0","conventional","LasVegas"
"40","311228.44","151597.02","2015-03-22 00:00:00","0.9","115109.24","5684.01","38838.17","38187.21","650.96","0","conventional","LasVegas"
"13","2674658.54","1004429.55","2015-09-27 00:00:00","0.9","1305809.85","81864.64","282554.5","268104.31","9642.69","4807.5","conventional","LosAngeles"
"17","3037663.98","2084250.55","2015-08-30 00:00:00","0.9","503077.81","86574.37","363761.25","357387.32","3503.63","2870.3","conventional","LosAngeles"
"46","2641032.65","1673425.82","2015-02-08 00:00:00","0.9","582236.24","58216.26","327154.33","280560.62","44327.49","2266.22","conventional","LosAngeles"
"47","125504.98","5378.31","2015-02-01 00:00:00","0.9","83854.56","5155.25","31116.86","8618.05","21296.75","1202.06","conventional","Louisville"
"4","175833.54","96662.75","2015-11-29 00:00:00","0.9","23572.73","298.68","55299.38","49172.32","6127.06","0","conventional","NewOrleansMobile"
"40","282494.07","196325.14","2015-03-22 00:00:00","0.9","8985.9","179.21","77003.82","68626.59","8377.23","0","conventional","NewOrleansMobile"
"6","568414.35","83998.38","2015-11-15 00:00:00","0.9","199356.57","16340.66","268718.74","258913.25","2157.19","7648.3","conventional","Portland"
"13","484598.47","159779.59","2015-09-27 00:00:00","0.9","187080.35","13101.24","124637.29","124612.73","1.84","22.72","conventional","Portland"
"30","569414.76","358147.99","2015-05-31 00:00:00","0.9","153680.36","14150.62","43435.79","39195.38","4240.41","0","conventional","SanDiego"
"11","640331.58","87081.69","2015-10-11 00:00:00","0.9","301656.56","15431.19","236162.14","234219.02","0","1943.12","conventional","Seattle"
"21","5142335.64","3276776.23","2015-08-02 00:00:00","0.9","1254704.28","24749.12","586106.01","492930.71","93162.67","12.63","conventional","SouthCentral"
"8","5024858.14","1815066.15","2015-11-01 00:00:00","0.9","1937479.91","132883.59","1139428.49","717110.41","421675.08","643","conventional","West"
"35","6013312.36","3163353.08","2015-04-26 00:00:00","0.9","2021745.62","79259","748954.66","614556.77","133326.4","1071.49","conventional","West"
"15","597759.18","286405.76","2016-09-11 00:00:00","0.9","54347.66","206.41","256799.35","194086.09","62713.26","0","conventional","Atlanta"
"41","588656.86","336350.73","2016-03-13 00:00:00","0.9","110105.53","1906.9","140293.7","73593.38","66700.32","0","conventional","Atlanta"
"43","555470.58","325884.06","2016-02-28 00:00:00","0.9","106311.73","1136.7","122138.09","60231.13","61906.96","0","conventional","Atlanta"
"12","106259.51","27542.88","2016-10-02 00:00:00","0.9","8194.14","7082.7","63439.79","55975.11","7430.88","33.8","conventional","Boise"
"18","84013.04","40944.28","2016-08-21 00:00:00","0.9","2078.24","4694.68","36295.84","34718.06","1577.78","0","conventional","Boise"
"48","58434.39","18003.36","2016-01-24 00:00:00","0.9","4208.29","4714.06","31508.68","29874.81","1614.91","18.96","conventional","Boise"
"2","5526646.12","1638639.18","2016-12-11 00:00:00","0.9","2137290.51","96836.26","1653880.17","1451475.99","177399.8","25004.38","conventional","California"
"31","6501981.08","2238875.14","2016-05-22 00:00:00","0.9","2178820.82","329737.94","1754547.18","1594507.01","129666.02","30374.15","conventional","California"
"49","6000013.23","1653347.69","2016-01-17 00:00:00","0.9","2336705.19","250106.17","1759854.18","1579233.6","162289.68","18330.9","conventional","California"
"39","865585.06","33748.25","2016-03-27 00:00:00","0.9","600796.46","131467.33","99573.02","95288.6","4221.71","62.71","conventional","Chicago"
"39","225485.9","3097.47","2016-03-27 00:00:00","0.9","131467.29","16191.17","74729.97","18832.18","52163.65","3734.14","conventional","CincinnatiDayton"
"40","224942.74","3139.27","2016-03-20 00:00:00","0.9","132074.69","16430.07","73298.71","18928.9","50472.61","3897.2","conventional","CincinnatiDayton"
"51","222534.76","2730.97","2016-01-03 00:00:00","0.9","149327.89","18924.91","51550.99","12613.38","29550.02","9387.59","conventional","CincinnatiDayton"
"33","201205.97","90444.73","2016-05-08 00:00:00","0.9","46435.26","19164.46","45161.52","26507.5","15137.8","3516.22","conventional","Columbus"
"4","851579.21","445308.37","2016-11-27 00:00:00","0.9","158734.01","2459.77","245077.06","242623.82","2390.64","62.6","conventional","DallasFtWorth"
"31","932146.56","160299.04","2016-05-22 00:00:00","0.9","266856.24","17526.17","487465.11","79603.12","407238.98","623.01","conventional","Denver"
"32","952354.86","159348.75","2016-05-15 00:00:00","0.9","252574.36","39117.61","501314.14","71486.17","427648.8","2179.17","conventional","Denver"
"18","1046506.77","583161","2016-08-21 00:00:00","0.9","248160.18","5697.25","209488.34","132615.92","76539.09","333.33","conventional","Houston"
"19","1015264.05","590138.4","2016-08-14 00:00:00","0.9","218435.64","3815.84","202874.17","123193.69","79430.48","250","conventional","Houston"
"27","3237847.21","1322109.94","2016-06-19 00:00:00","0.9","593238.74","114307.31","1208191.22","1102265.57","80776.26","25149.39","conventional","LosAngeles"
"37","83504.74","1824.57","2016-04-10 00:00:00","0.9","49692.01","2962.32","29025.84","12371.06","16274.95","379.83","conventional","Louisville"
"49","83687.48","2202.61","2016-01-17 00:00:00","0.9","48151.24","2801.8","30531.83","14859.65","14857.11","815.07","conventional","Louisville"
"2","193711.04","84856.17","2016-12-11 00:00:00","0.9","12359.04","158.44","96337.39","83236.32","10921.07","2180","conventional","Nashville"
"36","178369.19","96001.31","2016-04-17 00:00:00","0.9","23421.52","1199.07","57747.29","40772.11","16972.66","2.52","conventional","Nashville"
"50","212752.83","123086.83","2016-01-10 00:00:00","0.9","29886.44","7579.87","52199.69","31952.8","20246.89","0","conventional","Nashville"
"48","228086.1","101029.21","2016-01-24 00:00:00","0.9","36030.5","403.01","90623.38","77619.11","13004.27","0","conventional","NewOrleansMobile"
"50","264477.45","160167.42","2016-01-10 00:00:00","0.9","24063.03","440.92","79806.08","67742.84","12063.24","0","conventional","NewOrleansMobile"
"30","2265037.77","1223080.58","2016-05-29 00:00:00","0.9","495021.66","12125.66","534809.87","502399.51","22583.69","9826.67","conventional","Plains"
"48","596989.37","60000.87","2016-01-24 00:00:00","0.9","208201.05","17305.06","311482.39","307475.27","3800.73","206.39","conventional","Portland"
"33","334121.64","89111.96","2016-05-08 00:00:00","0.9","158033.71","6247.53","80728.44","78934.29","1724.92","69.23","conventional","RichmondNorfolk"
"31","171189.02","55226.51","2016-05-22 00:00:00","0.9","50049.44","230.36","65682.71","62687.37","1307.56","1687.78","conventional","Roanoke"
"45","159758.46","47759.39","2016-02-14 00:00:00","0.9","55674.85","185.96","56138.26","52052.28","4085.98","0","conventional","Roanoke"
"1","437170.79","106000.4","2016-12-18 00:00:00","0.9","161104.63","14145.04","155920.72","115858.84","38951.6","1110.28","conventional","SanDiego"
"17","620041.46","244514.34","2016-08-28 00:00:00","0.9","145515.54","14632.5","215379.08","204056.33","10854.69","468.06","conventional","SanDiego"
"38","527115.47","165482.1","2016-04-03 00:00:00","0.9","148671.87","25760.64","187200.86","136889.73","50311.13","0","conventional","SanDiego"
"48","3895844.89","2092736.34","2016-01-24 00:00:00","0.9","663827.91","16838.16","1122442.48","570260.95","552166.44","15.09","conventional","Southeast"
"51","113049.35","25325.06","2016-01-03 00:00:00","0.9","37805.37","4624.15","45294.77","43671.02","1485.68","138.07","conventional","Spokane"
"36","37467885.19","11954487.56","2016-04-17 00:00:00","0.9","12896366.58","1896149.5","10720881.55","8128710.21","2467001.94","125169.4","conventional","TotalUS"
"37","36584029.39","12879820.47","2016-04-10 00:00:00","0.9","11538132.36","1666275.13","10499801.43","7808770.98","2613293.43","77737.02","conventional","TotalUS"
"47","136090.67","36808.59","2017-02-05 00:00:00","0.9","11333.87","23346.13","64602.08","61439.09","3116.04","46.95","conventional","Boise"
"7","324830","5473","2017-11-12 00:00:00","0.9","119880","868","198609","16033","182385","190","conventional","CincinnatiDayton"
"42","284997.7","3110.3","2017-03-12 00:00:00","0.9","77406.82","1153.18","203327.4","28992.04","174289.27","46.09","conventional","CincinnatiDayton"
"0","1116393.2","481105.48","2017-12-31 00:00:00","0.9","307423.18","4818.24","323046.3","161254.88","161616.45","174.97","conventional","DallasFtWorth"
"26","1378563.61","637767.81","2017-07-02 00:00:00","0.9","287481.13","4000.61","449314.06","445093.33","2978.22","1242.51","conventional","DallasFtWorth"
"28","1441940.59","734956.89","2017-06-18 00:00:00","0.9","307811.08","4290.6","394882.02","391342.54","3444.02","95.46","conventional","DallasFtWorth"
"29","1361774.87","734135.94","2017-06-11 00:00:00","0.9","231555.96","2332.57","393750.4","390320.25","3337.58","92.57","conventional","DallasFtWorth"
"35","1407490.7","653423.58","2017-04-30 00:00:00","0.9","337551.65","7032.57","409482.9","405190.18","4155.39","137.33","conventional","DallasFtWorth"
"38","1337046.52","710379.21","2017-04-09 00:00:00","0.9","275048.24","8443.24","343175.83","338910.14","4079","186.69","conventional","DallasFtWorth"
"42","1170640.71","617249.46","2017-03-12 00:00:00","0.9","200229.13","40164.79","312997.33","310580.34","2337.59","79.4","conventional","DallasFtWorth"
"51","470643.79","157160.74","2017-01-08 00:00:00","0.9","76519.91","7819.3","229143.84","225725.06","3415.32","3.46","conventional","Detroit"
"42","903586.21","619358.06","2017-03-12 00:00:00","0.9","151499.32","29781.99","102946.84","101884.7","1062.14","0","conventional","Houston"
"46","216367.38","107196.49","2017-02-12 00:00:00","0.9","33548.36","348.06","75274.47","28073.99","47170.48","30","conventional","Jacksonville"
"3","239587.94","123093.48","2017-12-10 00:00:00","0.9","7029.89","199.82","109264.75","94522.11","13872.64","870","conventional","Nashville"
"27","287217.67","114569.65","2017-06-25 00:00:00","0.9","47014.32","60.26","125573.44","105149.34","18681.51","1742.59","conventional","Nashville"
"46","276002.68","160040.82","2017-02-12 00:00:00","0.9","30195.68","443.13","85323.05","59560.4","13862.65","11900","conventional","NewOrleansMobile"
"2","4951756.35","2460827.88","2017-12-17 00:00:00","0.9","956506.58","17333.23","1517088.66","1167760.58","349011.06","317.02","conventional","SouthCentral"
"38","818355.5","463332.94","2017-04-09 00:00:00","0.9","59419.34","17752.8","277850.42","124912.72","152937.7","0","conventional","WestTexNewMexico"
"6","433809.84","89138.42","2018-02-11 00:00:00","0.9","145487.36","5018.6","194165.46","71692.87","122026.15","446.44","conventional","LasVegas"
"11","6148732.19","3191091.1","2018-01-07 00:00:00","0.9","1064902.97","24586.38","1868151.74","1373791.28","493580","780.46","conventional","SouthCentral"
"7","322673.64","174119.26","2018-02-04 00:00:00","0.9","7272.61","456.41","140825.36","114234.23","26591.13","0","conventional","StLouis"
"10","950954.6","463945.73","2018-01-14 00:00:00","0.9","188126.02","11227.47","287655.38","125408.69","162040.02","206.67","conventional","WestTexNewMexico"
"7","27345.45","390.75","2016-11-06 00:00:00","0.9","8582.72","0","18371.98","673.33","17698.65","0","organic","CincinnatiDayton"
"14","42158.24","14726.43","2016-09-18 00:00:00","0.9","44.64","0","27387.17","27347.17","40","0","organic","Houston"
"45","63682.51","1154.71","2016-02-14 00:00:00","0.9","18425.48","3.31","44099.01","1433.94","42665.07","0","organic","Portland"
"40","12334.46","1490.01","2016-03-20 00:00:00","0.9","578.29","0","10266.16","199.63","10066.53","0","organic","StLouis"
"43","11358.36","2968.08","2016-02-28 00:00:00","0.9","629.17","0","7761.11","20","7741.11","0","organic","StLouis"
"42","18563.32","2140.74","2017-03-12 00:00:00","0.9","4782.95","0","11639.63","189.89","11449.74","0","organic","Atlanta"
"34","145594.19","32779.19","2017-05-07 00:00:00","0.9","13318.7","213.66","99282.64","45109.17","54173.47","0","organic","Denver"
"36","62384.23","12793.11","2017-04-23 00:00:00","0.9","2126.24","69.71","47395.17","47195.08","200.09","0","organic","Denver"
"38","23252.59","719.48","2017-04-09 00:00:00","0.9","5138.49","0","17394.62","1008.83","16385.79","0","organic","Detroit"
"45","226000.27","4432.89","2017-02-19 00:00:00","0.9","66308.19","0","155259.19","29892.25","125366.94","0","organic","GreatLakes"
"40","61552.96","14157","2017-03-26 00:00:00","0.9","134.96","0","47261","47189.51","71.49","0","organic","Houston"
"44","6549.33","107.56","2017-02-26 00:00:00","0.9","1165.45","0","5276.32","972.23","4304.09","0","organic","Indianapolis"
"40","456645.91","36169.35","2017-03-26 00:00:00","0.9","51398.72","139.55","368938.29","152159.53","216778.76","0","organic","West"
"5","174892.99","2565.81","2015-11-22 00:00:00","0.89","115591.25","9595.72","47140.21","13804.56","31446.68","1888.97","conventional","CincinnatiDayton"
"43","226951.64","3610.46","2015-03-01 00:00:00","0.89","157400.74","18680.72","47259.72","14963.96","28229.86","4065.9","conventional","CincinnatiDayton"
"51","158638.04","80298.77","2015-01-04 00:00:00","0.89","51860.47","7609.24","18869.56","16518.15","2132.21","219.2","conventional","Columbus"
"19","268902.14","5134.58","2015-08-16 00:00:00","0.89","177609.75","20395.04","65762.77","55316.85","6674.12","3771.8","conventional","GrandRapids"
"15","1095790.27","421533.83","2015-09-13 00:00:00","0.89","540499.39","5559.36","128197.69","55636.91","72560.78","0","conventional","Houston"
"16","1090493.39","460377.08","2015-09-06 00:00:00","0.89","495487.54","6230.7","128398.07","63724.96","64673.11","0","conventional","Houston"
"18","933166.17","509472.17","2015-08-23 00:00:00","0.89","321616.5","4323.68","97753.82","62733.47","35020.35","0","conventional","Houston"
"3","244024.83","94777.64","2015-12-06 00:00:00","0.89","107758.8","10794.34","30694.05","30201.26","492.79","0","conventional","LasVegas"
"8","2617806.65","1232603.24","2015-11-01 00:00:00","0.89","914725.31","74252.61","396225.49","378048.56","13371.54","4805.39","conventional","LosAngeles"
"10","2661345.12","1045819.2","2015-10-18 00:00:00","0.89","1169758.16","78303.54","367464.22","358998.74","6303.21","2162.27","conventional","LosAngeles"
"49","2800679.5","1925013.31","2015-01-18 00:00:00","0.89","526106.8","59364.23","290195.16","260857.96","26671.18","2666.02","conventional","LosAngeles"
"8","103768.67","3443.02","2015-11-01 00:00:00","0.89","60544.64","5446.36","34334.65","11070.08","21945.2","1319.37","conventional","Louisville"
"11","795732.52","382706.67","2015-10-11 00:00:00","0.89","321487.4","19579.82","71958.63","71955.82","2.81","0","conventional","PhoenixTucson"
"12","726095.5","363730.26","2015-10-04 00:00:00","0.89","269015.75","10663.95","82685.54","82685.54","0","0","conventional","PhoenixTucson"
"29","607468.04","378749.86","2015-06-07 00:00:00","0.89","164367.13","13914.85","50436.2","46211.78","4224.42","0","conventional","SanDiego"
"18","5235579.44","3058909.34","2015-08-23 00:00:00","0.89","1546628.56","30815.55","599225.99","513745.16","85422.36","58.47","conventional","SouthCentral"
"19","5409823.02","3273624.13","2015-08-16 00:00:00","0.89","1474652.79","35283.63","626262.47","536381.17","89808.28","73.02","conventional","SouthCentral"
"20","5353393.56","3096265.87","2015-08-09 00:00:00","0.89","1600371.62","40173.44","616582.63","529408.18","87160.21","14.24","conventional","SouthCentral"
"12","413839.96","184069.95","2015-10-04 00:00:00","0.89","92366.74","106.53","137296.74","52595.05","84698.84","2.85","conventional","Tampa"
"3","28800396.57","9405464.36","2015-12-06 00:00:00","0.89","12160838.62","931830.63","6302262.96","5005077.36","1233956.21","63229.39","conventional","TotalUS"
"47","44655461.51","18933038.04","2015-02-01 00:00:00","0.89","18956479.74","1381516.11","5384427.62","4216452.03","1121076.47","46899.12","conventional","TotalUS"
"10","5413532.64","2012887.19","2015-10-18 00:00:00","0.89","2170792.82","110348.57","1119504.06","689893.69","429405.37","205","conventional","West"
"34","6937095.53","3115937.71","2015-05-03 00:00:00","0.89","2917083.83","104932.26","799141.73","611906.54","186891.82","343.37","conventional","West"
"46","5949846.14","2749122.29","2015-02-08 00:00:00","0.89","2418817","76305.42","705601.43","579412.5","126120.73","68.2","conventional","West"
"51","5794410.58","2275446.87","2015-01-04 00:00:00","0.89","2582300.65","97024.09","839638.97","688813.01","150819.57","6.39","conventional","West"
"11","638486.47","268061.13","2015-10-11 00:00:00","0.89","258518.68","31027.33","80879.33","79841.99","1037.34","0","conventional","WestTexNewMexico"
"16","614657.03","356593.2","2016-09-04 00:00:00","0.89","55475.65","130.69","202457.49","126235.35","75979.08","243.06","conventional","Atlanta"
"36","512348.02","190569.75","2016-04-17 00:00:00","0.89","124409.16","106.39","197262.72","66461.65","130217.81","583.26","conventional","Atlanta"
"15","89822.98","41793.11","2016-09-11 00:00:00","0.89","1783.77","6411.87","39834.23","38898.96","927.29","7.98","conventional","Boise"
"43","89981.54","38143.38","2016-02-28 00:00:00","0.89","5361.13","8767.1","37709.93","37217.14","472.26","20.53","conventional","Boise"
"43","6588277.7","1873878.11","2016-02-28 00:00:00","0.89","2020327.87","302210.56","2391861.16","2091747.51","282242.79","17870.86","conventional","California"
"44","6374019.03","1776499","2016-02-21 00:00:00","0.89","2073957.12","267508.94","2256053.97","2073467.05","167309.24","15277.68","conventional","California"
"37","210309.77","4234.86","2016-04-10 00:00:00","0.89","125252.7","8960.13","71862.08","21423.87","49093.66","1344.55","conventional","CincinnatiDayton"
"38","191169.34","3481.07","2016-04-03 00:00:00","0.89","109917.36","10846.9","66924.01","13780.66","50468.58","2674.77","conventional","CincinnatiDayton"
"48","252317.23","1985.08","2016-01-24 00:00:00","0.89","155256.89","23681.24","71394.02","19633.53","47199.01","4561.48","conventional","CincinnatiDayton"
"48","213215.4","95511.64","2016-01-24 00:00:00","0.89","43916.93","35349.8","38437.03","28562.22","4435.73","5439.08","conventional","Columbus"
"25","1350870.14","609482.85","2016-07-03 00:00:00","0.89","273911.29","95675.27","371800.73","324924.98","16194.53","30681.22","conventional","DallasFtWorth"
"36","332191.52","1877.71","2016-04-17 00:00:00","0.89","256399.93","8605.75","65308.13","58861.1","6229.98","217.05","conventional","GrandRapids"
"24","1101543.61","607069.9","2016-07-10 00:00:00","0.89","208421.56","41628.96","244423.19","201545.27","39452.64","3425.28","conventional","Houston"
"27","1153583.3","627217.28","2016-06-19 00:00:00","0.89","228843.15","74763.08","222759.79","139198.33","70961.46","12600","conventional","Houston"
"3","206009.55","63726.26","2016-12-04 00:00:00","0.89","35344.04","132.58","106806.67","33108.76","73697.91","0","conventional","Jacksonville"
"15","378865.38","200297.27","2016-09-11 00:00:00","0.89","70912.09","5572.58","102083.44","46478.59","55604.85","0","conventional","LasVegas"
"29","410770.75","156235.27","2016-06-05 00:00:00","0.89","109763.53","13189.34","131582.61","55548.86","76033.75","0","conventional","LasVegas"
"30","391993.97","131708.14","2016-05-29 00:00:00","0.89","115790.28","11869.51","132626.04","46240.64","86165.96","219.44","conventional","LasVegas"
"39","120080.36","1969.51","2016-03-27 00:00:00","0.89","74446.68","6188.82","37475.35","12424.3","23482.95","1568.1","conventional","Louisville"
"48","120304.63","1672.67","2016-01-24 00:00:00","0.89","72603.22","9688.49","36340.25","14236.98","20197.82","1905.45","conventional","Louisville"
"50","99956.44","2088.41","2016-01-10 00:00:00","0.89","63265.58","2594.82","32007.63","14248.08","17270.79","488.76","conventional","Louisville"
"27","232084.2","135024.7","2016-06-19 00:00:00","0.89","19715.89","436.95","76906.66","62256.8","13376.53","1273.33","conventional","Nashville"
"29","291490.49","176829.29","2016-06-05 00:00:00","0.89","26539.09","557.45","87564.66","59274.56","15485.38","12804.72","conventional","NewOrleansMobile"
"38","316709.44","183584.86","2016-04-03 00:00:00","0.89","29117.49","4574.45","99432.64","80521.66","18910.98","0","conventional","NewOrleansMobile"
"44","263057.19","142078.71","2016-02-21 00:00:00","0.89","31665.87","322","88990.61","71315.06","17675.55","0","conventional","NewOrleansMobile"
"24","995347.5","485473.19","2016-07-10 00:00:00","0.89","213070.45","11651.42","285152.44","149012.51","135677.43","462.5","conventional","PhoenixTucson"
"33","144813.19","1847.76","2016-05-08 00:00:00","0.89","97359.37","2818.47","42787.59","24483.43","18304.16","0","conventional","Pittsburgh"
"0","473730.19","118030.19","2016-12-25 00:00:00","0.89","191754.65","14438.25","149507.1","125660.66","22080.88","1765.56","conventional","SanDiego"
"26","595917.64","196595.53","2016-06-26 00:00:00","0.89","163147.87","28460.28","207713.96","189495.73","17484.47","733.76","conventional","SanDiego"
"46","1355047.15","333064.46","2016-02-07 00:00:00","0.89","858526.37","72545.79","90910.53","90251.06","619.09","40.38","conventional","SanFrancisco"
"12","917139.67","73071.87","2016-10-02 00:00:00","0.89","190566.13","3182.66","650319.01","361894.56","287932.44","492.01","conventional","Seattle"
"51","814295.85","179151.58","2016-01-03 00:00:00","0.89","290450.07","16134.86","328559.34","327227.91","419.77","911.66","conventional","Seattle"
"32","422276.07","153126.16","2016-05-15 00:00:00","0.89","137072.54","6161.52","125915.85","69081.36","56332.31","502.18","conventional","SouthCarolina"
"26","6046264.46","3148031.62","2016-06-26 00:00:00","0.89","995499.7","425639.83","1477093.31","1226901.91","190503.41","59687.99","conventional","SouthCentral"
"27","6005535.29","3271758.23","2016-06-19 00:00:00","0.89","1118582.85","346244.07","1268950.14","1062854.49","167590.92","38504.73","conventional","SouthCentral"
"31","100552.55","28756.53","2016-05-22 00:00:00","0.89","23438.52","3206.91","45150.59","36360.99","8782.18","7.42","conventional","Spokane"
"41","172598.72","67142.81","2016-03-13 00:00:00","0.89","9121.86","68.81","96265.24","65087.11","31078.15","99.98","conventional","StLouis"
"32","39914996.74","12447598.49","2016-05-15 00:00:00","0.89","14437190.03","1753852.61","11276355.61","7987028.55","3143280.05","146047.01","conventional","TotalUS"
"52","7175276.66","2266313.37","2017-01-01 00:00:00","0.89","2877688.31","90899.53","1940375.45","1762033.74","151333.95","27007.76","conventional","California"
"27","1327166.18","688781.77","2017-06-25 00:00:00","0.89","221432.21","2113.52","414838.68","410536.2","4154.43","148.05","conventional","DallasFtWorth"
"34","1473846.78","824175.3","2017-05-07 00:00:00","0.89","269156.57","2529.17","377985.74","373862.42","4073.67","49.65","conventional","DallasFtWorth"
"6","1142126","620361","2017-11-19 00:00:00","0.89","134476","2776","384513","298259","86254","0","conventional","Houston"
"29","1240308.02","627610.5","2017-06-11 00:00:00","0.89","201534.03","5451.76","405711.73","200221.42","205490.31","0","conventional","Houston"
"44","325905.13","97278.06","2017-02-26 00:00:00","0.89","57129.17","7364.63","164133.27","55239.96","108893.31","0","conventional","LasVegas"
"2","3130916.47","1046466.31","2017-12-17 00:00:00","0.89","1167417.29","76600.37","840432.5","790545.51","14767.42","35119.57","conventional","LosAngeles"
"51","3120961.67","969758.4","2017-01-08 00:00:00","0.89","692908.87","72814.14","1385480.26","1288525.3","72837.94","24117.02","conventional","LosAngeles"
"50","251914.74","109163.63","2017-01-15 00:00:00","0.89","20522.38","121.39","122107.34","106434.47","15372.87","300","conventional","Nashville"
"23","1072590.2","540131.79","2017-07-23 00:00:00","0.89","267082.3","12298.76","253077.35","148179.1","104409.36","488.89","conventional","PhoenixTucson"
"0","614950.95","93210.19","2017-12-31 00:00:00","0.89","250586.4","16024.9","255129.46","204432.64","50366.11","330.71","conventional","Portland"
"43","770551.84","142356.74","2017-03-05 00:00:00","0.89","159767.62","17968.89","450458.59","272980.83","177251.57","226.19","conventional","Portland"
"28","7417264.07","3419006.86","2017-06-18 00:00:00","0.89","1543629.57","28126.85","2426500.79","1501763.36","923549.91","1187.52","conventional","SouthCentral"
"52","38879716.85","12707894.99","2017-01-01 00:00:00","0.89","14201200.68","549844.57","11420776.61","8551133.56","2802709.32","66933.73","conventional","TotalUS"
"0","727024.03","347248.16","2017-12-31 00:00:00","0.89","158559.97","5628.28","215587.62","78402.09","137088.87","96.66","conventional","WestTexNewMexico"
"32","999265.6","545326.36","2017-05-21 00:00:00","0.89","89271.68","12452.44","352215.12","135057.21","217157.91","0","conventional","WestTexNewMexico"
"9","321809.3","92142.87","2018-01-21 00:00:00","0.89","54830.94","12823.81","162011.68","148818.14","13170.73","22.81","conventional","CincinnatiDayton"
"1","316201.23","141265.4","2018-03-18 00:00:00","0.89","11914.02","387.61","162634.2","131128.64","29834.21","1671.35","conventional","Nashville"
"11","1025312.59","470698.28","2018-01-07 00:00:00","0.89","222151.2","14761.13","317701.98","178186.6","134615.38","4900","conventional","PhoenixTucson"
"2","6621293.03","3309218.1","2018-03-11 00:00:00","0.89","926223.64","28752.6","2357098.69","1820819.54","472662.31","63616.84","conventional","SouthCentral"
"5","896808.98","421321.21","2018-02-18 00:00:00","0.89","191798.82","10065.33","273623.62","130348.75","140202.81","3072.06","conventional","WestTexNewMexico"
"34","28020.38","961.24","2015-05-03 00:00:00","0.89","18774.04","2.21","8282.89","503.27","7779.62","0","organic","Columbus"
"31","22034.63","191.26","2015-05-24 00:00:00","0.89","15349.07","0","6494.3","1124.5","5369.8","0","organic","Roanoke"
"7","16601.25","537.42","2016-11-06 00:00:00","0.89","2897.13","0","13166.7","2262.47","10904.23","0","organic","Columbus"
"2","16467.48","477.62","2016-12-11 00:00:00","0.89","4371.87","0","11617.99","1010.4","10607.59","0","organic","Detroit"
"10","48889.9","16501.32","2016-10-16 00:00:00","0.89","19.65","0","32368.93","32358.93","10","0","organic","Houston"
"25","15605.42","615.59","2016-07-03 00:00:00","0.89","5239.37","0","9750.46","431.4","9319.06","0","organic","Nashville"
"29","11777.82","112.51","2016-06-05 00:00:00","0.89","3494.77","0","8170.54","1051.97","7118.57","0","organic","Roanoke"
"37","112486.22","608.37","2016-04-10 00:00:00","0.89","27403.46","10.49","84463.9","5360.97","79102.93","0","organic","Seattle"
"0","5333.76","24.44","2016-12-25 00:00:00","0.89","1081.6","0","4227.72","23.76","4203.96","0","organic","Spokane"
"38","65820.33","11793.22","2017-04-09 00:00:00","0.89","2019.38","76.45","51931.28","47908.39","4022.89","0","organic","Denver"
"41","50646.59","9086.75","2017-03-19 00:00:00","0.89","1631.51","24.46","39903.87","39619.64","284.23","0","organic","Denver"
"45","41481.08","8836.46","2017-02-19 00:00:00","0.89","167.97","0","32476.65","32476.65","0","0","organic","Houston"
"38","15201.67","382.49","2017-04-09 00:00:00","0.89","2930.05","0","11889.13","2331.66","9557.47","0","organic","Roanoke"
"34","8567534.49","4340117.03","2015-05-03 00:00:00","0.88","3403145.1","192473.92","631798.44","609388.58","19735.89","2673.97","conventional","California"
"4","141356.34","2399.32","2015-11-29 00:00:00","0.88","94093.55","5885.57","38977.9","12785.15","24850.38","1342.37","conventional","CincinnatiDayton"
"6","193723.22","2680","2015-11-15 00:00:00","0.88","129291.79","4905.63","56845.8","15733.89","40083.17","1028.74","conventional","CincinnatiDayton"
"51","228569.58","3274.3","2015-01-04 00:00:00","0.88","168764.78","1447.06","55083.44","17525.31","37445.46","112.67","conventional","CincinnatiDayton"
"19","1122668.33","718594.72","2015-08-16 00:00:00","0.88","287298.98","7090.26","109684.37","100806.9","8864.44","13.03","conventional","DallasFtWorth"
"14","244696.01","3612.73","2015-09-20 00:00:00","0.88","177686.12","9651.55","53745.61","51686.05","1815.57","243.99","conventional","GrandRapids"
"9","933623.58","437329.85","2015-10-25 00:00:00","0.88","313129.29","81274.85","101889.59","57577.21","44260.6","51.78","conventional","Houston"
"17","926124.93","559048.7","2015-08-30 00:00:00","0.88","260761.33","4514.17","101800.73","72264.6","29536.13","0","conventional","Houston"
"15","346994.49","82171.46","2015-09-13 00:00:00","0.88","179103","11064.14","74655.89","31703.25","42952.64","0","conventional","LasVegas"
"28","389599.87","145932.79","2015-06-14 00:00:00","0.88","161219.75","3768.89","78678.44","45747.4","32931.04","0","conventional","LasVegas"
"35","334718.74","133307.7","2015-04-26 00:00:00","0.88","132942.52","5032.11","63436.41","39250.19","24170.94","15.28","conventional","LasVegas"
"22","99545.41","1965.35","2015-07-26 00:00:00","0.88","64026.49","2057.87","31495.7","13129.21","17841.09","525.4","conventional","Louisville"
"15","5761848.67","2608997.38","2015-09-13 00:00:00","0.88","2390282.14","34341.44","728227.71","533040.93","195143.56","43.22","conventional","SouthCentral"
"19","290906.05","186669.12","2015-08-16 00:00:00","0.88","44789.17","101.82","59345.94","59339.2","0","6.74","conventional","StLouis"
"11","402228.35","175545.51","2015-10-11 00:00:00","0.88","90767.27","80.58","135834.99","47783.02","88049.12","2.85","conventional","Tampa"
"14","432962.29","186843.91","2015-09-20 00:00:00","0.88","104344.66","88","141685.72","50247.33","91438.39","0","conventional","Tampa"
"1","4737649.03","2017331.24","2015-12-20 00:00:00","0.88","1314711","130849.6","1274757.19","843691.13","417746.45","13319.61","conventional","West"
"7","5094837.54","2204338.57","2015-11-08 00:00:00","0.88","1668416.99","107753.58","1114328.4","770544.02","341544.79","2239.59","conventional","West"
"36","6612422.28","3118686.39","2015-04-19 00:00:00","0.88","2557271.66","87250.83","849213.4","608287.23","240723.48","202.69","conventional","West"
"47","6506673.96","2126066.85","2016-01-31 00:00:00","0.88","2069192.92","287234.03","2024180.16","1874982.24","134692.75","14505.17","conventional","California"
"48","6246380.73","1230068.19","2016-01-24 00:00:00","0.88","2457751.77","272665.17","2285895.6","2122673.09","147881.99","15340.52","conventional","California"
"32","250333.08","3505.82","2016-05-15 00:00:00","0.88","151116.33","21963.46","73747.47","14077.5","53944.28","5725.69","conventional","CincinnatiDayton"
"41","210904.76","3172.25","2016-03-13 00:00:00","0.88","126850.83","7482.64","73399.04","19111.28","52395.6","1892.16","conventional","CincinnatiDayton"
"19","1132112.24","612988.24","2016-08-14 00:00:00","0.88","240643.34","3600.78","274879.88","270626.46","3256.28","997.14","conventional","DallasFtWorth"
"21","1163785.11","670208.32","2016-07-31 00:00:00","0.88","213925.85","4548.4","275102.54","253660.73","19284.9","2156.91","conventional","DallasFtWorth"
"32","295706.69","1673.41","2016-05-15 00:00:00","0.88","211337.24","6471.52","76224.52","67998.45","7823.6","402.47","conventional","GrandRapids"
"17","1021607.04","610762.01","2016-08-28 00:00:00","0.88","216733.12","3065.44","191046.47","124173.71","58652.76","8220","conventional","Houston"
"26","1186692.39","586635.99","2016-06-26 00:00:00","0.88","216133.71","113474.29","270448.4","165598.46","86483.27","18366.67","conventional","Houston"
"32","212806.58","11249.01","2016-05-15 00:00:00","0.88","98565.23","23505.68","79486.66","46726.38","27196.04","5564.24","conventional","Indianapolis"
"46","240237.26","13926.79","2016-02-07 00:00:00","0.88","145591.86","27708.02","53010.59","24152.64","25269.26","3588.69","conventional","Indianapolis"
"49","289298.37","108072.15","2016-01-17 00:00:00","0.88","98543.78","12497.2","70185.24","42600.76","27584.48","0","conventional","LasVegas"
"16","3431676.04","1409249.49","2016-09-04 00:00:00","0.88","626922.72","43844.13","1351659.7","1295162.06","32720.37","23777.27","conventional","LosAngeles"
"34","128108.76","2499.44","2016-05-01 00:00:00","0.88","81916.36","3924.47","39768.49","12605.87","26367.49","795.13","conventional","Louisville"
"51","116363.51","2673.33","2016-01-03 00:00:00","0.88","73869.01","6301.38","33519.79","11090.3","20808.69","1620.8","conventional","Louisville"
"32","889357.25","408466.47","2016-05-15 00:00:00","0.88","227686.36","223.52","252980.9","64835.66","185705.24","2440","conventional","MiamiFtLauderdale"
"35","896845.48","419775.53","2016-04-24 00:00:00","0.88","227523.41","547.08","248999.46","61116.97","186258.88","1623.61","conventional","MiamiFtLauderdale"
"41","799992.86","399729.47","2016-03-13 00:00:00","0.88","176357.78","181.05","223724.56","49544.91","174179.65","0","conventional","MiamiFtLauderdale"
"29","223368.78","136409.36","2016-06-05 00:00:00","0.88","17532.4","727.53","68699.49","52919.87","14359.62","1420","conventional","Nashville"
"33","212720.44","114895.39","2016-05-08 00:00:00","0.88","26341.65","745.9","70737.5","51755.7","18956.39","25.41","conventional","Nashville"
"43","190263.02","99189.75","2016-02-28 00:00:00","0.88","31558.82","7034.53","52479.92","27927.65","24552.27","0","conventional","Nashville"
"45","203205.09","103368.34","2016-02-14 00:00:00","0.88","42830.57","8627.2","48378.98","32189.53","16189.45","0","conventional","Nashville"
"47","282933.79","164436.06","2016-01-31 00:00:00","0.88","33071.52","347.05","85079.16","74926.48","10152.68","0","conventional","NewOrleansMobile"
"49","286862.77","158616.27","2016-01-17 00:00:00","0.88","41109.9","499.98","86636.62","77817.46","8819.16","0","conventional","NewOrleansMobile"
"15","961997.61","504499.4","2016-09-11 00:00:00","0.88","216559.98","11582.2","229356.03","123900.27","105452.43","3.33","conventional","PhoenixTucson"
"15","671817.53","155407.07","2016-09-11 00:00:00","0.88","156920.67","15697.22","343792.57","343446.3","104.02","242.25","conventional","Portland"
"37","681434.09","115155.67","2016-04-10 00:00:00","0.88","233413.33","21804.8","311060.29","309162.69","150.85","1746.75","conventional","Portland"
"47","674373.81","83566.59","2016-01-31 00:00:00","0.88","223504.78","18005.27","349297.17","346063.4","1781.28","1452.49","conventional","Portland"
"50","731602.32","100449.51","2016-01-10 00:00:00","0.88","241994.09","20422.92","368735.8","363944.46","4247.82","543.52","conventional","Portland"
"28","596634.56","216162.48","2016-06-12 00:00:00","0.88","144195.74","26931.15","209345.19","189261.8","19728.39","355","conventional","SanDiego"
"2","809403.75","69913.65","2016-12-11 00:00:00","0.88","207213.83","401.33","531874.94","529839.56","416.21","1619.17","conventional","Seattle"
"35","752138.28","86998.66","2016-04-24 00:00:00","0.88","222808.84","12051.07","430279.71","429116.57","197.83","965.31","conventional","Seattle"
"42","782395.12","101164.1","2016-03-06 00:00:00","0.88","203599.2","8332.9","469298.92","468419","515.93","363.99","conventional","Seattle"
"41","4688502.05","2211225.88","2016-03-13 00:00:00","0.88","1041733.79","17714.52","1417827.86","527240.77","890581.06","6.03","conventional","Southeast"
"50","111604.85","25931.41","2016-01-10 00:00:00","0.88","32688.86","3214.92","49769.66","49569.33","51.35","148.98","conventional","Spokane"
"23","261737.36","53603.39","2016-07-17 00:00:00","0.88","25828.34","304.22","182001.41","152990.15","20179.44","8831.82","conventional","StLouis"
"40","195882.17","74088.91","2016-03-20 00:00:00","0.88","11333.19","27.1","110432.97","73562.41","36866.22","4.34","conventional","StLouis"
"45","36476441.86","11913078.3","2016-02-14 00:00:00","0.88","13187973.29","1811090.71","9564299.56","7102422.27","2387455.67","74421.62","conventional","TotalUS"
"1","5618429.48","2112070.11","2016-12-18 00:00:00","0.88","1168212.84","89996.89","2248149.64","1571421.56","673464.14","3263.94","conventional","West"
"16","863039.15","570194.15","2016-09-04 00:00:00","0.88","87176.97","13318.67","192349.36","112529.49","79499.87","320","conventional","WestTexNewMexico"
"46","4129136.03","765348.23","2017-02-12 00:00:00","0.88","1694610.53","249248.52","1419928.75","978488.81","422557.68","18882.26","conventional","GreatLakes"
"52","4225245.4","636277.7","2017-01-01 00:00:00","0.88","2157249.6","189356.95","1242361.15","885769.21","349032.8","7559.14","conventional","GreatLakes"
"5","991547","501157","2017-11-26 00:00:00","0.88","134619","2692","353079","264827","88252","0","conventional","Houston"
"7","1256897","514065","2017-11-12 00:00:00","0.88","251034","6534","485264","416893","68334","37","conventional","Houston"
"0","3212261.75","1368619.91","2017-12-31 00:00:00","0.88","755743.47","75509.63","1012388.74","959746.82","14343.09","38298.83","conventional","LosAngeles"
"44","216226.59","121849.81","2017-02-26 00:00:00","0.88","13162.21","71.22","81143.35","72019.67","8088.68","1035","conventional","Nashville"
"4","777430","260954","2017-12-03 00:00:00","0.88","168336","12318","335821","295944","39575","302","conventional","Portland"
"44","572076.4","203828.88","2017-02-26 00:00:00","0.88","150939.43","16296.69","201011.4","196998.31","3449.2","563.89","conventional","SanDiego"
"37","6949890.75","3783304.41","2017-04-16 00:00:00","0.88","1212653.06","23850.86","1930082.42","1783244.66","127878.28","18959.48","conventional","SouthCentral"
"49","113430.5","19006.07","2017-01-22 00:00:00","0.88","38753.45","153.69","55517.29","49749.97","5680.78","86.54","conventional","Spokane"
"47","237276.96","131630.24","2017-02-05 00:00:00","0.88","15888.64","160.63","89597.45","79805.09","9792.36","0","conventional","StLouis"
"45","6852304.51","2322985","2017-02-19 00:00:00","0.88","1405482.21","134519.85","2989317.45","1880874.95","1100783.31","7659.19","conventional","West"
"7","1802646.35","257095.68","2018-02-04 00:00:00","0.88","1235325.42","158735.41","151489.84","91953.59","59112.77","423.48","conventional","Chicago"
"7","408921.57","4371.02","2018-02-04 00:00:00","0.88","193222.08","143538.35","67790.12","22315.79","1765.51","43708.82","conventional","GrandRapids"
"7","512982.73","80027.98","2018-02-04 00:00:00","0.88","212174.53","6000.36","214779.86","82603.57","131899.62","276.67","conventional","LasVegas"
"7","1051039.26","78861.85","2018-02-04 00:00:00","0.88","452243.28","15405.98","504528.15","111755.8","391141.49","1630.86","conventional","Portland"
"7","858101.65","311038.84","2018-02-04 00:00:00","0.88","318396.18","23719.23","204947.4","193681.96","8547.66","2717.78","conventional","SanDiego"
"1","855251.17","457635.79","2018-03-18 00:00:00","0.88","137597.04","8422.08","251596.26","151191.85","98535.6","1868.81","conventional","WestTexNewMexico"
"3","935934.1","454269.43","2018-03-04 00:00:00","0.88","164856.57","9907.85","306900.25","164965.35","138399.68","3535.22","conventional","WestTexNewMexico"
"4","895671.55","431217.01","2018-02-25 00:00:00","0.88","171532.79","10590.75","282331","125973.31","147040.26","9317.43","conventional","WestTexNewMexico"
"11","880266.52","436282.38","2018-01-07 00:00:00","0.88","178669.53","9467.11","255847.5","99686.92","155870.58","290","conventional","WestTexNewMexico"
"4","56722.58","5178.73","2015-11-29 00:00:00","0.88","11715.12","15.54","39813.19","385.54","39427.65","0","organic","Denver"
"34","21016.71","259.08","2015-05-03 00:00:00","0.88","13301.01","0","7456.62","1570","5886.62","0","organic","Roanoke"
"10","24025.32","820.02","2016-10-16 00:00:00","0.88","6757.92","0","16447.38","592.13","15855.25","0","organic","Detroit"
"31","24932.62","479.17","2016-05-22 00:00:00","0.88","8182.24","0","16271.21","697.26","15573.95","0","organic","Detroit"
"7","14545.51","391.89","2016-11-06 00:00:00","0.88","5050.9","0","9102.72","35.55","9067.17","0","organic","Nashville"
"39","11880.74","2743.43","2016-03-27 00:00:00","0.88","473.79","0","8663.52","26.47","8637.05","0","organic","StLouis"
"37","60261.72","11936.8","2017-04-16 00:00:00","0.88","133.14","0","48191.78","48107.57","84.21","0","organic","Houston"
"46","11414.9","212.09","2017-02-12 00:00:00","0.88","3013.89","0","8188.92","1869.28","6319.64","0","organic","Roanoke"
"2","5259354.3","1806690.08","2015-12-13 00:00:00","0.87","1627240.76","232985.13","1592438.33","1404012","180150.37","8275.96","conventional","California"
"0","162993.77","2633.37","2015-12-27 00:00:00","0.87","100444.22","9546.88","50369.3","14050.64","30968.06","5350.6","conventional","CincinnatiDayton"
"7","239070.13","2979.02","2015-11-08 00:00:00","0.87","156267.5","19577.35","60246.26","12989.82","42509.75","4746.69","conventional","CincinnatiDayton"
"42","219110.81","3470.71","2015-03-08 00:00:00","0.87","147536.24","3678.29","64425.57","30834.06","32786.33","805.18","conventional","CincinnatiDayton"
"47","216653.06","111171.46","2015-02-01 00:00:00","0.87","59739.98","21795.64","23945.98","16360.12","3422.61","4163.25","conventional","Columbus"
"21","1067498.21","705846.27","2015-08-02 00:00:00","0.87","253860.7","4688.24","103103","91893.62","11209.38","0","conventional","DallasFtWorth"
"10","805437.95","117059.41","2015-10-18 00:00:00","0.87","435491.56","13693.47","239193.51","41688.37","197487.51","17.63","conventional","Denver"
"43","991328.46","481279.09","2015-03-01 00:00:00","0.87","391780.92","4149.71","114118.74","63264.46","50854.28","0","conventional","Houston"
"15","201620.58","3668.07","2015-09-13 00:00:00","0.87","130327.72","17967.91","49656.88","22010.51","24284.79","3361.58","conventional","Indianapolis"
"28","630746.82","403551.43","2015-06-14 00:00:00","0.87","165020.73","14478.75","47695.91","43522.9","4173.01","0","conventional","SanDiego"
"10","4687705.56","2488221.2","2015-10-18 00:00:00","0.87","1352548.07","274013.56","572922.73","489000.2","83782.52","140.01","conventional","SouthCentral"
"13","4987381.36","2252044.96","2015-09-27 00:00:00","0.87","2042360.56","83993.99","608981.85","480873.02","128033.07","75.76","conventional","SouthCentral"
"17","5200252.65","3171393.1","2015-08-30 00:00:00","0.87","1387819.83","28997.59","612042.13","535065.38","76947.64","29.11","conventional","SouthCentral"
"43","5314431.93","2944928.22","2015-03-01 00:00:00","0.87","1629785.85","90167.62","649550.24","518799.05","130726.85","24.34","conventional","SouthCentral"
"19","666493.32","362923.69","2016-08-14 00:00:00","0.87","60912.98","86.59","242570.06","182840.11","59729.95","0","conventional","Atlanta"
"50","6303406.82","1736168.01","2016-01-10 00:00:00","0.87","2173554.18","261931.07","2131753.56","1793640.16","321613.97","16499.43","conventional","California"
"43","227593.54","4252.39","2016-02-28 00:00:00","0.87","129161.49","16207.08","77972.58","18382.22","56152.18","3438.18","conventional","CincinnatiDayton"
"27","1236820.38","633636","2016-06-19 00:00:00","0.87","250585.11","61508.01","291091.26","272250.37","12776.78","6064.11","conventional","DallasFtWorth"
"34","819111.24","153151.67","2016-05-01 00:00:00","0.87","261525.49","15299.33","389134.75","155354.69","231175.89","2604.17","conventional","Denver"
"31","214847.19","10857.82","2016-05-22 00:00:00","0.87","105336.69","17819.68","80833","46352.36","29562.74","4917.9","conventional","Indianapolis"
"37","354098.37","151862.79","2016-04-10 00:00:00","0.87","91833.73","6305.12","104096.73","48046.6","56050.13","0","conventional","LasVegas"
"37","841731.76","399737.57","2016-04-10 00:00:00","0.87","193376.73","155.87","248461.59","54479.13","193376.9","605.56","conventional","MiamiFtLauderdale"
"25","250902.49","106013.67","2016-07-03 00:00:00","0.87","46053","354.02","98481.8","74730.82","23750.98","0","conventional","Nashville"
"30","238624.36","144140.44","2016-05-29 00:00:00","0.87","21273.82","993.26","72216.84","56072.86","15057.31","1086.67","conventional","Nashville"
"41","188478.21","91631.74","2016-03-13 00:00:00","0.87","32085.32","5965.84","58795.31","27726.02","31069.29","0","conventional","Nashville"
"48","167159.24","78105.34","2016-01-24 00:00:00","0.87","33125","6297.48","49631.42","25723.5","23907.92","0","conventional","Nashville"
"35","295498.57","150931.36","2016-04-24 00:00:00","0.87","33965.14","3088.13","107513.94","77956.93","29557.01","0","conventional","NewOrleansMobile"
"36","323909.4","181796.23","2016-04-17 00:00:00","0.87","32868.32","380.73","108864.12","89653.6","19210.52","0","conventional","NewOrleansMobile"
"37","312471.42","166398.15","2016-04-10 00:00:00","0.87","34799.32","612.27","110661.68","81778.22","28883.46","0","conventional","NewOrleansMobile"
"33","6899727.12","135137.08","2016-05-08 00:00:00","0.87","5246830.25","211975.68","1305784.11","1213743.41","91515.7","525","conventional","Northeast"
"32","165733.74","1504.36","2016-05-15 00:00:00","0.87","113018.31","2930.76","48280.31","16500.86","31690.56","88.89","conventional","Pittsburgh"
"27","2559002.86","1093072.84","2016-06-19 00:00:00","0.87","925765.95","11009.71","529154.36","475718.48","41103.42","12332.46","conventional","Plains"
"13","694289.8","122350.41","2016-09-25 00:00:00","0.87","123793.69","16380.23","431765.47","324254.95","107460.99","49.53","conventional","Portland"
"45","567176.93","98599.11","2016-02-14 00:00:00","0.87","169228.62","15639.48","283709.72","283183.03","392.08","134.61","conventional","Portland"
"49","731385.02","91788.6","2016-01-17 00:00:00","0.87","249094.94","16915.12","373586.36","366756.26","6677.6","152.5","conventional","Portland"
"33","184595.6","46723.27","2016-05-08 00:00:00","0.87","76766.69","277.57","60828.07","56454.27","4373.8","0","conventional","Roanoke"
"34","178487.59","42590.28","2016-05-01 00:00:00","0.87","71617.99","715.42","63563.9","61577.35","1986.55","0","conventional","Roanoke"
"30","771235.53","92529.88","2016-05-29 00:00:00","0.87","210394.57","10676.49","457634.59","443121.96","14344.74","167.89","conventional","Seattle"
"31","726064.91","92633.9","2016-05-22 00:00:00","0.87","212729.2","10453.62","410248.19","324711.11","85148.99","388.09","conventional","Seattle"
"18","5682046.61","3137489.03","2016-08-21 00:00:00","0.87","1105902.29","25630.41","1413024.88","1245189.33","153644.22","14191.33","conventional","SouthCentral"
"12","131585.32","12840.53","2016-10-02 00:00:00","0.87","28797.61","151.99","89795.19","45596.93","43887.36","310.9","conventional","Spokane"
"29","125934.24","29094.1","2016-06-05 00:00:00","0.87","30005.5","5361.13","61473.51","60082.4","1383.65","7.46","conventional","Spokane"
"30","109604.3","29399.27","2016-05-29 00:00:00","0.87","21853.06","3012.5","55339.47","55214.3","110.28","14.89","conventional","Spokane"
"37","218755.02","83221.79","2016-04-10 00:00:00","0.87","8054.25","82.27","127396.71","98906.41","28468.59","21.71","conventional","StLouis"
"46","271355.48","76562.84","2016-02-07 00:00:00","0.87","80994.41","32.76","113765.47","71787.46","41934.23","43.78","conventional","StLouis"
"35","39607695.3","12913697.19","2016-04-24 00:00:00","0.87","14382184.8","1599863.98","10711949.33","7835835.83","2801102.86","75010.64","conventional","TotalUS"
"26","6862241.03","2645564.44","2016-06-26 00:00:00","0.87","1532440.38","135483.56","2548752.65","1853714.65","687801.75","7236.25","conventional","West"
"10","902725.42","490768.42","2016-10-16 00:00:00","0.87","72347.94","13559.5","326049.56","204702.97","121346.59","0","conventional","WestTexNewMexico"
"24","979053.68","571522.5","2016-07-10 00:00:00","0.87","102689.06","16968.44","287873.68","187139.46","87776.17","12958.05","conventional","WestTexNewMexico"
"29","365008.71","7487.38","2017-06-11 00:00:00","0.87","85499.13","1348.66","270673.54","24201.61","245215.92","1256.01","conventional","CincinnatiDayton"
"37","1517178.55","756530.97","2017-04-16 00:00:00","0.87","289149.09","4244.38","467254.11","463181.54","3860.39","212.18","conventional","DallasFtWorth"
"31","1315258.8","627786.36","2017-05-28 00:00:00","0.87","268181.39","5549.79","413741.26","187986.63","225754.63","0","conventional","Houston"
"48","224036.18","12914.29","2017-01-29 00:00:00","0.87","93252.53","2759.02","115110.34","53542.2","61566.67","1.47","conventional","Indianapolis"
"34","4214313.1","1745366.17","2017-05-07 00:00:00","0.87","583071.39","97893.53","1787982.01","1727340.36","488.13","60153.52","conventional","LosAngeles"
"0","117941.49","26048.65","2017-12-31 00:00:00","0.87","34289.02","270.75","57333.07","37617.67","19711.15","4.25","conventional","Louisville"
"47","1254201.12","689710.71","2017-02-05 00:00:00","0.87","281503.4","629.67","282357.34","102844.25","178368.65","1144.44","conventional","MiamiFtLauderdale"
"49","251189.52","112820.57","2017-01-22 00:00:00","0.87","30481.58","81.46","107805.91","82914.32","24413.26","478.33","conventional","Nashville"
"49","711564.14","107651.59","2017-01-22 00:00:00","0.87","194199.57","16169.54","393543.44","331105.98","62282.17","155.29","conventional","Portland"
"50","580190.82","156924.39","2017-01-15 00:00:00","0.87","216675.95","14469.29","192121.19","168153.59","23244.82","722.78","conventional","SanDiego"
"45","758887.32","95175.3","2017-02-19 00:00:00","0.87","157514.67","512.85","505684.5","423476.63","81596.26","611.61","conventional","Seattle"
"43","5637789.74","3275101.47","2017-03-05 00:00:00","0.87","959531.9","154394.14","1248762.23","1200644.45","40174.35","7943.43","conventional","SouthCentral"
"52","115041.61","11707.17","2017-01-01 00:00:00","0.87","43700.05","511","59123.39","58631.06","415.97","76.36","conventional","Spokane"
"46","41077470.65","15051951.54","2017-02-12 00:00:00","0.87","12184188.37","862322.15","12979008.59","9922489.84","2919324.45","137194.3","conventional","TotalUS"
"28","1046946.87","578248.12","2017-06-18 00:00:00","0.87","88224.45","10539.38","369934.92","164735.4","205157.85","41.67","conventional","WestTexNewMexico"
"6","723928.38","349354.58","2018-02-11 00:00:00","0.87","39349.47","1608.23","333616.1","241870.49","89401.42","2344.19","conventional","Atlanta"
"1","1362250.25","656842.99","2018-03-18 00:00:00","0.87","247599.72","4978.69","452828.85","329530.61","103951.68","19346.56","conventional","DallasFtWorth"
"2","1356159.96","688566.31","2018-03-11 00:00:00","0.87","213463.41","5709.3","448420.94","329344.14","100310.59","18766.21","conventional","DallasFtWorth"
"7","1381528.74","234985.26","2018-02-04 00:00:00","0.87","468889.32","11698.36","665955.8","88502.27","577453.53","0","conventional","Denver"
"6","130566.55","37508.86","2018-02-11 00:00:00","0.87","30307.97","307.16","62442.56","42692.52","19050.04","700","conventional","Louisville"
"7","62505646.52","21620180.9","2018-02-04 00:00:00","0.87","20445501.03","1066830.22","19373134.37","13384586.8","5719096.61","269450.96","conventional","TotalUS"
"2","4054.49","26.21","2015-12-13 00:00:00","0.87","738.96","2.58","3286.74","1147.38","2139.36","0","organic","Boise"
"45","2863.27","42.95","2016-02-14 00:00:00","0.87","839.99","0","1980.33","204.91","1775.42","0","organic","Boise"
"13","40784.87","13792.1","2016-09-25 00:00:00","0.87","93.57","0","26899.2","26875.87","23.33","0","organic","Houston"
"15","47076.79","14889.88","2016-09-11 00:00:00","0.87","28.98","0","32157.93","32087.93","70","0","organic","Houston"
"40","96171.26","1402.83","2016-03-20 00:00:00","0.87","26703.78","0","68064.65","257.53","67807.12","0","organic","Portland"
"41","50886.04","10922.3","2017-03-19 00:00:00","0.87","38.53","0","39925.21","39122.96","802.25","0","organic","Houston"
"33","16265.74","556.49","2017-05-14 00:00:00","0.87","2648.6","0","13060.65","213.03","12847.62","0","organic","Nashville"
"47","300905.18","4665.89","2015-02-01 00:00:00","0.86","224967.68","19442.29","51829.32","15335.37","31756.14","4737.81","conventional","CincinnatiDayton"
"9","1010394.81","557469.46","2015-10-25 00:00:00","0.86","301143.5","49959.1","101822.75","96417.63","5279.41","125.71","conventional","DallasFtWorth"
"15","1212585.41","564967.74","2015-09-13 00:00:00","0.86","494078.53","9094.89","144444.25","119755.29","24666.41","22.55","conventional","DallasFtWorth"
"13","968988.09","383218.43","2015-09-27 00:00:00","0.86","458982.9","16780.9","110005.86","61098.51","48907.35","0","conventional","Houston"
"42","2797745.89","2005781.71","2015-03-08 00:00:00","0.86","400644.42","62567.6","328752.16","311497.6","15650.13","1604.43","conventional","LosAngeles"
"2","204217.2","119689.49","2015-12-13 00:00:00","0.86","31214.29","437.88","52875.54","44564.8","8310.74","0","conventional","NewOrleansMobile"
"9","4912068.04","2542914.87","2015-10-25 00:00:00","0.86","1537781.45","247539.31","583832.41","475267.2","108231.39","333.82","conventional","SouthCentral"
"16","5979528.24","2897999.07","2015-09-06 00:00:00","0.86","2322076.97","36318.54","723133.66","571900.3","151197.44","35.92","conventional","SouthCentral"
"42","97421.21","41714.26","2016-03-06 00:00:00","0.86","5373.09","7307.07","43026.79","42481.59","527.8","17.4","conventional","Boise"
"33","314243.15","4411.26","2016-05-08 00:00:00","0.86","183121.83","17789.78","108920.28","17361.66","87869.71","3688.91","conventional","CincinnatiDayton"
"44","190349.58","3480.46","2016-02-21 00:00:00","0.86","117328.79","5551.81","63988.52","17167.72","45673.76","1147.04","conventional","CincinnatiDayton"
"45","229211.34","3898.22","2016-02-14 00:00:00","0.86","144374.76","8008.86","72929.5","18358.96","53192.11","1378.43","conventional","CincinnatiDayton"
"49","228860.79","3683.42","2016-01-17 00:00:00","0.86","142145.57","7457.43","75574.37","20728.35","53232.61","1613.41","conventional","CincinnatiDayton"
"32","485653.27","139497.99","2016-05-15 00:00:00","0.86","86027.72","120894.82","139232.74","86915.56","16445.31","35871.87","conventional","Detroit"
"51","492699.87","165617.47","2016-01-03 00:00:00","0.86","93942.49","143911.67","89228.24","51669.47","2096.24","35462.53","conventional","Detroit"
"33","522565.33","6157.76","2016-05-08 00:00:00","0.86","449501.24","436.34","66469.99","64704.02","1765.97","0","conventional","HartfordSpringfield"
"4","255656.46","104641.27","2016-11-27 00:00:00","0.86","41992.71","4857.37","104165.11","44172.65","59992.46","0","conventional","LasVegas"
"32","317621.52","131370.13","2016-05-15 00:00:00","0.86","107124.85","1468.26","77658.28","41031.25","36627.03","0","conventional","LasVegas"
"43","316563.55","122523.18","2016-02-28 00:00:00","0.86","98920.9","14452.27","80667.2","43897.31","36769.89","0","conventional","LasVegas"
"32","106278.64","2286.09","2016-05-15 00:00:00","0.86","62308.98","6837.7","34845.87","12021.77","20894.39","1929.71","conventional","Louisville"
"33","139475.75","2523.81","2016-05-08 00:00:00","0.86","87801.48","6925.3","42225.16","12978.51","27788.83","1457.82","conventional","Louisville"
"44","114817.03","2368.19","2016-02-21 00:00:00","0.86","75573.8","2285.79","34589.25","10663.72","23456.23","469.3","conventional","Louisville"
"45","124650.69","2921.35","2016-02-14 00:00:00","0.86","81575.81","3867.4","36286.13","12729.87","22781.44","774.82","conventional","Louisville"
"32","288244.89","156109.25","2016-05-15 00:00:00","0.86","35603.07","455.63","96076.94","62286.55","33790.39","0","conventional","NewOrleansMobile"
"51","274498.01","159513.2","2016-01-03 00:00:00","0.86","40902.35","352.6","73729.86","65954.52","7775.34","0","conventional","NewOrleansMobile"
"33","2664926.82","1198630.18","2016-05-08 00:00:00","0.86","861839.11","18180.72","586276.81","500461.05","74091.16","11724.6","conventional","Plains"
"27","682680.66","154975.49","2016-06-19 00:00:00","0.86","168948.72","19367.47","339388.98","337166.84","1625.57","596.57","conventional","Portland"
"46","403849.99","82796.77","2016-02-07 00:00:00","0.86","207314.39","41708.37","72030.46","66876.3","5151.7","2.46","conventional","RaleighGreensboro"
"32","553706.74","196229.51","2016-05-15 00:00:00","0.86","169362.37","19467.77","168647.09","133555.36","35091.73","0","conventional","SanDiego"
"44","592197.58","165757.19","2016-02-21 00:00:00","0.86","159025.48","19779.65","247635.26","206855.6","40779.66","0","conventional","SanDiego"
"29","866343.38","97146.75","2016-06-05 00:00:00","0.86","262684.03","13268.56","493244.04","478959.58","13577.66","706.8","conventional","Seattle"
"38","793187.83","111241.96","2016-04-03 00:00:00","0.86","191068.36","9773.45","481104.06","480649.01","107.33","347.72","conventional","Seattle"
"44","755726.36","56523.09","2016-02-21 00:00:00","0.86","215390.45","8476.06","475336.76","474543.29","391.17","402.3","conventional","Seattle"
"50","831911.78","177583.68","2016-01-10 00:00:00","0.86","272041.11","7552.84","374734.15","374204.91","173.51","355.73","conventional","Seattle"
"14","6130653.55","3357771.2","2016-09-18 00:00:00","0.86","1103971.44","16478.55","1652432.36","1446564.1","189481.99","16386.27","conventional","SouthCentral"
"33","4651540.06","2196754.82","2016-05-08 00:00:00","0.86","933112.56","10776.46","1510896.22","712577.48","795541.26","2777.48","conventional","Southeast"
"37","4792907.32","2127098.72","2016-04-10 00:00:00","0.86","1116066.82","10186.67","1539555.11","519721.11","1017680.35","2153.65","conventional","Southeast"
"34","116347.79","30544.24","2016-05-01 00:00:00","0.86","28945.54","3451.47","53406.54","53362.37","0","44.17","conventional","Spokane"
"32","522134.64","214251.75","2016-05-15 00:00:00","0.86","138866.8","113.49","168902.6","58113.67","106150.87","4638.06","conventional","Tampa"
"35","566117.77","233226.21","2016-04-24 00:00:00","0.86","148355.96","155.42","184380.18","60995.42","122379.2","1005.56","conventional","Tampa"
"41","527217.55","219895.48","2016-03-13 00:00:00","0.86","131684.94","263.76","175373.37","56866.76","118506.61","0","conventional","Tampa"
"51","38142088.04","11616506.17","2016-01-03 00:00:00","0.86","16054083.86","1560068.62","8911429.39","6464895.83","2287449.76","159083.8","conventional","TotalUS"
"27","6964845.92","2805282.99","2016-06-19 00:00:00","0.86","1600273.86","140268.18","2419020.89","1643598.7","767883.69","7538.5","conventional","West"
"25","1026317.8","581532.54","2016-07-03 00:00:00","0.86","106150.45","20212.32","318422.49","212681.56","91214.82","14526.11","conventional","WestTexNewMexico"
"45","563018.6","279494.45","2017-02-19 00:00:00","0.86","52644.02","133.35","230746.78","171819.03","55459.69","3468.06","conventional","Atlanta"
"0","278128.16","86072.67","2017-12-31 00:00:00","0.86","43570.02","18071.02","130414.45","120022.99","10142.47","248.99","conventional","CincinnatiDayton"
"27","243935.99","100495.93","2017-06-25 00:00:00","0.86","26548.19","1160.37","115731.5","98172.1","17016.19","543.21","conventional","Columbus"
"51","226219.71","105022.53","2017-01-08 00:00:00","0.86","34667.4","1761.29","84768.49","81562.73","3205.76","0","conventional","Columbus"
"51","222849.42","17783.95","2017-01-08 00:00:00","0.86","112339.02","3127.01","89599.44","41838.55","47759.42","1.47","conventional","Indianapolis"
"51","118310.74","2489.41","2017-01-08 00:00:00","0.86","55251.9","397.86","60171.57","17859.61","42296.4","15.56","conventional","Louisville"
"48","838930.98","114095.9","2017-01-29 00:00:00","0.86","187068.73","478.51","537287.84","496669.13","40312.44","306.27","conventional","Seattle"
"25","7194967.49","3208920.88","2017-07-09 00:00:00","0.86","1183761.98","19559.17","2782725.46","2120458.99","656778.35","5488.12","conventional","SouthCentral"
"35","7483931.18","3221294.56","2017-04-30 00:00:00","0.86","1692107.7","38275.59","2532253.33","1460631.32","1049435.14","22186.87","conventional","SouthCentral"
"44","6928736.97","2178473.36","2017-02-26 00:00:00","0.86","1444476.86","130710.99","3175075.76","1944844.66","1227429.31","2801.79","conventional","West"
"51","7432376.14","2158521.28","2017-01-08 00:00:00","0.86","1969740.61","130700.84","3173413.41","2194867.87","974954.56","3590.98","conventional","West"
"3","751137.79","384349.01","2017-12-10 00:00:00","0.86","133201.98","5774.97","227811.83","104486.24","123222.25","103.34","conventional","WestTexNewMexico"
"26","1023584.42","541032.2","2017-07-02 00:00:00","0.86","87497.9","10276.33","384777.99","168553.29","216224.7","0","conventional","WestTexNewMexico"
"39","886455.71","492263.73","2017-04-02 00:00:00","0.86","60337.44","22050.22","311804.32","141881.26","169923.06","0","conventional","WestTexNewMexico"
"42","813341.58","425584.68","2017-03-12 00:00:00","0.86","60264.21","19234.46","308258.23","138151.67","170106.56","0","conventional","WestTexNewMexico"
"7","957792.07","474887.68","2018-02-04 00:00:00","0.86","55158.13","1755.05","425991.21","292317.81","131566.04","2107.36","conventional","Atlanta"
"7","469093.71","124229.81","2018-02-04 00:00:00","0.86","128208.07","2217.45","214438.38","187621.35","26710.36","106.67","conventional","RichmondNorfolk"
"7","862337.1","262795.28","2018-02-04 00:00:00","0.86","518775.3","1051.29","79715.23","71669.96","1595.61","6449.66","conventional","Sacramento"
"1","6579144.13","3289390.32","2018-03-18 00:00:00","0.86","1115203.69","28384.4","2146165.72","1625982.91","455350.18","64832.63","conventional","SouthCentral"
"9","7128446.75","3429393.15","2018-01-21 00:00:00","0.86","931790.87","36818.11","2730444.62","2311921.49","418189.88","333.25","conventional","SouthCentral"
"18","74326.53","21679.49","2016-08-21 00:00:00","0.86","269.44","0","52377.6","51921.72","455.88","0","organic","DallasFtWorth"
"19","90500.74","25938.55","2016-08-14 00:00:00","0.86","334.11","0","64228.08","62542.16","1685.92","0","organic","DallasFtWorth"
"34","182067.69","85418.52","2016-05-01 00:00:00","0.86","40808.35","142.93","55697.89","25142.95","30554.94","0","organic","Denver"
"48","45127.01","7581.4","2016-01-24 00:00:00","0.86","5040.24","29.68","32475.69","15028.15","17447.54","0","organic","Denver"
"27","14368.37","729.63","2016-06-19 00:00:00","0.86","4863.8","0","8774.94","648.89","8126.05","0","organic","Nashville"
"36","28242.04","912.8","2016-04-17 00:00:00","0.86","14896.94","0","12432.3","1533.45","10898.85","0","organic","Nashville"
"51","10026.13","1303.08","2016-01-03 00:00:00","0.86","932.82","5.29","7784.94","83.92","7701.02","0","organic","StLouis"
"38","24184.04","252.45","2017-04-09 00:00:00","0.86","4493.92","0","19437.67","1003.96","18433.71","0","organic","CincinnatiDayton"
"49","6627.34","172.58","2017-01-22 00:00:00","0.86","2287.61","0","4167.15","57.77","4109.38","0","organic","Nashville"
"47","9032180.67","4794142.14","2015-02-01 00:00:00","0.85","3460743.8","177145.49","600149.24","556205.2","41203.2","2740.84","conventional","California"
"1","175425.57","2732.05","2015-12-20 00:00:00","0.85","108930.75","7517.01","56245.76","12118.45","39679.66","4447.65","conventional","CincinnatiDayton"
"18","1120172.03","679440.88","2015-08-23 00:00:00","0.85","321325.08","8261.74","111144.33","102621.57","8502.23","20.53","conventional","DallasFtWorth"
"20","1124259.51","674531.14","2015-08-09 00:00:00","0.85","332173.47","7793.22","109761.68","101618.63","8139.34","3.71","conventional","DallasFtWorth"
"5","724865.72","100047.56","2015-11-22 00:00:00","0.85","323796.5","18215.73","282805.93","31358.6","251447.33","0","conventional","Denver"
"1","2149872.45","870581.1","2015-12-20 00:00:00","0.85","396515.66","96111.9","786663.79","681332.22","94921.87","10409.7","conventional","LosAngeles"
"30","3196936.02","2355022.1","2015-05-31 00:00:00","0.85","455405.46","76580.26","309928.2","292423.13","14480.99","3024.08","conventional","LosAngeles"
"50","2713699.6","1786326.65","2015-01-11 00:00:00","0.85","617233.39","58892.91","251246.65","222971.68","25111.74","3163.23","conventional","LosAngeles"
"51","2682159.95","1837999.65","2015-01-04 00:00:00","0.85","524430.47","64225.78","255504.05","215571.8","36981.72","2950.53","conventional","LosAngeles"
"6","501838.1","264103.11","2015-11-15 00:00:00","0.85","150523.33","15638.32","71573.34","63091","8482.34","0","conventional","SanDiego"
"33","594740.3","399789.96","2015-05-10 00:00:00","0.85","136147.89","11997.54","46804.91","43190.6","3614.31","0","conventional","SanDiego"
"47","692276.13","357235.87","2015-02-01 00:00:00","0.85","277723.14","15691.23","41625.89","36622.51","4738.29","265.09","conventional","SanDiego"
"44","5208272.73","3077730.66","2015-02-22 00:00:00","0.85","1408136.41","81708.29","640697.37","529675.01","111022.36","0","conventional","SouthCentral"
"3","100233.67","18780","2015-12-06 00:00:00","0.85","39234.39","2758.78","39460.5","38946.79","513.71","0","conventional","Spokane"
"2","4899439.92","1798995.46","2015-12-13 00:00:00","0.85","1596329.01","134101.62","1370013.83","851506.76","517936.19","570.88","conventional","West"
"12","649050.15","240183.49","2015-10-04 00:00:00","0.85","317701.12","16661.98","74503.56","72761.14","1742.42","0","conventional","WestTexNewMexico"
"40","752576.08","489678.55","2015-03-22 00:00:00","0.85","157679.62","14084.25","91133.66","89232.98","1900.68","0","conventional","WestTexNewMexico"
"44","681409.59","455087.17","2015-02-22 00:00:00","0.85","121269.48","16470.86","88582.08","86050.77","2531.31","0","conventional","WestTexNewMexico"
"38","81694.23","676.27","2016-04-03 00:00:00","0.85","70459.66","31.2","10527.1","10058.25","468.85","0","conventional","Albany"
"26","606856.8","272203.41","2016-06-26 00:00:00","0.85","82764.12","173.96","251715.31","199572.08","52123.23","20","conventional","Atlanta"
"33","924194.42","6383.12","2016-05-08 00:00:00","0.85","698437.7","80414.29","138959.31","138862.64","96.67","0","conventional","Boston"
"29","310345.06","4642.74","2016-06-05 00:00:00","0.85","174172.12","23750.21","107779.99","19176.89","81916.42","6686.68","conventional","CincinnatiDayton"
"42","234512.25","3704.39","2016-03-06 00:00:00","0.85","129150.5","24314.72","77342.64","17632.22","54219.12","5491.3","conventional","CincinnatiDayton"
"26","1277488.6","657914.92","2016-06-26 00:00:00","0.85","213129.74","86435.89","320008.05","298365.1","7080.82","14562.13","conventional","DallasFtWorth"
"50","1145736.97","558567.39","2016-01-10 00:00:00","0.85","394770.34","54920.09","137479.15","127168.82","10290.52","19.81","conventional","DallasFtWorth"
"29","939081.28","184534.9","2016-06-05 00:00:00","0.85","326966.95","16485.85","411093.58","83337.89","327755.69","0","conventional","Denver"
"30","977871.04","181470.96","2016-05-29 00:00:00","0.85","282618.43","33023.48","480758.17","79916.14","400601.75","240.28","conventional","Denver"
"46","4865296.26","652666.36","2016-02-07 00:00:00","0.85","2644419.02","704466.56","863744.32","516542.03","238503.11","108699.18","conventional","GreatLakes"
"29","1182841.54","555561.07","2016-06-05 00:00:00","0.85","242491.36","110457.58","274331.53","92784.25","170943.95","10603.33","conventional","Houston"
"34","363104.7","122124.69","2016-05-01 00:00:00","0.85","115747.2","8420.15","116812.66","65345.85","51258.48","208.33","conventional","LasVegas"
"39","314268.27","155872.97","2016-03-27 00:00:00","0.85","72324.4","7121.62","78949.28","41425.39","37523.89","0","conventional","LasVegas"
"26","3258184.45","1295216.97","2016-06-26 00:00:00","0.85","655947.51","105879.74","1201140.23","1091515.32","84463.35","25161.56","conventional","LosAngeles"
"38","91459.57","2091.16","2016-04-03 00:00:00","0.85","52626.19","3898.91","32843.31","9614.81","22101.11","1127.39","conventional","Louisville"
"46","148704.27","2805.31","2016-02-07 00:00:00","0.85","98136.23","10193.62","37569.11","12782.1","22422.61","2364.4","conventional","Louisville"
"30","300077.74","167413","2016-05-29 00:00:00","0.85","47486.01","355.33","84823.4","65115.76","14412.64","5295","conventional","NewOrleansMobile"
"28","626226.63","159711.34","2016-06-12 00:00:00","0.85","167508.33","19531.71","279475.25","277038.36","2380.23","56.66","conventional","Portland"
"3","499144.04","214063.09","2016-12-04 00:00:00","0.85","133318.88","15081.42","136680.65","128681.56","6275.12","1723.97","conventional","SanDiego"
"48","564637.66","104831.87","2016-01-24 00:00:00","0.85","157896.39","21607.39","280302.01","238110.78","42191.23","0","conventional","SanDiego"
"39","781581.62","91025.18","2016-03-27 00:00:00","0.85","192539.97","10623.82","487392.65","486972.2","87.14","333.31","conventional","Seattle"
"28","6195284.67","3356663.69","2016-06-12 00:00:00","0.85","1079764.01","423778.7","1335078.27","964900.17","307836.87","62341.23","conventional","SouthCentral"
"32","111993.65","24776.24","2016-05-15 00:00:00","0.85","22868.96","3401","60947.45","60819.71","32.08","95.66","conventional","Spokane"
"20","268010.32","62085.78","2016-08-07 00:00:00","0.85","28664.77","213.23","177046.54","154944.24","9249.53","12852.77","conventional","StLouis"
"33","263363.51","68597.31","2016-05-08 00:00:00","0.85","12628.1","73.71","182064.39","127495.69","54426.61","142.09","conventional","StLouis"
"37","549365.61","226151.46","2016-04-10 00:00:00","0.85","140518.27","28.42","182667.46","58747.56","123796.29","123.61","conventional","Tampa"
"50","519360.29","250745.95","2016-01-10 00:00:00","0.85","88162.17","131.61","180320.56","70164.37","110156.19","0","conventional","Tampa"
"47","6331953.73","2168765.69","2016-01-31 00:00:00","0.85","1735400.35","186797.28","2240990.41","1438474.3","781447.29","21068.82","conventional","West"
"3","699171.51","353339.84","2016-12-04 00:00:00","0.85","66386.39","10869.1","268576.18","105842.68","162657.94","75.56","conventional","WestTexNewMexico"
"44","631507.77","302620.37","2017-02-26 00:00:00","0.85","53782.78","96.57","275008.05","222151.21","50371.84","2485","conventional","Atlanta"
"26","276442.3","109297.17","2017-07-02 00:00:00","0.85","29874.64","1474.73","135795.76","119449.41","15486.41","859.94","conventional","Columbus"
"4","1199422","575766","2017-12-03 00:00:00","0.85","258400","5217","360040","278475","81498","67","conventional","DallasFtWorth"
"36","1496361.87","673961.13","2017-04-23 00:00:00","0.85","338732.54","5109.09","478559.11","474435.77","3842.99","280.35","conventional","DallasFtWorth"
"28","668936.01","127581.26","2017-06-18 00:00:00","0.85","129555.86","35982.95","375815.94","349596.64","22971.06","3248.24","conventional","Detroit"
"41","1016536.61","653306.71","2017-03-19 00:00:00","0.85","183349.68","21365.41","158514.81","157513.45","998.03","3.33","conventional","Houston"
"33","268519.12","17926.54","2017-05-14 00:00:00","0.85","93535.99","1422.94","155633.65","44372.98","111176.5","84.17","conventional","Indianapolis"
"47","711200.33","362670.27","2017-02-05 00:00:00","0.85","151154.5","307.79","197067.77","94810.52","101426.69","830.56","conventional","Orlando"
"50","758125.51","109638.8","2017-01-15 00:00:00","0.85","187142.02","17794.13","443550.56","415774.16","27321.98","454.42","conventional","Portland"
"51","877646.01","137600.57","2017-01-08 00:00:00","0.85","252977.95","16698.99","470368.5","423677.63","46173.85","517.02","conventional","Portland"
"49","865893.82","102662.26","2017-01-22 00:00:00","0.85","256663.56","556.69","506011.31","393137.4","112547.31","326.6","conventional","Seattle"
"0","6150665.32","2819105.97","2017-12-31 00:00:00","0.85","1288524.97","22204.28","2020830.1","1456270.21","563984.42","575.47","conventional","SouthCentral"
"34","7922898.43","4093101.6","2017-05-07 00:00:00","0.85","1453770.19","18738.51","2357288.13","1526967.7","810444.58","19875.85","conventional","SouthCentral"
"43","128940.32","22154.4","2017-03-05 00:00:00","0.85","31330.88","54.48","75400.56","43180.15","32199.31","21.1","conventional","Spokane"
"45","101482.65","19026.46","2017-02-19 00:00:00","0.85","19163.64","314.98","62977.57","53957.47","8989.8","30.3","conventional","Spokane"
"48","7561590.72","2695457.93","2017-01-29 00:00:00","0.85","1426577.31","128003.65","3311551.83","2241712.64","1065787.79","4051.4","conventional","West"
"50","7449374.27","2349466.71","2017-01-15 00:00:00","0.85","1745015.51","130146.93","3224745.12","2120972.62","1101921.17","1851.33","conventional","West"
"2","754023.66","390096.35","2017-12-17 00:00:00","0.85","161122.14","6208.15","196597.02","94766.7","101820.32","10","conventional","WestTexNewMexico"
"4","799879","359419","2017-12-03 00:00:00","0.85","224516","6690","209254","70520","138586","148","conventional","WestTexNewMexico"
"27","1022130.1","565529.68","2017-06-25 00:00:00","0.85","82613.84","8881.62","365104.96","150840.39","214264.57","0","conventional","WestTexNewMexico"
"9","1437239.09","728035","2018-01-21 00:00:00","0.85","216211.98","6291.83","486700.28","410340.65","76287.17","72.46","conventional","DallasFtWorth"
"6","3323882.38","1497227.27","2018-02-11 00:00:00","0.85","412653.41","79663.02","1334338.68","1271672.84","20164.55","42501.29","conventional","LosAngeles"
"11","303963.18","167628.98","2018-01-07 00:00:00","0.85","10026.09","409.67","125898.44","108075.96","16240.96","1581.52","conventional","Nashville"
"6","207658.32","54069.78","2018-02-11 00:00:00","0.85","44325.77","286.59","108976.18","87195.47","21390.71","390","conventional","Roanoke"
"8","957086.16","479147.93","2018-01-28 00:00:00","0.85","179489.19","7314.98","291134.06","143430.96","147376.43","326.67","conventional","WestTexNewMexico"
"25","20324.1","2065.19","2016-07-03 00:00:00","0.85","6670.1","0","11588.81","1465.71","10123.1","0","organic","Atlanta"
"3","45324.18","12165.52","2016-12-04 00:00:00","0.85","1971.17","23","31164.49","713.02","30451.47","0","organic","Denver"
"27","5739.09","3","2016-06-19 00:00:00","0.85","2053.24","0","3682.85","150","3532.85","0","organic","Louisville"
"37","30449.23","873.84","2016-04-10 00:00:00","0.85","16913.74","0","12661.65","3908.02","8753.63","0","organic","Nashville"
"37","8577.23","93.08","2016-04-10 00:00:00","0.85","1966.33","0","6517.82","0","6517.82","0","organic","Spokane"
"40","67657.35","10129.43","2017-03-26 00:00:00","0.85","1677.51","36.31","55814.1","55592.7","221.4","0","organic","Denver"
"47","16174.94","741.19","2017-02-05 00:00:00","0.85","4326.69","0","11107.06","681.27","10425.79","0","organic","Detroit"
"43","6700134.25","3516551.29","2015-03-01 00:00:00","0.84","2460932.41","170580.54","552070.01","515386.4","34845.51","1838.1","conventional","California"
"13","1063583.86","533088.33","2015-09-27 00:00:00","0.84","390554.54","25647.49","114293.5","101477.9","12776.1","39.5","conventional","DallasFtWorth"
"16","1270739.69","626166.71","2015-09-06 00:00:00","0.84","505568.94","9815.66","129188.38","120588.01","8581.65","18.72","conventional","DallasFtWorth"
"39","354048.59","194240.37","2015-03-29 00:00:00","0.84","104621.47","7463.43","47723.32","39098.87","8624.45","0","conventional","LasVegas"
"7","2621078.31","1314856.37","2015-11-08 00:00:00","0.84","702841.97","75385.11","527994.86","492713.56","29335.02","5946.28","conventional","LosAngeles"
"29","3261844.41","2356669.17","2015-06-07 00:00:00","0.84","447751.9","71705.74","385717.6","367627.51","14651.88","3438.21","conventional","LosAngeles"
"2","462548.3","155111.21","2015-12-13 00:00:00","0.84","118664.89","16726.87","172045.33","128053.44","43991.89","0","conventional","SanDiego"
"12","5201535.32","2257194.22","2015-10-04 00:00:00","0.84","2067870.47","184770.84","691699.79","517821.64","173688.06","190.09","conventional","SouthCentral"
"47","8362504.08","3531350.44","2015-02-01 00:00:00","0.84","3872672","80893.53","877588.11","705333.64","172154.91","99.56","conventional","West"
"43","723488.95","439115.27","2015-03-01 00:00:00","0.84","167245.85","28226.16","88901.67","86800.97","2100.7","0","conventional","WestTexNewMexico"
"35","6933382.4","2507347.38","2016-04-24 00:00:00","0.84","2355998.94","325242.94","1744793.14","1467255.26","257014.51","20523.37","conventional","California"
"25","330182.4","4595.22","2016-07-03 00:00:00","0.84","168217.2","6496.41","150873.57","28096.15","118272.52","4504.9","conventional","CincinnatiDayton"
"30","268328.36","4644.3","2016-05-29 00:00:00","0.84","164356.12","7148.83","92179.11","20884.04","69163.08","2131.99","conventional","CincinnatiDayton"
"3","237639.3","108397.57","2016-12-04 00:00:00","0.84","42477.66","5532.03","81232.04","76008.08","5158.75","65.21","conventional","Columbus"
"32","202002","76164.88","2016-05-15 00:00:00","0.84","47725.96","21036.66","57074.5","33941.16","18532.83","4600.51","conventional","Columbus"
"28","1272166.49","695737.15","2016-06-12 00:00:00","0.84","219368.82","87625.31","269435.21","251773.31","12923.71","4738.19","conventional","DallasFtWorth"
"50","1095287.56","434471.89","2016-01-10 00:00:00","0.84","437751.47","85368.8","137695.4","78471.38","58067.35","1156.67","conventional","Houston"
"1","162502.3","49886.69","2016-12-18 00:00:00","0.84","27329.12","104.17","85182.32","26270.21","58844.05","68.06","conventional","Jacksonville"
"38","298710.72","158984.19","2016-04-03 00:00:00","0.84","62625.8","6877.48","70223.25","47115.04","23108.21","0","conventional","LasVegas"
"0","2641775.31","794840.17","2016-12-25 00:00:00","0.84","669585.49","65359.34","1111990.31","1032762.48","49937.35","29290.48","conventional","LosAngeles"
"1","2377799.62","767981.95","2016-12-18 00:00:00","0.84","513487.28","56245.11","1040085.28","961115.47","55112.27","23857.54","conventional","LosAngeles"
"41","479956.1","216899.51","2016-03-13 00:00:00","0.84","97078.36","450.14","165528.09","42925.83","122602.26","0","conventional","Orlando"
"37","589694.67","190244.17","2016-04-10 00:00:00","0.84","158653.72","21394.47","219402.31","175064.61","44337.7","0","conventional","SanDiego"
"41","567953.21","151219.73","2016-03-13 00:00:00","0.84","139500.87","23806.29","253426.32","203378.55","50047.77","0","conventional","SanDiego"
"36","862450.87","76011.2","2016-04-17 00:00:00","0.84","252920.78","10371.62","523147.27","511071.78","11419.5","655.99","conventional","Seattle"
"17","5775721.7","3166009.65","2016-08-28 00:00:00","0.84","1144644.7","17935.73","1447131.62","1259357.5","142470.58","45303.54","conventional","SouthCentral"
"50","5647635.02","2683172.73","2016-01-10 00:00:00","0.84","1900834.74","263562.26","800065.29","656702.11","140938.24","2424.94","conventional","SouthCentral"
"35","5062464.54","2132612.43","2016-04-24 00:00:00","0.84","1298672.9","10941.97","1620237.24","542495.57","1072748","4993.67","conventional","Southeast"
"43","4740050.22","2325376.99","2016-02-28 00:00:00","0.84","994256.14","13243.4","1407173.69","528218.04","878955.65","0","conventional","Southeast"
"33","127403.24","32460.64","2016-05-08 00:00:00","0.84","34939.02","3173.84","56829.74","55178.16","1553.14","98.44","conventional","Spokane"
"34","42867608.54","13748944.38","2016-05-01 00:00:00","0.84","15899858.37","1414364.49","11804441.3","8376124.32","3365582.11","62734.87","conventional","TotalUS"
"2","6648833.68","1687192.84","2016-12-11 00:00:00","0.84","1545122.38","86234.32","3330284.14","2543800.78","778604.87","7878.49","conventional","West"
"49","755472.09","320378","2017-01-22 00:00:00","0.84","135920.57","179.13","298994.39","177899.15","121095.24","0","conventional","Atlanta"
"25","1514500","675094.64","2017-07-09 00:00:00","0.84","287850.86","3155.06","548399.44","542368.85","3088.55","2942.04","conventional","DallasFtWorth"
"0","467584.3","146333.69","2017-12-31 00:00:00","0.84","91027.9","25276.56","204946.15","161600.45","41058.72","2286.98","conventional","Detroit"
"49","616589.93","129912.94","2017-01-22 00:00:00","0.84","202323.91","25797.7","258555.38","254296.51","3810.7","448.17","conventional","Detroit"
"47","276051.64","19443.88","2017-02-05 00:00:00","0.84","146037.65","5353.25","105216.86","53663.15","51550.76","2.95","conventional","Indianapolis"
"36","439665.28","118344.17","2017-04-23 00:00:00","0.84","81560.68","9126.91","230633.52","41132.11","189154.19","347.22","conventional","LasVegas"
"52","3551337.17","1223299.39","2017-01-01 00:00:00","0.84","829896.69","56808.74","1441332.35","1332601.11","88931.96","19799.28","conventional","LosAngeles"
"34","368796.8","169743.69","2017-05-07 00:00:00","0.84","12217.82","189.96","186645.33","163451.19","21424.14","1770","conventional","Nashville"
"51","255094.17","126438.73","2017-01-08 00:00:00","0.84","17389.25","183","111083.19","98008.64","12089.55","985","conventional","Nashville"
"35","940104.32","220613.6","2017-04-30 00:00:00","0.84","175669.06","20230.57","523591.09","521942.84","1439.44","208.81","conventional","Portland"
"42","922940.33","131660.67","2017-03-12 00:00:00","0.84","200564.13","18137.28","572578.25","536468.52","35442.63","667.1","conventional","Portland"
"47","1557975.05","560686.25","2017-02-05 00:00:00","0.84","900172.65","21331.13","75785.02","71464.46","976.12","3344.44","conventional","SanFrancisco"
"52","822000.04","79598.76","2017-01-01 00:00:00","0.84","267691.37","705.61","474004.3","469004.72","4461.1","538.48","conventional","Seattle"
"4","6037641","2801657","2017-12-03 00:00:00","0.84","1222335","27629","1986021","1596144","389649","228","conventional","SouthCentral"
"39","6777539","3916659.1","2017-04-02 00:00:00","0.84","1012267.12","24556.67","1824056.11","1494823.82","309395.83","19836.46","conventional","SouthCentral"
"48","112192.95","20867.72","2017-01-29 00:00:00","0.84","25238.48","27.25","66059.5","56084.13","9927.04","48.33","conventional","Spokane"
"25","1083015.1","549857.13","2017-07-09 00:00:00","0.84","109308.7","8436.06","415413.21","192156.83","223256.38","0","conventional","WestTexNewMexico"
"33","1108372.45","622089.83","2017-05-14 00:00:00","0.84","105351.01","12177.74","368753.87","143675.74","225078.13","0","conventional","WestTexNewMexico"
"40","910903.81","533119.84","2017-03-26 00:00:00","0.84","65918.97","17073.66","294791.34","139768.43","155022.91","0","conventional","WestTexNewMexico"
"41","914181.01","550156.27","2017-03-19 00:00:00","0.84","60673.98","18046.15","285304.61","122778.9","162525.71","0","conventional","WestTexNewMexico"
"43","841019.69","466853.14","2017-03-05 00:00:00","0.84","55790.06","28477.27","289899.22","128328.66","161570.56","0","conventional","WestTexNewMexico"
"11","256757.6","112638.98","2018-01-07 00:00:00","0.84","32262.19","4167.93","107688.5","89971.36","17360.9","356.24","conventional","Columbus"
"7","169828.77","37164.18","2018-02-04 00:00:00","0.84","52978","805.93","78880.66","51038.21","27458.2","384.25","conventional","Louisville"
"7","1706251.05","459981.14","2018-02-04 00:00:00","0.84","1113987.54","2886.78","129395.59","126171.02","282.38","2942.19","conventional","SanFrancisco"
"0","965185.06","438526.12","2018-03-25 00:00:00","0.84","199585.9","11017.42","316055.62","153009.89","160999.1","2046.63","conventional","WestTexNewMexico"
"9","1020913.2","505263.29","2018-01-21 00:00:00","0.84","177911.4","9468.95","328269.56","118978.5","209131.06","160","conventional","WestTexNewMexico"
"46","2073.07","15.15","2016-02-07 00:00:00","0.84","460.94","0","1596.98","720","876.98","0","organic","Boise"
"11","41224.63","14845.83","2016-10-09 00:00:00","0.84","41.19","0","26337.61","26330.94","6.67","0","organic","Houston"
"39","68627.92","9309.72","2017-04-02 00:00:00","0.84","2010.11","57.73","57250.36","56838.79","411.57","0","organic","Denver"
"29","15511.39","100.36","2017-06-11 00:00:00","0.84","1100.69","0","14310.34","652.77","13657.57","0","organic","Indianapolis"
"49","7308.25","139.19","2017-01-22 00:00:00","0.84","1459.2","0","5709.86","1493.79","4216.07","0","organic","Indianapolis"
"40","15330","258.31","2017-03-26 00:00:00","0.84","2811.96","0","12259.73","2142.46","10117.27","0","organic","Roanoke"
"6","5755190.69","2243013.44","2015-11-15 00:00:00","0.83","2164098.99","195159.32","1152918.94","1091768.68","53797.92","7352.34","conventional","California"
"3","207513.04","2914.81","2015-12-06 00:00:00","0.83","129978.67","15475.56","59144","13539.21","42885.85","2718.94","conventional","CincinnatiDayton"
"10","992983.76","570732.49","2015-10-18 00:00:00","0.83","266044.08","61892.18","94315.01","87201.1","7044.44","69.47","conventional","DallasFtWorth"
"25","1320696.13","835215.79","2015-07-05 00:00:00","0.83","334916.29","5388.47","145175.58","139670.52","5497.78","7.28","conventional","DallasFtWorth"
"2","741702.5","96222.34","2015-12-13 00:00:00","0.83","321764.32","29349.34","294366.5","34244.4","260040.92","81.18","conventional","Denver"
"14","967228.05","417701.88","2015-09-20 00:00:00","0.83","445473.03","6959.5","97093.64","55198.32","41895.32","0","conventional","Houston"
"31","1089679.39","662438.33","2015-05-24 00:00:00","0.83","324447.92","5151.72","97641.42","58142.73","39498.69","0","conventional","Houston"
"38","1249645.2","608887.6","2015-04-05 00:00:00","0.83","496479.07","4878.2","139400.33","132586.15","6814.18","0","conventional","Houston"
"0","292707.14","135799.94","2015-12-27 00:00:00","0.83","93317.46","4977.64","58612.1","34675.97","23936.13","0","conventional","LasVegas"
"4","2156008.93","833468.11","2015-11-29 00:00:00","0.83","501667.47","70943.62","749929.73","681435.37","61342.99","7151.37","conventional","LosAngeles"
"44","2954705.54","2050402.87","2015-02-22 00:00:00","0.83","505580.16","61573.28","337149.23","309850.06","25218.02","2081.15","conventional","LosAngeles"
"45","2926435.94","2146773.46","2015-02-15 00:00:00","0.83","408395.74","62511.83","308754.91","271596.41","35034.18","2124.32","conventional","LosAngeles"
"3","103277.35","2186.88","2015-12-06 00:00:00","0.83","65644.34","4604.01","30842.12","10619.03","19216.17","1006.92","conventional","Louisville"
"9","761261.71","435986.9","2015-10-25 00:00:00","0.83","240689.98","19968.66","64616.17","64585.35","30.82","0","conventional","PhoenixTucson"
"43","572552.24","317625.55","2015-03-01 00:00:00","0.83","202619.21","14036.07","38271.41","32922.93","5315.64","32.84","conventional","SanDiego"
"11","5236047.86","2351606.01","2015-10-11 00:00:00","0.83","1833545.05","426600.81","624295.99","504922.39","119235.17","138.43","conventional","SouthCentral"
"14","5211738.31","2453284.69","2015-09-20 00:00:00","0.83","2117631.84","39835.27","600986.51","478669.38","122302.71","14.42","conventional","SouthCentral"
"23","5703940.56","3141801.51","2015-07-19 00:00:00","0.83","1766900.01","28797.39","766441.65","589126.53","177294.71","20.41","conventional","SouthCentral"
"25","6380287.71","3835278.13","2015-07-05 00:00:00","0.83","1639735.99","47955.04","857318.55","754238.62","103046.99","32.94","conventional","SouthCentral"
"31","5903596.18","3794422.74","2015-05-24 00:00:00","0.83","1434383.77","38143.15","636646.52","545155.31","91459.59","31.62","conventional","SouthCentral"
"35","5578980.69","3637682.35","2015-04-26 00:00:00","0.83","1248422.73","73076.91","619798.7","519975.08","99430.45","393.17","conventional","SouthCentral"
"38","6368728.85","3676642.17","2015-04-05 00:00:00","0.83","1856953.2","104285.22","730848.26","670637.73","58681.56","1528.97","conventional","SouthCentral"
"0","5291979.63","2038443.68","2015-12-27 00:00:00","0.83","1717599.45","125254.82","1410681.68","838267.79","567269.76","5144.13","conventional","West"
"6","5972493.77","1996852.58","2015-11-15 00:00:00","0.83","2060439.93","122763.34","1792437.92","1080985.7","699956.7","11495.52","conventional","West"
"1","649885.76","389110.55","2015-12-20 00:00:00","0.83","108176.29","12953.59","139645.33","90392.86","23535.8","25716.67","conventional","WestTexNewMexico"
"37","590001.82","258662.26","2016-04-10 00:00:00","0.83","141605.69","432.5","189301.37","69497.05","119037.82","766.5","conventional","Atlanta"
"41","100144.93","45571.1","2016-03-13 00:00:00","0.83","4920.83","6448.33","43204.67","42383.79","784.39","36.49","conventional","Boise"
"31","210263.7","105959.95","2016-05-22 00:00:00","0.83","37763.5","6777.98","59762.27","48049.79","9991.52","1720.96","conventional","Columbus"
"20","1244080.92","711725.98","2016-08-07 00:00:00","0.83","241321.5","3385.24","287648.2","269821.55","14711.9","3114.75","conventional","DallasFtWorth"
"44","1006181.04","543538.14","2016-02-21 00:00:00","0.83","221807.33","70976.84","169858.73","151328.72","18486.45","43.56","conventional","DallasFtWorth"
"38","829424.24","153221.66","2016-04-03 00:00:00","0.83","209188.36","25632.09","441382.13","39142.16","402239.97","0","conventional","Denver"
"41","824792.73","158016.76","2016-03-13 00:00:00","0.83","261685.82","33866.06","371224.09","50279.53","320943.18","1.38","conventional","Denver"
"14","1127109.48","702367.94","2016-09-18 00:00:00","0.83","203949.08","3023.74","217768.72","126297","91451.72","20","conventional","Houston"
"28","1209996.42","589477.04","2016-06-12 00:00:00","0.83","236621.03","110054.59","273843.76","114672.48","149147.95","10023.33","conventional","Houston"
"49","1071138.98","447913.43","2016-01-17 00:00:00","0.83","369479.18","116440.7","137305.67","82818.41","50110.59","4376.67","conventional","Houston"
"45","219871.64","13525.56","2016-02-14 00:00:00","0.83","133956.97","15621.58","56767.53","27240.38","27220.07","2307.08","conventional","Indianapolis"
"2","339328.92","83682.89","2016-12-11 00:00:00","0.83","55352.63","6832.2","193461.2","68316.82","125144.38","0","conventional","LasVegas"
"33","427575.05","170359.46","2016-05-08 00:00:00","0.83","144990.1","8687.46","103538.03","46595.95","56942.08","0","conventional","LasVegas"
"35","359872.46","125412.66","2016-04-24 00:00:00","0.83","120811.35","8101.14","105547.31","45051.61","60495.7","0","conventional","LasVegas"
"44","337403.05","121214.86","2016-02-21 00:00:00","0.83","124295.71","6447.94","85444.54","40526.02","44918.52","0","conventional","LasVegas"
"50","309217.44","118958.86","2016-01-10 00:00:00","0.83","110549.87","6133.63","73575.08","40601.67","32973.41","0","conventional","LasVegas"
"28","3248769.26","1439519.4","2016-06-12 00:00:00","0.83","529969.99","105646.55","1173633.32","1064384.25","84760.03","24489.04","conventional","LosAngeles"
"30","3203935.53","1214455.87","2016-05-29 00:00:00","0.83","691108.91","113180.16","1185190.59","1038686.31","119446.72","27057.56","conventional","LosAngeles"
"3","127200.91","1234.09","2016-12-04 00:00:00","0.83","60677.07","664.79","64624.96","11670.33","52954.63","0","conventional","Louisville"
"43","822403.21","428974.24","2016-02-28 00:00:00","0.83","169811.82","702.82","222914.33","56123.39","166790.94","0","conventional","MiamiFtLauderdale"
"32","512839.94","218691.6","2016-05-15 00:00:00","0.83","121577.54","378.29","172192.51","46050.87","121150.53","4991.11","conventional","Orlando"
"35","533830.62","230753.4","2016-04-24 00:00:00","0.83","124208.12","745.37","178123.73","46440.63","130991.43","691.67","conventional","Orlando"
"37","517277.53","229924.68","2016-04-10 00:00:00","0.83","113252.28","213.89","173886.68","43958.19","129928.49","0","conventional","Orlando"
"46","2838853.24","1206795.22","2016-02-07 00:00:00","0.83","1165322.88","29501.59","437233.55","373119.34","62700.76","1413.45","conventional","Plains"
"12","954737.07","93260.65","2016-10-02 00:00:00","0.83","187759.49","15822.01","657894.92","481756.13","175641.94","496.85","conventional","Portland"
"42","769499.11","93795.79","2016-03-06 00:00:00","0.83","207462.92","32885.82","435354.58","434179.72","841.99","332.87","conventional","Portland"
"43","725928.01","83579.8","2016-02-28 00:00:00","0.83","209750.15","18299.84","414298.22","411116.66","2953.08","228.48","conventional","Portland"
"29","661159.79","242212.63","2016-06-05 00:00:00","0.83","171998.98","31852.41","215095.77","175831.59","39014.18","250","conventional","SanDiego"
"32","844349.33","87749.32","2016-05-15 00:00:00","0.83","218295.82","12759.69","525544.5","523711.87","1383.28","449.35","conventional","Seattle"
"29","6351400.69","3351332.61","2016-06-05 00:00:00","0.83","1281791.5","355042.24","1363234.34","976198.08","325421.53","61614.73","conventional","SouthCentral"
"29","284148.54","69394.57","2016-06-05 00:00:00","0.83","10226.94","90.92","204436.11","170177.69","19377.27","14881.15","conventional","StLouis"
"31","6642111.52","2319082.35","2016-05-22 00:00:00","0.83","1642958.82","150382.82","2529687.53","1385581.32","1139276.54","4829.67","conventional","West"
"49","712937.27","440675.35","2016-01-17 00:00:00","0.83","120098.37","26636.1","125527.45","89810.71","28507.85","7208.89","conventional","WestTexNewMexico"
"47","888094.87","442152.5","2017-02-05 00:00:00","0.83","167181.75","412.85","278347.77","180392.3","97837.41","118.06","conventional","Atlanta"
"52","218881.63","87684.11","2017-01-01 00:00:00","0.83","50243.59","4324.39","76629.54","73432.68","3196.86","0","conventional","Columbus"
"2","1084068.05","540252.14","2017-12-17 00:00:00","0.83","217661.59","3860.93","322293.39","262364.04","59824.28","105.07","conventional","DallasFtWorth"
"39","1372247.8","798833.39","2017-04-02 00:00:00","0.83","216633.21","4975.58","351805.62","347585.31","3931.26","289.05","conventional","DallasFtWorth"
"44","540315.74","133389.93","2017-02-26 00:00:00","0.83","105832.88","79598.84","221494.09","186675.1","3009.89","31809.1","conventional","Detroit"
"26","1348652.11","559731.32","2017-07-02 00:00:00","0.83","240188.7","4720.91","544011.18","276152.2","267556.2","302.78","conventional","Houston"
"30","1377530.34","603106.83","2017-06-04 00:00:00","0.83","192105.68","4926.04","577391.79","357447.61","219944.18","0","conventional","Houston"
"32","1262476.33","579270.57","2017-05-21 00:00:00","0.83","219956.52","3706.26","459542.98","190861.62","268681.36","0","conventional","Houston"
"40","1074520.66","663134.3","2017-03-26 00:00:00","0.83","182628.92","5896.58","222860.86","203295.68","19565.18","0","conventional","Houston"
"52","2382742.62","1462454.22","2017-01-01 00:00:00","0.83","509659.58","4780.52","405848.3","387097.97","13008.21","5742.12","conventional","Plains"
"0","315463.87","101602.77","2017-12-31 00:00:00","0.83","102532.75","1995.65","109332.7","97601.86","11720.6","10.24","conventional","RichmondNorfolk"
"36","7523061.26","3396320.97","2017-04-23 00:00:00","0.83","1500545.51","27770","2598424.78","1675300.95","895408.78","27715.05","conventional","SouthCentral"
"42","132799.77","23152.23","2017-03-12 00:00:00","0.83","30302.15","51.55","79293.84","74945.53","4149.17","199.14","conventional","Spokane"
"29","1090267.81","638208.69","2017-06-11 00:00:00","0.83","88563.14","10519.07","352976.91","165191.61","187785.3","0","conventional","WestTexNewMexico"
"30","1104682.52","660903.1","2017-06-04 00:00:00","0.83","87083.97","10771.66","345923.79","146358.81","199564.98","0","conventional","WestTexNewMexico"
"5","231729.88","71473.92","2018-02-18 00:00:00","0.83","15783.23","7110.53","137362.2","108121.76","28080.54","1159.9","conventional","CincinnatiDayton"
"2","1324475.69","614152.38","2018-03-11 00:00:00","0.83","162269.94","4184.08","543869.29","432316.21","110079.75","1473.33","conventional","Houston"
"7","10565056.41","3121272.58","2018-02-04 00:00:00","0.83","3294335.87","142553.21","4006894.75","1151399.33","2838239.39","17256.03","conventional","West"
"3","8502.78","242.52","2016-12-04 00:00:00","0.83","2547.81","0","5712.45","77.78","5634.67","0","organic","Nashville"
"39","25025","303.25","2017-04-02 00:00:00","0.83","4768.12","0","19953.63","996.03","18957.6","0","organic","CincinnatiDayton"
"29","21264.93","596.81","2017-06-11 00:00:00","0.83","3255","0","17413.12","1650.58","15762.54","0","organic","Columbus"
"42","17118.8","656.68","2017-03-12 00:00:00","0.83","3678.24","0","12783.88","2148.56","10635.32","0","organic","Columbus"
"43","318890.26","4497.87","2017-03-05 00:00:00","0.83","85819.87","0","228572.52","30235.13","198337.39","0","organic","GreatLakes"
"1","928051.16","439792.68","2015-12-20 00:00:00","0.82","257532.45","91158.34","139567.69","103511.91","10331.25","25724.53","conventional","DallasFtWorth"
"12","1104602.14","491729.14","2015-10-04 00:00:00","0.82","439095.32","50993.14","122784.54","107305.26","15396.93","82.35","conventional","DallasFtWorth"
"17","1101680.91","674670.89","2015-08-30 00:00:00","0.82","309275.19","7468.25","110266.58","101093.6","9171.11","1.87","conventional","DallasFtWorth"
"23","1186878.88","684455.16","2015-07-19 00:00:00","0.82","364124.15","4970.49","133329.08","115942.32","17379.41","7.35","conventional","DallasFtWorth"
"24","1144448.23","713425.63","2015-07-12 00:00:00","0.82","319277.99","4382.19","107362.42","102573.93","4008.88","779.61","conventional","DallasFtWorth"
"43","1144032.03","665032.82","2015-03-01 00:00:00","0.82","358628.24","12398.67","107972.3","95284.48","12675.55","12.27","conventional","DallasFtWorth"
"6","925618.09","98269.82","2015-11-15 00:00:00","0.82","428998.81","20029.1","378320.36","36279.71","342040.65","0","conventional","Denver"
"8","831994.43","140330.11","2015-11-01 00:00:00","0.82","446007.8","8551.05","237105.47","41633.91","195471.56","0","conventional","Denver"
"12","1019283.99","411727.49","2015-10-04 00:00:00","0.82","435388.05","43558.15","128610.3","59751","68859.3","0","conventional","Houston"
"32","1025659.59","676510.74","2015-05-17 00:00:00","0.82","263395.46","3241.06","82512.33","47881.9","34630.43","0","conventional","Houston"
"36","933033.17","566197.65","2015-04-19 00:00:00","0.82","250464.55","3898.56","112472.41","78217.04","34255.37","0","conventional","Houston"
"44","978807.74","520034.92","2015-02-22 00:00:00","0.82","346617.64","6532.39","105622.79","73227.41","32395.38","0","conventional","Houston"
"36","336520.6","206745.02","2015-04-19 00:00:00","0.82","66506.38","7618.69","55650.51","34413.09","21237.42","0","conventional","LasVegas"
"50","544667.18","303369.02","2015-01-11 00:00:00","0.82","192913.11","12900.65","35484.4","31807.96","3271.85","404.59","conventional","SanDiego"
"4","3969578.89","2105670.46","2015-11-29 00:00:00","0.82","1234911.39","27985.18","601011.86","505843.61","95136.58","31.67","conventional","SouthCentral"
"24","5544366.95","3318843.01","2015-07-12 00:00:00","0.82","1523777.99","33415.56","668330.39","547333.33","119640.03","1357.03","conventional","SouthCentral"
"36","5593885.09","3657278.94","2015-04-19 00:00:00","0.82","1183497.85","114923.71","638184.59","538970.63","99203.37","10.59","conventional","SouthCentral"
"39","5713017.35","3091049.63","2015-03-29 00:00:00","0.82","1836365.62","89374.2","696227.9","633029.23","63160.07","38.6","conventional","SouthCentral"
"9","635873.6","363487.08","2015-10-25 00:00:00","0.82","166607.85","31960.04","73818.63","72717.86","1100.77","0","conventional","WestTexNewMexico"
"17","750669.14","518203.31","2015-08-30 00:00:00","0.82","136374.37","16298.54","79792.92","78731.42","1061.5","0","conventional","WestTexNewMexico"
"37","86897.72","44344.9","2016-04-10 00:00:00","0.82","3303.93","5340.61","33908.28","33662.76","156.09","89.43","conventional","Boise"
"38","97650.29","45952.69","2016-04-03 00:00:00","0.82","5362.4","6316","40019.2","39916.37","94.75","8.08","conventional","Boise"
"46","123715.17","42825.57","2016-02-07 00:00:00","0.82","14822.29","17989.29","48078.02","47555.74","452.82","69.46","conventional","Boise"
"45","6807283.15","1998149.71","2016-02-14 00:00:00","0.82","1974912.11","278558.48","2555662.85","2207054.69","333029.79","15578.37","conventional","California"
"46","1134049.22","68454.39","2016-02-07 00:00:00","0.82","758581.79","155377.3","151635.74","129791.42","21748.61","95.71","conventional","Chicago"
"0","276387.95","2168.67","2016-12-25 00:00:00","0.82","102227.29","970.48","171021.51","26984.7","144036.81","0","conventional","CincinnatiDayton"
"31","250387.73","4092.03","2016-05-22 00:00:00","0.82","144150.98","6810.54","95334.18","18281.32","74251.91","2800.95","conventional","CincinnatiDayton"
"29","1343656.34","655971.77","2016-06-05 00:00:00","0.82","313963.93","74560.86","299159.78","283260.03","8707.09","7192.66","conventional","DallasFtWorth"
"4","854629.64","525324.65","2016-11-27 00:00:00","0.82","173401.51","3567.44","152336.04","81852.59","70483.45","0","conventional","Houston"
"30","1128598.95","554092.01","2016-05-29 00:00:00","0.82","247279.64","116263.41","210963.89","91661.86","110662.03","8640","conventional","Houston"
"0","292038.68","107317.8","2016-12-25 00:00:00","0.82","43301.69","7606.75","133812.44","54017.79","79794.65","0","conventional","LasVegas"
"40","332283.27","127949.65","2016-03-20 00:00:00","0.82","116701.74","13632.17","73999.71","36410.06","37589.65","0","conventional","LasVegas"
"32","2866855.58","1134719.15","2016-05-15 00:00:00","0.82","643464.88","95527.46","993144.09","871562.92","104146","17435.17","conventional","LosAngeles"
"38","2793982.31","865503.72","2016-04-03 00:00:00","0.82","683860.21","101584.86","1143033.52","980989.7","145602.15","16441.67","conventional","LosAngeles"
"37","206829.38","98423.23","2016-04-10 00:00:00","0.82","31061.97","3073.03","74271.15","43662.04","30601.57","7.54","conventional","Nashville"
"43","496972.61","233309.57","2016-02-28 00:00:00","0.82","93393.19","222.23","170047.62","51303.36","118744.26","0","conventional","Orlando"
"33","1007800.54","88762.21","2016-05-08 00:00:00","0.82","334254.33","11093.78","573690.22","552847.39","19202.66","1640.17","conventional","Seattle"
"34","858037.45","91136.13","2016-05-01 00:00:00","0.82","271005.05","11463.75","484432.52","458041.08","25900.73","490.71","conventional","Seattle"
"33","504149.45","216508.21","2016-05-08 00:00:00","0.82","132765.13","6506.62","148369.49","95500.81","52832.8","35.88","conventional","SouthCarolina"
"15","6236078.55","3652516.49","2016-09-11 00:00:00","0.82","1003811.64","15092.69","1564657.73","1379670.23","173092.74","11894.76","conventional","SouthCentral"
"44","5108381.41","2872173.1","2016-02-21 00:00:00","0.82","1020821.92","423920.15","791466.24","658990.14","124051.73","8424.37","conventional","SouthCentral"
"32","5002102.24","2115292.19","2016-05-15 00:00:00","0.82","1218469.25","10065.75","1658275.05","610050.97","1029088.05","19136.03","conventional","Southeast"
"36","131734.46","23285.87","2016-04-17 00:00:00","0.82","29662.45","3466.99","75319.15","75098.77","69.31","151.07","conventional","Spokane"
"44","112075.27","16913.21","2016-02-21 00:00:00","0.82","27398.67","2940.94","64822.45","64778.72","12.72","31.01","conventional","Spokane"
"43","569349.05","248401.81","2016-02-28 00:00:00","0.82","134264.79","46.83","186635.62","67866.87","118768.75","0","conventional","Tampa"
"33","46324529.7","14223304.98","2016-05-08 00:00:00","0.82","17896391.6","1993645.36","12211187.76","8747756.84","3342780.83","120650.09","conventional","TotalUS"
"29","7637424.02","2492773.58","2016-06-05 00:00:00","0.82","2070556.97","147905.62","2926187.85","1971340.38","949755.22","5092.25","conventional","West"
"28","916958.75","552199.46","2016-06-12 00:00:00","0.82","94429.85","56434.44","213895","110853.14","87748.53","15293.33","conventional","WestTexNewMexico"
"51","285027.21","4147.01","2017-01-08 00:00:00","0.82","126967.13","991.09","152921.98","33746.17","118612.86","562.95","conventional","CincinnatiDayton"
"27","1352318.9","569850.04","2017-06-25 00:00:00","0.82","285476.88","2928.68","494063.3","188282.06","305777.91","3.33","conventional","Houston"
"44","2935077.5","980146.15","2017-02-26 00:00:00","0.82","477454.27","70872.57","1406604.51","1341305.37","33291.9","32007.24","conventional","LosAngeles"
"45","225664.23","113867.81","2017-02-19 00:00:00","0.82","12392.24","123.12","99281.06","90304.21","8146.85","830","conventional","Nashville"
"49","7876147.38","2831351.41","2017-01-22 00:00:00","0.82","1718065.83","113570.61","3213159.53","1984947.54","1227056.13","1155.86","conventional","West"
"34","1159488.49","643961.42","2017-05-07 00:00:00","0.82","121509.24","12243.26","381774.57","127690.85","254083.72","0","conventional","WestTexNewMexico"
"37","1115442.01","593840.91","2017-04-16 00:00:00","0.82","87765.85","19105.49","414729.76","149148.45","265581.31","0","conventional","WestTexNewMexico"
"6","218329.7","79239.58","2018-02-11 00:00:00","0.82","26356.05","2998.74","109735.33","73393.34","34338.97","2003.02","conventional","Columbus"
"8","1433095.36","781164.88","2018-01-28 00:00:00","0.82","187033.59","5596.69","459300.2","378776.69","80095.8","427.71","conventional","DallasFtWorth"
"7","287728.25","82020.39","2018-02-04 00:00:00","0.82","55243.26","294.67","150169.93","116918.04","32938.52","313.37","conventional","Roanoke"
"8","7110840.99","3754423.75","2018-01-28 00:00:00","0.82","780891.92","46906.91","2528618.41","2119296.19","408000.54","1321.68","conventional","SouthCentral"
"33","21425.19","227.33","2015-05-10 00:00:00","0.82","12996.7","0","8201.16","1230","6971.16","0","organic","Roanoke"
"40","6092.98","14.02","2016-03-20 00:00:00","0.82","1604.25","0","4474.71","216.67","4258.04","0","organic","Boise"
"1","17920.51","216.36","2016-12-18 00:00:00","0.82","4930.87","0","12773.28","346.06","12427.22","0","organic","CincinnatiDayton"
"9","13219.08","282.64","2016-10-23 00:00:00","0.82","3978.36","0","8958.08","58.33","8899.75","0","organic","Nashville"
"44","12382.8","1078.6","2016-02-21 00:00:00","0.82","801.1","3.49","10499.61","20.55","10479.06","0","organic","StLouis"
"39","4767.59","17.05","2017-04-02 00:00:00","0.82","676.67","0","4073.87","300","3773.87","0","organic","Boise"
"46","18985.89","766.98","2017-02-12 00:00:00","0.82","5919.64","0","12299.27","1146.24","11153.03","0","organic","Detroit"
"11","1100679.15","543166.98","2015-10-11 00:00:00","0.81","349743.64","99900.94","107867.59","101828.12","5967.19","72.28","conventional","DallasFtWorth"
"31","1184131.34","775365.99","2015-05-24 00:00:00","0.81","299938.43","6833.07","101993.85","96860.23","5117.65","15.97","conventional","DallasFtWorth"
"35","1102639.51","717960.82","2015-04-26 00:00:00","0.81","270228.19","12091.21","102359.29","91505.88","10463.78","389.63","conventional","DallasFtWorth"
"38","360356.29","226614.58","2015-04-05 00:00:00","0.81","76597.83","6194.31","50949.57","38773.41","12176.16","0","conventional","LasVegas"
"5","2268076.38","886079.66","2015-11-22 00:00:00","0.81","558302.72","75963.22","747730.78","676325.88","64489.99","6914.91","conventional","LosAngeles"
"47","367711.87","271075.59","2015-02-01 00:00:00","0.81","11860.86","426.32","84349.1","76463.29","7885.81","0","conventional","NewOrleansMobile"
"3","726504.61","117507.93","2015-12-06 00:00:00","0.81","219412.63","9120.48","380463.57","380298.38","0","165.19","conventional","Seattle"
"0","4831664.77","2295315.43","2015-12-27 00:00:00","0.81","1290847.05","392846.12","852656.17","663310","105317.59","84028.58","conventional","SouthCentral"
"1","4565207.85","2166801.03","2015-12-20 00:00:00","0.81","1226508.86","412828.75","759069.21","555356.92","95639.5","108072.79","conventional","SouthCentral"
"8","5072550.94","2344879.12","2015-11-01 00:00:00","0.81","1704035.46","363472.91","660163.45","478366.44","181455.77","341.24","conventional","SouthCentral"
"22","5822521.79","3166737.18","2015-07-26 00:00:00","0.81","1982138.27","32905.16","640741.18","511308.6","129425.5","7.08","conventional","SouthCentral"
"48","5142259.93","3205533.39","2015-01-25 00:00:00","0.81","1298842.9","68870.69","569012.95","476249.64","92763.31","0","conventional","SouthCentral"
"4","519028.45","335446.83","2015-11-29 00:00:00","0.81","103635.94","11463.06","68482.62","67264.73","1217.89","0","conventional","WestTexNewMexico"
"10","681501.3","409639.87","2015-10-18 00:00:00","0.81","177573.02","15805.79","78482.62","77611.2","871.42","0","conventional","WestTexNewMexico"
"22","777883.03","542663.64","2015-07-26 00:00:00","0.81","96112.02","25086.72","114020.65","97555.49","16465.16","0","conventional","WestTexNewMexico"
"33","643699.77","199995.47","2016-05-08 00:00:00","0.81","159036.97","253.52","284413.81","77087.9","206444.51","881.4","conventional","Atlanta"
"39","101267.73","40228.96","2016-03-27 00:00:00","0.81","6891.08","9114.47","45033.22","44763.68","242.28","27.26","conventional","Boise"
"46","302337.87","4898.28","2016-02-07 00:00:00","0.81","177380.94","30149.6","89909.05","22076.72","61180.85","6651.48","conventional","CincinnatiDayton"
"46","233905.62","99884.81","2016-02-07 00:00:00","0.81","55303.67","36191.68","42525.46","30226.47","6961.25","5337.74","conventional","Columbus"
"3","545216.52","156549.99","2016-12-04 00:00:00","0.81","173437.9","22752.47","192476.16","188722.8","3634.98","118.38","conventional","Detroit"
"0","187804.02","70779.81","2016-12-25 00:00:00","0.81","31213.64","208.24","85602.33","30893.35","54708.98","0","conventional","Jacksonville"
"41","241653.71","103139.77","2016-03-13 00:00:00","0.81","47856.7","316.39","90340.85","18010.95","72329.9","0","conventional","Jacksonville"
"1","297506.24","88443.43","2016-12-18 00:00:00","0.81","49295.62","7072.79","152694.4","58263.7","94430.7","0","conventional","LasVegas"
"36","379464.47","143900.7","2016-04-17 00:00:00","0.81","110596.26","6531.44","118436.07","44934.52","73501.55","0","conventional","LasVegas"
"17","3563268.97","1471105.41","2016-08-28 00:00:00","0.81","537892.88","57212.08","1497058.6","1436818.52","32450.42","27789.66","conventional","LosAngeles"
"32","219615.86","103729.74","2016-05-15 00:00:00","0.81","31344.62","975.69","83565.81","55828.84","27611.27","125.7","conventional","Nashville"
"34","237679.37","117137.23","2016-05-01 00:00:00","0.81","37442.51","1425.99","81673.64","49536.04","32137.6","0","conventional","Nashville"
"35","233759.31","111614.9","2016-04-24 00:00:00","0.81","33820.97","1474.28","86849.16","60106.84","26635.38","106.94","conventional","Nashville"
"45","269319.37","175416.56","2016-02-14 00:00:00","0.81","29031.38","379.12","64492.31","51330.77","13161.54","0","conventional","NewOrleansMobile"
"28","991221.27","471620.29","2016-06-12 00:00:00","0.81","222420.61","22944.15","274236.22","151226.12","123010.1","0","conventional","PhoenixTucson"
"2","505122.6","139066.79","2016-12-11 00:00:00","0.81","205742.62","14736.56","145576.63","91917.03","53237.93","421.67","conventional","SanDiego"
"42","627397.71","160581.05","2016-03-06 00:00:00","0.81","156090.46","22297.72","288428.48","218488.21","69940.27","0","conventional","SanDiego"
"50","578610.94","155537.61","2016-01-10 00:00:00","0.81","153030.46","21523.37","248519.5","144796.06","103723.44","0","conventional","SanDiego"
"49","5735627.03","2836077.92","2016-01-17 00:00:00","0.81","1756468.7","373209.85","769870.56","621920.46","136801.89","11148.21","conventional","SouthCentral"
"39","110616.23","21798.74","2016-03-27 00:00:00","0.81","22445.52","3115.62","63256.35","63172.36","0","83.99","conventional","Spokane"
"31","279392.4","85909.4","2016-05-22 00:00:00","0.81","8500.2","15.76","184967.04","156414.69","28505.49","46.86","conventional","StLouis"
"48","503528.16","184104.57","2016-01-24 00:00:00","0.81","122562.12","213.63","196647.84","80146.89","116498.21","2.74","conventional","Tampa"
"41","6725483.24","2302275.93","2016-03-13 00:00:00","0.81","1773673.19","179006.49","2470527.63","1608842.43","860619.11","1066.09","conventional","West"
"49","7221572.36","2091961.92","2016-01-17 00:00:00","0.81","2079267.92","181519.92","2868822.6","1515056.35","1352291.24","1475.01","conventional","West"
"28","304247.54","115493.41","2017-06-18 00:00:00","0.81","35647.1","2235.93","150871.1","135610.65","14771.88","488.57","conventional","Columbus"
"47","391313.63","1573.98","2017-02-05 00:00:00","0.81","298897.77","8303.14","82538.74","78260.3","3910.85","367.59","conventional","GrandRapids"
"38","1244695.02","684059.72","2017-04-09 00:00:00","0.81","272460.29","7690.78","280484.23","204288.42","76195.81","0","conventional","Houston"
"52","263730.05","94909.67","2017-01-01 00:00:00","0.81","46910.39","302.55","121607.44","35501.09","86106.35","0","conventional","Jacksonville"
"51","411218.71","112947.03","2017-01-08 00:00:00","0.81","77763.79","7983.56","212524.33","71141.24","141383.09","0","conventional","LasVegas"
"0","258729.83","159028.54","2017-12-31 00:00:00","0.81","10137.8","177.54","89385.95","70278.2","18477.36","630.39","conventional","Nashville"
"52","318672.94","175385.65","2017-01-01 00:00:00","0.81","42839.67","242","100205.62","68817.75","24039.54","7348.33","conventional","NewOrleansMobile"
"31","1177093.03","535029.37","2017-05-28 00:00:00","0.81","206991.26","17174.58","417897.82","211188.34","205430.31","1279.17","conventional","PhoenixTucson"
"0","194627.58","63533.54","2017-12-31 00:00:00","0.81","44810.59","99.22","86184.23","64304.28","21865.75","14.2","conventional","Roanoke"
"47","706098.15","365828.76","2017-02-05 00:00:00","0.81","182799.5","6024.17","151445.72","92596.35","58746.59","102.78","conventional","SouthCarolina"
"47","7545938.97","3878267.73","2017-02-05 00:00:00","0.81","1537592.22","10563.99","2119515.03","1194582.55","919049.98","5882.5","conventional","Southeast"
"35","978289.98","550326.03","2017-04-30 00:00:00","0.81","85308.08","11068.06","331587.81","125278.55","206309.26","0","conventional","WestTexNewMexico"
"7","7094764.73","1410647.88","2018-02-04 00:00:00","0.81","2875747.93","667141.61","2141227.31","1436877.51","573049.04","131300.76","conventional","GreatLakes"
"6","258008.01","86439.93","2018-02-11 00:00:00","0.81","52397.39","5258.07","113912.62","90091.1","21306.88","2514.64","conventional","Indianapolis"
"10","1354912.98","628591.78","2018-01-14 00:00:00","0.81","284087.44","15249.83","426983.93","200603.91","221593.36","4786.66","conventional","PhoenixTucson"
"33","29694.82","967.36","2015-05-10 00:00:00","0.81","17214.8","1.11","11511.55","433.31","11078.24","0","organic","Columbus"
"27","16577.89","1602.07","2016-06-19 00:00:00","0.81","5021.97","0","9953.85","588.89","9364.96","0","organic","Atlanta"
"12","43340.59","14646.38","2016-10-02 00:00:00","0.81","17.61","0","28676.6","28666.6","10","0","organic","Houston"
"37","14080.32","100.61","2016-04-10 00:00:00","0.81","4237.88","0","9741.83","5961.78","3780.05","0","organic","Roanoke"
"0","80324.51","353.45","2016-12-25 00:00:00","0.81","15255.56","2.62","64712.88","548.41","64164.47","0","organic","Seattle"
"40","4448.99","9.09","2017-03-26 00:00:00","0.81","541.44","0","3898.46","233.33","3665.13","0","organic","Boise"
"0","1020390.64","494425.64","2015-12-27 00:00:00","0.8","276556.76","84912.97","164495.27","136560.04","12277.7","15657.53","conventional","DallasFtWorth"
"4","839818.87","477944.48","2015-11-29 00:00:00","0.8","244879.52","6211.5","110783.37","96799.4","13967.44","16.53","conventional","DallasFtWorth"
"7","977717.36","563069.05","2015-11-08 00:00:00","0.8","278244.62","33026.94","103376.75","92853.6","10364.96","158.19","conventional","DallasFtWorth"
"22","1191310.92","661845.98","2015-07-26 00:00:00","0.8","406523.56","6417.32","116524.06","97727.08","18793.29","3.69","conventional","DallasFtWorth"
"36","1137811.87","735235.09","2015-04-19 00:00:00","0.8","284292.72","16013.68","102270.38","89209.96","13055.16","5.26","conventional","DallasFtWorth"
"44","1116600.76","695493.39","2015-02-22 00:00:00","0.8","305788.6","12580.26","102738.51","85321.83","17416.68","0","conventional","DallasFtWorth"
"48","1008295.47","649344.32","2015-01-25 00:00:00","0.8","271152.06","9610.83","78188.26","60158.3","18029.96","0","conventional","DallasFtWorth"
"40","1036663.77","514614.47","2015-03-22 00:00:00","0.8","393974.61","5199.15","122875.54","71977.68","50897.86","0","conventional","Houston"
"51","317861.35","134003.07","2015-01-04 00:00:00","0.8","120628.37","4591.23","58638.68","58126.59","512.09","0","conventional","LasVegas"
"0","2326942.14","976982.58","2015-12-27 00:00:00","0.8","455203.42","86202.11","808554.03","722787.61","74359.03","11407.39","conventional","LosAngeles"
"34","740760.3","424263.68","2015-05-03 00:00:00","0.8","247709.36","14408.91","54378.35","50153.42","4224.93","0","conventional","SanDiego"
"5","4347510.51","2187382.97","2015-11-22 00:00:00","0.8","1451468.73","39736.75","668922.06","550979.27","117935.74","7.05","conventional","SouthCentral"
"7","4864814.01","2470146.6","2015-11-08 00:00:00","0.8","1630407.36","115276.98","648983.07","485540.3","163125.93","316.84","conventional","SouthCentral"
"37","5930072.71","3851189.34","2015-04-12 00:00:00","0.8","1385674.25","102729.01","590480.11","536034.76","54424.19","21.16","conventional","SouthCentral"
"42","5864999.81","3215935.34","2015-03-08 00:00:00","0.8","1855972.27","79560","713532.2","537992.32","175511.51","28.37","conventional","SouthCentral"
"45","5204971.91","3046997.7","2015-02-15 00:00:00","0.8","1421557.06","93961.98","642455.17","540023.82","102417.63","13.72","conventional","SouthCentral"
"50","5409726.02","2973367.52","2015-01-11 00:00:00","0.8","1717171.24","88373.78","630813.48","533599.2","97164.07","50.21","conventional","SouthCentral"
"8","592115.57","350881.82","2015-11-01 00:00:00","0.8","131576.51","32802.6","76854.64","75700.11","1154.53","0","conventional","WestTexNewMexico"
"16","790420.66","487551.38","2015-09-06 00:00:00","0.8","183612.44","16170.57","103086.27","91173.4","11912.87","0","conventional","WestTexNewMexico"
"18","740213.87","535570.33","2015-08-23 00:00:00","0.8","100108.86","13332.23","91202.45","87927.36","3275.09","0","conventional","WestTexNewMexico"
"48","720800.61","519142.82","2015-01-25 00:00:00","0.8","124248.86","10573.29","66835.64","65072.69","1762.95","0","conventional","WestTexNewMexico"
"49","729795.72","516446.41","2015-01-18 00:00:00","0.8","128438.87","12473.14","72437.3","71564.22","873.08","0","conventional","WestTexNewMexico"
"2","98346.8","30311.25","2016-12-11 00:00:00","0.8","10382.62","4088.1","53564.83","53190.59","319.56","54.68","conventional","Boise"
"46","325941.39","63128.71","2016-02-07 00:00:00","0.8","160544.54","42056.68","60211.46","42529.78","17681.68","0","conventional","Charlotte"
"14","1382358","649265.56","2016-09-18 00:00:00","0.8","269041.4","2164.71","461886.33","454623.95","5993.16","1269.22","conventional","DallasFtWorth"
"47","1128639.48","603099.94","2016-01-31 00:00:00","0.8","287514.29","78916.52","159108.73","121050.99","19753.34","18304.4","conventional","DallasFtWorth"
"33","1113912.58","181354.77","2016-05-08 00:00:00","0.8","427697.05","13291.11","491569.65","73293.05","416966.26","1310.34","conventional","Denver"
"47","892702.46","167669.42","2016-01-31 00:00:00","0.8","270481.63","27489.66","427061.75","45613.25","381448.5","0","conventional","Denver"
"44","966990.9","566062.35","2016-02-21 00:00:00","0.8","200934.84","90645.64","109348.07","64626.95","38634.45","6086.67","conventional","Houston"
"33","224519.56","113354.85","2016-05-08 00:00:00","0.8","34526.39","280.48","76357.84","30053.56","46304.28","0","conventional","Jacksonville"
"35","267225.58","104786.41","2016-04-24 00:00:00","0.8","61113.12","134.35","101191.7","21102.41","79512.9","576.39","conventional","Jacksonville"
"37","261081.39","106314.87","2016-04-10 00:00:00","0.8","54201.27","196.31","100368.94","19744.98","79967.02","656.94","conventional","Jacksonville"
"51","332971.8","103710.64","2016-01-03 00:00:00","0.8","138142.95","15505.49","75612.72","36619.05","38993.67","0","conventional","LasVegas"
"43","320342.69","173568.42","2016-02-28 00:00:00","0.8","35255.98","991.5","110526.79","84691.42","25835.37","0","conventional","NewOrleansMobile"
"36","621350.28","219230.99","2016-04-17 00:00:00","0.8","155882.34","22416.32","223820.63","199325.34","24495.29","0","conventional","SanDiego"
"39","615580.7","183067.39","2016-03-27 00:00:00","0.8","162858.06","23076.81","246578.44","180500.59","66077.85","0","conventional","SanDiego"
"43","585693.61","143189.43","2016-02-28 00:00:00","0.8","144667.93","25138.48","272697.77","201892.8","70804.97","0","conventional","SanDiego"
"30","6239677.27","3270603.2","2016-05-29 00:00:00","0.8","1322066.02","347794.01","1299214.04","1034533.11","229576.24","35104.69","conventional","SouthCentral"
"30","245482.03","71157.19","2016-05-29 00:00:00","0.8","9858.5","210.8","164255.54","150822.59","13401.63","31.32","conventional","StLouis"
"35","233320.58","65855","2016-04-24 00:00:00","0.8","10636.81","10.97","156817.8","123839.46","32941.31","37.03","conventional","StLouis"
"42","6903293","2817152.63","2016-03-06 00:00:00","0.8","1691666.04","171164.48","2223309.85","1665446.71","556980.31","882.83","conventional","West"
"4","674184.53","415839.52","2016-11-27 00:00:00","0.8","45217.58","9805.34","203322.09","104487.22","98716.81","118.06","conventional","WestTexNewMexico"
"26","1028845.61","558419.63","2016-06-26 00:00:00","0.8","101284.45","23127.35","346014.18","243993.8","95170.94","6849.44","conventional","WestTexNewMexico"
"31","857842.32","497605.2","2016-05-22 00:00:00","0.8","111206.4","50440.46","198590.26","97204.01","93102.92","8283.33","conventional","WestTexNewMexico"
"27","337211.8","4289.76","2017-06-25 00:00:00","0.8","100910.25","1020.95","230990.84","28717.58","201500.92","772.34","conventional","CincinnatiDayton"
"0","221203.78","103506.03","2017-12-31 00:00:00","0.8","30763.37","5224.82","81709.56","68828.14","12796.92","84.5","conventional","Columbus"
"52","959368.84","138364.14","2017-01-01 00:00:00","0.8","336467.73","12664.38","471872.59","310280.15","161495.22","97.22","conventional","Denver"
"44","823735.2","115599.41","2017-02-26 00:00:00","0.8","177935.95","3415.76","526784.08","446738.29","79634.56","411.23","conventional","Seattle"
"51","938061.93","106390.45","2017-01-08 00:00:00","0.8","348112.17","274.97","483284.34","456141.41","26533.02","609.91","conventional","Seattle"
"3","6113749.37","2897662.05","2017-12-10 00:00:00","0.8","1093963.73","25059.21","2097064.38","1732882.47","363630.88","551.03","conventional","SouthCentral"
"45","870359.48","520135.25","2017-02-19 00:00:00","0.8","62561.35","15797.29","271865.59","143141.71","128723.88","0","conventional","WestTexNewMexico"
"7","10894677.77","4473811.63","2018-02-04 00:00:00","0.8","4097591.67","146357.78","2176916.69","2072477.62","34196.27","70242.8","conventional","California"
"6","305400.41","98065.66","2018-02-11 00:00:00","0.8","31216.87","11211.24","164906.64","124062.8","34478.97","6364.87","conventional","CincinnatiDayton"
"11","1390616.83","658828.73","2018-01-07 00:00:00","0.8","171364.98","3656.03","556767.09","446637.02","110130.07","0","conventional","Houston"
"6","303827.76","149429.09","2018-02-11 00:00:00","0.8","10869.53","363.33","143165.81","107936.13","33522.21","1707.47","conventional","Nashville"
"7","391780.25","186689.66","2018-02-04 00:00:00","0.8","15471.74","466.2","189152.65","141976.99","45308.77","1866.89","conventional","Nashville"
"5","14848.98","244.84","2016-11-20 00:00:00","0.8","3494.58","0","11109.56","1253.89","9855.67","0","organic","Nashville"
"48","15828","241.14","2017-01-29 00:00:00","0.8","4263.69","0","11323.17","446.01","10877.16","0","organic","CincinnatiDayton"
"51","39403.42","8720.61","2017-01-08 00:00:00","0.8","1639.28","53.69","28989.84","3473.4","25516.44","0","organic","Denver"
"46","5288.74","4","2017-02-12 00:00:00","0.8","1259.97","0","4024.77","313.33","3711.44","0","organic","Louisville"
"2","207386.27","3802.6","2015-12-13 00:00:00","0.79","123544.78","4574.03","75464.86","15835.2","58783.54","846.12","conventional","CincinnatiDayton"
"2","980891.18","476178.99","2015-12-13 00:00:00","0.79","319789.56","62436.8","122485.83","114978.22","7472.99","34.62","conventional","DallasFtWorth"
"39","1164808.22","645523.05","2015-03-29 00:00:00","0.79","396361","13339.76","109584.41","95894.64","13670.42","19.35","conventional","DallasFtWorth"
"4","783225.98","391616.95","2015-11-29 00:00:00","0.79","289533.68","4334.89","97740.46","67880.28","29860.18","0","conventional","Houston"
"11","1036269.51","410949.18","2015-10-11 00:00:00","0.79","385629.69","126765.96","112924.68","62638.13","50286.55","0","conventional","Houston"
"22","1086740.19","522819.52","2015-07-26 00:00:00","0.79","443177.18","5096.53","115646.96","69845.31","45801.65","0","conventional","Houston"
"24","999607.51","559622.59","2015-07-12 00:00:00","0.79","307628.06","3226.08","129130.78","71467.17","57474.72","188.89","conventional","Houston"
"25","1173819.67","652959.91","2015-07-05 00:00:00","0.79","371700.87","3957.2","145201.69","98660.98","46540.71","0","conventional","Houston"
"35","1082231.89","689172.94","2015-04-26 00:00:00","0.79","295785.8","5527.28","91745.87","58557.13","33188.74","0","conventional","Houston"
"37","1096074.97","631292.63","2015-04-12 00:00:00","0.79","353794.42","3936.53","107051.39","97144.19","9907.2","0","conventional","Houston"
"39","1116225.29","502389.02","2015-03-29 00:00:00","0.79","480447.28","4633.28","128755.71","122988.43","5767.28","0","conventional","Houston"
"28","3689140.93","2747257.69","2015-06-14 00:00:00","0.79","497878.86","69556.02","374448.36","357012.13","14619.41","2816.82","conventional","LosAngeles"
"20","981975.08","621184.17","2015-08-09 00:00:00","0.79","228961.24","7040.81","124788.86","79670.22","45118.64","0","conventional","PhoenixTucson"
"11","657656.23","84270.47","2015-10-11 00:00:00","0.79","324386.38","31627.53","217371.85","211701.25","3997.36","1673.24","conventional","Portland"
"27","6153608.75","3460014.16","2015-06-21 00:00:00","0.79","1739133.4","97002.67","857458.52","683943.14","173497.82","17.56","conventional","SouthCentral"
"32","5831782.44","3979432.32","2015-05-17 00:00:00","0.79","1202270.23","33292.23","616787.66","528432.48","88337.6","17.58","conventional","SouthCentral"
"33","6400340.97","3969053.76","2015-05-10 00:00:00","0.79","1709201.45","36330.84","685754.92","533597.59","152122.11","35.22","conventional","SouthCentral"
"41","5703759.21","3290881.46","2015-03-15 00:00:00","0.79","1644220.11","115290.48","653367.16","522678.26","130674.88","14.02","conventional","SouthCentral"
"49","5322625.57","2839359.92","2015-01-18 00:00:00","0.79","1782045.18","146481.44","554739.03","497106.16","57607.18","25.69","conventional","SouthCentral"
"13","714977.26","255897.91","2015-09-27 00:00:00","0.79","376232.89","12988.42","69858.04","68312.62","1545.42","0","conventional","WestTexNewMexico"
"21","795371.51","573107.42","2015-08-02 00:00:00","0.79","94633.45","13662.27","113968.37","95673.46","18294.91","0","conventional","WestTexNewMexico"
"31","585351.77","206761.15","2016-05-22 00:00:00","0.79","110884.32","174.9","267531.4","91575.69","171020.72","4934.99","conventional","Atlanta"
"35","654018.81","233878.1","2016-04-24 00:00:00","0.79","189043.44","67.42","231029.85","71926.92","158919.6","183.33","conventional","Atlanta"
"33","7808461.74","2716222.01","2016-05-08 00:00:00","0.79","2615648.28","336387.9","2140203.55","1606311.87","508755.56","25136.12","conventional","California"
"15","1308970.15","714506.15","2016-09-11 00:00:00","0.79","230292.68","2193.26","361978.06","350013.34","9088.35","2876.37","conventional","DallasFtWorth"
"49","1164936.06","600983.92","2016-01-17 00:00:00","0.79","369825.14","79252.03","114874.97","99602.79","15226.79","45.39","conventional","DallasFtWorth"
"32","257370.46","98256.73","2016-05-15 00:00:00","0.79","59901.5","275.59","98936.64","19409.71","77620.26","1906.67","conventional","Jacksonville"
"41","344613.01","130879.58","2016-03-13 00:00:00","0.79","109512.41","6824.1","97396.92","41534.49","55862.43","0","conventional","LasVegas"
"45","371467.52","144507.48","2016-02-14 00:00:00","0.79","110749.56","7330.96","108879.52","47967.47","60912.05","0","conventional","LasVegas"
"41","2987393.94","767298.16","2016-03-13 00:00:00","0.79","657175.2","96884.94","1466035.64","1318493.96","129444.42","18097.26","conventional","LosAngeles"
"2","105228.6","1367.94","2016-12-11 00:00:00","0.79","44377.9","142.37","59340.39","11915.91","47411.82","12.66","conventional","Louisville"
"34","1078794.69","526288.51","2016-05-01 00:00:00","0.79","260626.27","584.32","291295.59","71215.05","220080.54","0","conventional","MiamiFtLauderdale"
"17","1024799.73","590085.71","2016-08-28 00:00:00","0.79","207913.34","10716.73","216083.95","103197.4","112886.55","0","conventional","PhoenixTucson"
"35","714374.65","147879.2","2016-04-24 00:00:00","0.79","194071.12","18734.63","353689.7","349814.73","3823.03","51.94","conventional","Portland"
"38","806264.89","89147.26","2016-04-03 00:00:00","0.79","249613.5","23098.9","444405.23","442760.35","1405.44","239.44","conventional","Portland"
"41","750735.4","89366.15","2016-03-13 00:00:00","0.79","223410.75","19425","418533.5","415276.73","2895.31","361.46","conventional","Portland"
"45","595414.77","173874.57","2016-02-14 00:00:00","0.79","140454.28","22029.85","259056.07","161727.63","97328.44","0","conventional","SanDiego"
"49","561712.98","164565.34","2016-01-17 00:00:00","0.79","190461.21","19123.62","187562.81","141951.66","45611.15","0","conventional","SanDiego"
"0","5630041.84","2676152.87","2016-12-25 00:00:00","0.79","1320133.68","20052.89","1613702.4","1288631.84","301809.49","23261.07","conventional","SouthCentral"
"41","5894070.33","3228470.66","2016-03-13 00:00:00","0.79","1083003.8","698856.6","883739.27","731907.2","144961.72","6870.35","conventional","SouthCentral"
"47","5850128.4","3003442.75","2016-01-31 00:00:00","0.79","1462783.11","521213.33","862689.21","623663.62","133279.26","105746.33","conventional","SouthCentral"
"51","5693942.07","2512692.22","2016-01-03 00:00:00","0.79","2024262.18","361423.55","795564.12","682311.74","109448.15","3804.23","conventional","SouthCentral"
"34","256180.45","99574.26","2016-05-01 00:00:00","0.79","10728.95","42.66","145834.58","126405.83","19398.2","30.55","conventional","StLouis"
"30","7568132.39","2670894.03","2016-05-29 00:00:00","0.79","1834685.24","164102.2","2898450.92","1761129.51","1132669.37","4652.04","conventional","West"
"34","7158300.84","2324813.13","2016-05-01 00:00:00","0.79","2013820.54","131269.35","2688397.82","1975170.33","706418.43","6809.06","conventional","West"
"37","7275842.54","2750665.83","2016-04-10 00:00:00","0.79","1941317.22","177612.73","2406246.76","1619230.76","780038.56","6977.44","conventional","West"
"38","6645738.99","2376641.3","2016-04-03 00:00:00","0.79","1623272.79","159784.5","2486040.4","1644831.5","840392.37","816.53","conventional","West"
"2","776453.82","308697.33","2016-12-11 00:00:00","0.79","68324.89","12632.73","386798.87","167338.47","219187.07","273.33","conventional","WestTexNewMexico"
"27","1048148.17","633115.26","2016-06-19 00:00:00","0.79","111120.94","25373.47","278538.5","167775.05","94639.29","16124.16","conventional","WestTexNewMexico"
"47","788831.92","512429.69","2016-01-31 00:00:00","0.79","88819.79","38529.09","149053.35","94019.44","16913.91","38120","conventional","WestTexNewMexico"
"46","666871.06","355571.08","2017-02-12 00:00:00","0.79","77241.13","325.51","233733.34","176286.09","56911.14","536.11","conventional","Atlanta"
"46","6862176.64","2429385.13","2017-02-12 00:00:00","0.79","1870884.97","158534.53","2403372.01","2247565.14","101368.24","54438.63","conventional","California"
"26","336087.28","3711.44","2017-07-02 00:00:00","0.79","101205.94","1278","229891.9","35260.34","193552.3","1079.26","conventional","CincinnatiDayton"
"3","1266364.71","459265.36","2017-12-10 00:00:00","0.79","294180.18","6828.23","506090.94","416839.01","89251.93","0","conventional","Houston"
"33","1444023.34","625728.18","2017-05-14 00:00:00","0.79","231431.19","3248.89","583615.08","262815.2","320799.88","0","conventional","Houston"
"49","382850.78","133276.27","2017-01-22 00:00:00","0.79","64435.68","6954.72","178184.11","44375.39","133739.28","69.44","conventional","LasVegas"
"45","3033918.41","1029674.7","2017-02-19 00:00:00","0.79","493496.38","68553.91","1442193.42","1277346.26","130416.16","34431","conventional","LosAngeles"
"8","1208035.4","555816.37","2017-11-05 00:00:00","0.79","227846.11","9212.36","415160.56","330740.57","81893.32","2526.67","conventional","PhoenixTucson"
"47","893143.94","432114.92","2017-02-05 00:00:00","0.79","200199.09","273.63","260556.3","150022.99","110241.64","291.67","conventional","Tampa"
"52","7360925.84","2100350.66","2017-01-01 00:00:00","0.79","1976304.53","123652.12","3160618.53","2299700.47","857388.28","3529.78","conventional","West"
"44","864199.16","471215.82","2017-02-26 00:00:00","0.79","67019.53","15924.59","310039.22","126854.84","183184.38","0","conventional","WestTexNewMexico"
"1","1243926.96","630826.45","2018-03-18 00:00:00","0.79","184825.84","4011.21","424263.46","322054.35","99304.67","2904.44","conventional","Houston"
"7","335442.41","90305.67","2018-02-04 00:00:00","0.79","110035.27","12010.66","123090.81","95765.52","25974.12","1351.17","conventional","Indianapolis"
"3","7399716.74","3596162.29","2018-03-04 00:00:00","0.79","1104894.9","30623.35","2668036.2","2185246.31","416456.32","66333.57","conventional","SouthCentral"
"4","17342.81","198.25","2016-11-27 00:00:00","0.79","4476.76","0","12667.8","506.67","12161.13","0","organic","CincinnatiDayton"
"7","34582.48","636.73","2016-11-06 00:00:00","0.79","7665.08","0","26280.67","1155.55","25125.12","0","organic","Detroit"
"31","12266.68","222.72","2016-05-22 00:00:00","0.79","3750.64","0","8293.32","1445.87","6847.45","0","organic","Roanoke"
"3","5775536.27","1943065.5","2015-12-06 00:00:00","0.78","2100246.17","221957.26","1510267.34","1376640.91","126664.37","6962.06","conventional","California"
"5","885067.49","494872.79","2015-11-22 00:00:00","0.78","264820.58","9913.68","115460.44","102317.99","13138.76","3.69","conventional","DallasFtWorth"
"8","1114177.66","546040.25","2015-11-01 00:00:00","0.78","376913.25","85323.07","105901.09","98097.43","7644.9","158.76","conventional","DallasFtWorth"
"0","944506.54","389773.22","2015-12-27 00:00:00","0.78","288003.62","126150.81","140578.89","73711.94","36493.62","30373.33","conventional","Houston"
"23","1093424.59","517797.01","2015-07-19 00:00:00","0.78","424786.53","4233.66","146607.39","73695.03","72912.36","0","conventional","Houston"
"42","1166055.83","507328.95","2015-03-08 00:00:00","0.78","517669.77","5321.52","135735.59","60498.92","75236.67","0","conventional","Houston"
"50","1062071.65","463272.52","2015-01-11 00:00:00","0.78","441785.8","4094.47","152918.86","126995.76","25923.1","0","conventional","Houston"
"33","3553642.53","2743972.44","2015-05-10 00:00:00","0.78","390901.84","60232.29","358535.96","345073.29","10675.7","2786.97","conventional","LosAngeles"
"34","4015563.02","2914047.44","2015-05-03 00:00:00","0.78","670161.4","61569.48","369784.7","356360.42","11566.37","1857.91","conventional","LosAngeles"
"18","873856.52","562928.77","2015-08-23 00:00:00","0.78","228549.09","4923.05","77455.61","75885.27","1570.34","0","conventional","PhoenixTucson"
"21","946868","611966.36","2015-08-02 00:00:00","0.78","205131.07","5261.65","124508.92","80224.04","44284.88","0","conventional","PhoenixTucson"
"2","4869309.42","2366879.8","2015-12-13 00:00:00","0.78","1559601.21","271514.98","671313.43","554563.94","115546.32","1203.17","conventional","SouthCentral"
"34","6558729.33","3520801.33","2015-05-03 00:00:00","0.78","2265493.71","58510.13","713924.16","546260.44","166650.78","1012.94","conventional","SouthCentral"
"2","646041.56","437780.91","2015-12-13 00:00:00","0.78","100110.13","13576.25","94574.27","83053.1","10947.84","573.33","conventional","WestTexNewMexico"
"5","615077.36","403133.14","2015-11-22 00:00:00","0.78","122078.09","12008.93","77857.2","74953.33","2903.87","0","conventional","WestTexNewMexico"
"14","746249.98","289135.19","2015-09-20 00:00:00","0.78","352998.81","14247.44","89868.54","78779.54","11089","0","conventional","WestTexNewMexico"
"25","913360.72","606650.91","2015-07-05 00:00:00","0.78","123465.83","18233.51","165010.47","146199.35","18811.12","0","conventional","WestTexNewMexico"
"45","743066.25","520464.29","2015-02-15 00:00:00","0.78","133695.54","12099.88","76806.54","73763.41","3043.13","0","conventional","WestTexNewMexico"
"27","692767.07","361697.69","2016-06-19 00:00:00","0.78","96388.12","264.12","234417.14","148946.46","84045.68","1425","conventional","Atlanta"
"28","608386.28","313216.34","2016-06-12 00:00:00","0.78","61563.67","1174.78","232431.49","169986.13","55753.42","6691.94","conventional","Atlanta"
"30","691344.07","267460.99","2016-05-29 00:00:00","0.78","154238.9","246.79","269397.39","77155.12","186791.99","5450.28","conventional","Atlanta"
"21","69620.36","30747.49","2016-07-31 00:00:00","0.78","1920.5","2.53","36949.84","36949.84","0","0","conventional","Boise"
"41","1177309.05","647713.47","2016-03-13 00:00:00","0.78","217853.54","118454.22","193287.82","178757.16","14527.08","3.58","conventional","DallasFtWorth"
"51","1191927.54","551921.61","2016-01-03 00:00:00","0.78","411340.37","80184.39","148481.17","144358.85","3764.81","357.51","conventional","DallasFtWorth"
"36","1011265.53","171831.9","2016-04-17 00:00:00","0.78","285967.94","27995.98","525469.71","59672.84","461184.45","4612.42","conventional","Denver"
"51","1061566.78","356962.48","2016-01-03 00:00:00","0.78","454200.44","113069.09","137334.77","87330.27","49677.83","326.67","conventional","Houston"
"3","2780629.1","1076282.76","2016-12-04 00:00:00","0.78","476162.95","53729.91","1174453.48","1135570.69","17964.53","20918.26","conventional","LosAngeles"
"29","942774.69","153775.4","2016-06-05 00:00:00","0.78","234869.93","23659.16","530470.2","524889.49","5116.99","463.72","conventional","Portland"
"31","689730.64","140269.29","2016-05-22 00:00:00","0.78","157857.75","18037.36","373566.24","367615.3","5623.69","327.25","conventional","Portland"
"46","394461.41","145746.61","2016-02-07 00:00:00","0.78","168148.89","11393.01","69172.9","65402.67","3770.23","0","conventional","RichmondNorfolk"
"31","569349.05","157623.84","2016-05-22 00:00:00","0.78","205497.08","20406.29","185821.84","154279.25","30337.59","1205","conventional","SanDiego"
"33","649503.23","210276.04","2016-05-08 00:00:00","0.78","194613.6","24705.68","219907.91","82058.24","137623.28","226.39","conventional","SanDiego"
"16","6802635.25","3749548.89","2016-09-04 00:00:00","0.78","1321331.51","18544.3","1713210.55","1488491.11","188922.83","35796.61","conventional","SouthCentral"
"42","5848140.87","3596735.53","2016-03-06 00:00:00","0.78","903361.32","390174.57","957869.45","822317.08","128134.68","7417.69","conventional","SouthCentral"
"35","6746174.8","2621906.13","2016-04-24 00:00:00","0.78","1746409.68","130993.85","2246865.14","1582301.04","658730.78","5833.32","conventional","West"
"39","7081399.02","2701807.88","2016-03-27 00:00:00","0.78","1651027.14","190076.1","2538487.9","1771851.21","765592.73","1043.96","conventional","West"
"40","6938294.62","2557843.72","2016-03-20 00:00:00","0.78","1955450.63","167407.21","2257593.06","1216115.26","1040865.95","611.85","conventional","West"
"43","7193896.75","2394790.48","2016-02-28 00:00:00","0.78","1865704.89","251937.95","2681463.43","1557228.28","1123472.59","762.56","conventional","West"
"45","6774726.47","2645973.11","2016-02-14 00:00:00","0.78","1680248.49","155260.97","2293243.9","1225073.29","1064255.94","3914.67","conventional","West"
"48","6118107.22","1121790.63","2016-01-24 00:00:00","0.78","2113196.92","121729.44","2761390.23","1345680.31","1407886.07","7823.85","conventional","West"
"43","272988.49","2739.88","2017-03-05 00:00:00","0.78","82627.36","1107.95","186513.3","20142.93","166331.26","39.11","conventional","CincinnatiDayton"
"44","282344.52","3306.7","2017-02-26 00:00:00","0.78","108390.14","2024.42","168623.26","28279.15","140287.47","56.64","conventional","CincinnatiDayton"
"46","226525.29","100274","2017-02-12 00:00:00","0.78","43260.87","1988.53","81001.89","76106.35","4894.13","1.41","conventional","Columbus"
"51","1247488.6","556814.8","2017-01-08 00:00:00","0.78","343124.23","2551.41","344998.16","341681.22","3247.62","69.32","conventional","DallasFtWorth"
"0","1391181.63","564063.25","2017-12-31 00:00:00","0.78","209000.62","4194.25","613923.51","527743.84","86179.67","0","conventional","Houston"
"25","1513596.5","565234.2","2017-07-09 00:00:00","0.78","223073.67","3020.2","722268.43","334967.14","387301.29","0","conventional","Houston"
"50","419687.35","118904.72","2017-01-15 00:00:00","0.78","80217.63","7692.26","212872.74","59471.06","153401.68","0","conventional","LasVegas"
"51","144931.3","16655.27","2017-01-08 00:00:00","0.78","59371.33","68.06","68836.64","61628.87","7043.88","163.89","conventional","Spokane"
"9","1584416.56","651432.75","2018-01-21 00:00:00","0.78","153445.45","10598.32","768940.04","683790.27","85149.77","0","conventional","Houston"
"9","1315329.83","613600.56","2018-01-21 00:00:00","0.78","246703.53","13332.26","441693.48","210780.39","226079.75","4833.34","conventional","PhoenixTucson"
"5","7057862","3904868.07","2018-02-18 00:00:00","0.78","1066061.08","25700.92","2061231.93","1513446.56","496221.25","51564.12","conventional","SouthCentral"
"44","64041.86","12233.34","2017-02-26 00:00:00","0.78","2065.58","39.34","49703.6","26967.75","22735.85","0","organic","Denver"
"39","66751.16","3229.32","2017-04-02 00:00:00","0.78","8942.34","13.62","54565.88","143.33","54422.55","0","organic","Portland"
"14","1155212.67","606586.38","2015-09-20 00:00:00","0.77","425539.41","10973.08","112113.8","99272.95","12833.33","7.52","conventional","DallasFtWorth"
"26","1203553.98","760374.24","2015-06-28 00:00:00","0.77","302577.78","7191.26","133410.7","125900.09","7499.76","10.85","conventional","DallasFtWorth"
"34","1282852.08","652304.49","2015-05-03 00:00:00","0.77","509069.75","9753.52","111724.32","104797.33","6148.99","778","conventional","DallasFtWorth"
"38","1324348.89","802917.65","2015-04-05 00:00:00","0.77","387745.54","13592.62","120093.08","105522.18","13748.75","822.15","conventional","DallasFtWorth"
"45","1020856.87","625813.98","2015-02-15 00:00:00","0.77","299799.46","12656.97","82586.46","67518.45","15061.17","6.84","conventional","DallasFtWorth"
"8","1007805.74","395945","2015-11-01 00:00:00","0.77","365506.02","111263.81","135090.91","56198.27","78892.64","0","conventional","Houston"
"41","1043172.77","526390.61","2015-03-15 00:00:00","0.77","401259.86","5000.2","110522.1","62352.87","48169.23","0","conventional","Houston"
"48","983910.94","549415.32","2015-01-25 00:00:00","0.77","309974.97","4231.47","120289.18","95546.28","24742.9","0","conventional","Houston"
"49","1017854.16","458532.19","2015-01-18 00:00:00","0.77","429687.47","9353.74","120280.76","107320.39","12960.37","0","conventional","Houston"
"5","737834.48","441712.62","2015-11-22 00:00:00","0.77","220374.84","11102.75","64644.27","63088.81","1555.46","0","conventional","PhoenixTucson"
"22","903242.22","579515.76","2015-07-26 00:00:00","0.77","204147.69","8805.55","110773.22","77011.19","33762.03","0","conventional","PhoenixTucson"
"26","6024103.65","3656335.59","2015-06-28 00:00:00","0.77","1416248.77","81756","869763.29","678138.24","191572.72","52.33","conventional","SouthCentral"
"51","5144267.01","2745009.1","2015-01-04 00:00:00","0.77","1755142.21","73432.89","570682.81","442217.85","128451.37","13.59","conventional","SouthCentral"
"19","815638.81","489076.9","2015-08-16 00:00:00","0.77","154805.84","20866.49","150889.58","125836.94","25052.64","0","conventional","WestTexNewMexico"
"24","754672.44","515150.21","2015-07-12 00:00:00","0.77","100148.7","16185.82","123187.71","107273.37","15914.34","0","conventional","WestTexNewMexico"
"25","789398.22","310551.19","2016-07-03 00:00:00","0.77","150339.87","165.28","328341.88","216115.15","110544.79","1681.94","conventional","Atlanta"
"34","735635.49","241665.17","2016-05-01 00:00:00","0.77","211776.98","54.42","282138.92","64801.33","217337.59","0","conventional","Atlanta"
"25","136377.55","36208.26","2016-07-03 00:00:00","0.77","6421.9","12.16","93735.23","93645.45","20.52","69.26","conventional","Boise"
"51","106106.95","43868.7","2016-01-03 00:00:00","0.77","10276.84","5431.66","46529.75","46476.08","17","36.67","conventional","Boise"
"2","268166.21","2474.73","2016-12-11 00:00:00","0.77","101664.01","753.56","163273.91","21944.83","141290.54","38.54","conventional","CincinnatiDayton"
"18","1215161.52","625055.33","2016-08-21 00:00:00","0.77","231496.65","4763.04","353846.5","351623.88","902.68","1319.94","conventional","DallasFtWorth"
"30","1354696.91","682737.6","2016-05-29 00:00:00","0.77","292600.25","58729.32","320629.74","301233.11","10985.08","8411.55","conventional","DallasFtWorth"
"37","982817.77","127374.53","2016-04-10 00:00:00","0.77","353040.81","11020.71","491381.72","178429.72","311446.44","1505.56","conventional","Denver"
"46","594784.92","169611.09","2016-02-07 00:00:00","0.77","118251.74","192417.1","114504.99","58664.35","17270.46","38570.18","conventional","Detroit"
"43","253489.72","108080.92","2016-02-28 00:00:00","0.77","43494.21","217.74","101696.85","23364.69","78332.16","0","conventional","Jacksonville"
"37","3288356.88","1130642.44","2016-04-10 00:00:00","0.77","715739.8","95958.07","1346016.57","1196713.63","132341.6","16961.34","conventional","LosAngeles"
"46","268608.69","124530.37","2016-02-07 00:00:00","0.77","59611.16","7759.08","76708.08","39458.27","37249.81","0","conventional","Nashville"
"33","2740587.86","26384.21","2016-05-08 00:00:00","0.77","2283465.22","21633.51","409104.92","349589.72","59095.76","419.44","conventional","NewYork"
"25","1069905.64","539428.95","2016-07-03 00:00:00","0.77","249521.81","14795.19","266159.69","148736.1","117119.42","304.17","conventional","PhoenixTucson"
"30","832869.55","145240.16","2016-05-29 00:00:00","0.77","204586.42","19960.09","463082.88","459278.33","3483.65","320.9","conventional","Portland"
"39","6553308.82","3137633.27","2016-03-27 00:00:00","0.77","1507245.05","660825.04","1247605.46","951743.56","288346.1","7515.8","conventional","SouthCentral"
"40","6276764.8","3064743.62","2016-03-20 00:00:00","0.77","1411796.91","653141.71","1147082.56","882135.1","256004.47","8942.99","conventional","SouthCentral"
"43","5698454.09","3528191.7","2016-02-28 00:00:00","0.77","930352.56","337159.88","902749.95","791893.15","104430.43","6426.37","conventional","SouthCentral"
"32","7486622.03","2693393.35","2016-05-15 00:00:00","0.77","1778717.19","155509.69","2859001.8","1826973.6","1026237.94","5790.26","conventional","West"
"36","7592473.98","2283526.35","2016-04-17 00:00:00","0.77","2074920.94","168334.55","3065692.14","1944100.53","1112775.44","8816.17","conventional","West"
"44","7047624.39","2022750.67","2016-02-21 00:00:00","0.77","2166534.86","123948.37","2734390.49","1670968.69","1062368.09","1053.71","conventional","West"
"50","7438252.93","2530745.31","2016-01-10 00:00:00","0.77","2193263.08","175472.09","2538772.45","1418302.47","1118953.54","1516.44","conventional","West"
"30","985833.89","556578.41","2016-05-29 00:00:00","0.77","134448.46","37522.4","257284.62","107015.69","144257.82","6011.11","conventional","WestTexNewMexico"
"35","859293.22","475418.6","2016-04-24 00:00:00","0.77","155177.72","32786.12","195910.78","97308.05","96326.06","2276.67","conventional","WestTexNewMexico"
"37","897755.55","567763.55","2016-04-10 00:00:00","0.77","128899.01","32940.56","168152.43","97395.82","70756.61","0","conventional","WestTexNewMexico"
"42","814614.77","548260.5","2016-03-06 00:00:00","0.77","108856.08","38919.31","118578.88","89574.12","29004.76","0","conventional","WestTexNewMexico"
"47","1258952.81","239163.63","2017-02-05 00:00:00","0.77","502457.31","14680.91","502650.96","249329.75","253122.6","198.61","conventional","Denver"
"52","306129.4","1217.67","2017-01-01 00:00:00","0.77","224774.25","7582.69","72554.79","68737.04","3714.24","103.51","conventional","GrandRapids"
"4","1398400","540763","2017-12-03 00:00:00","0.77","289729","7694","560213","479680","80533","0","conventional","Houston"
"28","1755331.3","583952.66","2017-06-18 00:00:00","0.77","412002.26","7010.41","752365.97","201968.43","550383.65","13.89","conventional","Houston"
"46","237575.64","17435.1","2017-02-12 00:00:00","0.77","116691.02","2796.88","100652.64","51397.7","49247.59","7.35","conventional","Indianapolis"
"52","363865.19","95268.03","2017-01-01 00:00:00","0.77","75111.35","7736.95","185748.86","62603.76","123145.1","0","conventional","LasVegas"
"52","110696.17","1692.13","2017-01-01 00:00:00","0.77","60441.72","643.88","47918.44","12573.63","35198.14","146.67","conventional","Louisville"
"5","929825","529091","2017-11-26 00:00:00","0.77","181823","10223","208688","133534","72473","2681","conventional","PhoenixTucson"
"26","1224659.64","551528.3","2017-07-02 00:00:00","0.77","185311.58","14893.87","472925.89","276703.9","195838.66","383.33","conventional","PhoenixTucson"
"27","1197422.34","551529.22","2017-06-25 00:00:00","0.77","184895.41","12891.55","448106.16","239584.34","207048.21","1473.61","conventional","PhoenixTucson"
"46","724514.73","159697.86","2017-02-12 00:00:00","0.77","113321.3","15145.03","436350.54","397601.08","38270.41","479.05","conventional","Portland"
"46","750095.92","122056.9","2017-02-12 00:00:00","0.77","182222.43","664.53","445152.06","359133.78","85567.69","450.59","conventional","Seattle"
"46","110492.2","21706.17","2017-02-12 00:00:00","0.77","27884.97","42.58","60858.48","44301.52","16496","60.96","conventional","Spokane"
"47","61034457.1","22743616.17","2017-02-05 00:00:00","0.77","20328161.55","1664383.09","16298296.29","12567155.58","3618270.75","112869.96","conventional","TotalUS"
"3","1501141.58","673535.25","2018-03-04 00:00:00","0.77","263895.18","6341.68","557369.47","449577.44","86867.63","20924.4","conventional","DallasFtWorth"
"5","1421970.53","780856.19","2018-02-18 00:00:00","0.77","250380.23","5033.93","385700.18","268220.8","102051.19","15428.19","conventional","DallasFtWorth"
"0","6098.96","3","2016-12-25 00:00:00","0.77","610.89","0","5485.07","862.73","4622.34","0","organic","Boise"
"17","34718.84","637.29","2016-08-28 00:00:00","0.77","7566.11","0","26515.44","569.01","25946.43","0","organic","CincinnatiDayton"
"50","63531.61","4369.82","2016-01-10 00:00:00","0.77","10784.78","55.07","48321.94","980.62","47341.32","0","organic","Denver"
"29","42520.88","297.52","2017-06-11 00:00:00","0.77","5882.5","0","36340.86","495.81","35845.05","0","organic","CincinnatiDayton"
"49","19452.17","645.63","2017-01-22 00:00:00","0.77","4104.58","0","14701.96","1331.38","13370.58","0","organic","Detroit"
"44","5481.89","12","2017-02-26 00:00:00","0.77","1257.03","0","4212.86","402.22","3810.64","0","organic","Louisville"
"40","9755.34","422.08","2017-03-26 00:00:00","0.77","1987.08","0","7346.18","218.01","7128.17","0","organic","Nashville"
"44","14724.39","246.43","2017-02-26 00:00:00","0.77","2759.77","0","11718.19","2299.58","9418.61","0","organic","Roanoke"
"49","1091677.29","627090.61","2015-01-18 00:00:00","0.76","374230.89","15550.56","74805.23","62375.69","12416.71","12.83","conventional","DallasFtWorth"
"50","1128693.04","680572.11","2015-01-11 00:00:00","0.76","348535.22","11900.83","87684.88","67857.83","19801.95","25.1","conventional","DallasFtWorth"
"3","838225.19","111259.34","2015-12-06 00:00:00","0.76","378124.28","8807.96","340033.61","35086.04","304844.07","103.5","conventional","Denver"
"33","1201673.17","654227.6","2015-05-10 00:00:00","0.76","424395.94","3776.21","119273.42","49686.88","69586.54","0","conventional","Houston"
"37","369817.99","245368.93","2015-04-12 00:00:00","0.76","69484.66","4229.89","50734.51","32104.77","18629.74","0","conventional","LasVegas"
"23","928600.19","608209.31","2015-07-19 00:00:00","0.76","200732.5","4302.29","115356.09","84065.18","31290.91","0","conventional","PhoenixTucson"
"3","4938526.47","2271088.12","2015-12-06 00:00:00","0.76","1989750.87","38648.11","639039.37","496732.56","141970","336.81","conventional","SouthCentral"
"6","4943687.09","2762021.24","2015-11-15 00:00:00","0.76","1375460.43","39019.73","767185.69","600933.14","166200.1","52.45","conventional","SouthCentral"
"40","6008817.9","3785376.16","2015-03-22 00:00:00","0.76","1476714.1","81039.5","665688.14","540561.2","125103.19","23.75","conventional","SouthCentral"
"7","661405.9","445281.03","2015-11-08 00:00:00","0.76","123745.68","11968","80411.19","79009.15","1402.04","0","conventional","WestTexNewMexico"
"23","803340.22","552839.76","2015-07-19 00:00:00","0.76","101243.9","16066.56","133190","115237.5","17952.5","0","conventional","WestTexNewMexico"
"37","840314.58","564694.43","2015-04-12 00:00:00","0.76","167105.74","11290.94","97223.47","71587.33","25636.14","0","conventional","WestTexNewMexico"
"38","938880.6","660961.68","2015-04-05 00:00:00","0.76","163481.6","15530.04","98907.28","91530.77","7376.51","0","conventional","WestTexNewMexico"
"46","722211","415641.47","2016-02-07 00:00:00","0.76","134517.41","418.98","171633.14","77183.81","94449.33","0","conventional","Atlanta"
"20","70711.46","32775.33","2016-08-07 00:00:00","0.76","2002.12","2.53","35931.48","35664.27","246.66","20.55","conventional","Boise"
"0","1199636.75","503168.52","2016-12-25 00:00:00","0.76","313572.54","3069.14","379826.55","374905.48","2661.1","2259.97","conventional","DallasFtWorth"
"39","1341740.28","631283.52","2016-03-27 00:00:00","0.76","291595.08","129805.2","289056.48","270162.99","18871.92","21.57","conventional","DallasFtWorth"
"42","1201768.74","705096.06","2016-03-06 00:00:00","0.76","198717.99","67156.78","230797.91","213428.11","17359.08","10.72","conventional","DallasFtWorth"
"15","1217346.73","729949.45","2016-09-11 00:00:00","0.76","188318.97","2466.22","296612.09","216413.98","79968.11","230","conventional","Houston"
"40","1162026.04","538380.61","2016-03-20 00:00:00","0.76","327365.45","121838.72","174441.26","62893.05","103044.88","8503.33","conventional","Houston"
"41","1136963.49","585649.37","2016-03-13 00:00:00","0.76","247461.63","185545.01","118307.48","63280.13","48440.68","6586.67","conventional","Houston"
"42","1091432.18","698789.73","2016-03-06 00:00:00","0.76","182050.77","86477.82","124113.86","77568.68","39418.51","7126.67","conventional","Houston"
"43","1048304.1","674833.15","2016-02-28 00:00:00","0.76","180298.41","85511.83","107660.71","77330.09","24043.95","6286.67","conventional","Houston"
"29","3715458.49","1596545.36","2016-06-05 00:00:00","0.76","650812.6","121002.86","1347097.67","1196472.82","124721.49","25903.36","conventional","LosAngeles"
"31","3134305.39","1084784.88","2016-05-22 00:00:00","0.76","782144.64","89228.29","1178147.58","1068850.13","87973.45","21324","conventional","LosAngeles"
"36","3185230.67","1245344.79","2016-04-17 00:00:00","0.76","643220.72","100883.74","1195781.42","1114858.82","61746.44","19176.16","conventional","LosAngeles"
"42","3138836.66","821036","2016-03-06 00:00:00","0.76","680884.1","90068.36","1546848.2","1369895.1","155333.82","21619.28","conventional","LosAngeles"
"44","3232888.65","842358.1","2016-02-21 00:00:00","0.76","671213.11","83794.46","1635522.98","1501295.38","119573.06","14654.54","conventional","LosAngeles"
"48","3173509.36","666019.46","2016-01-24 00:00:00","0.76","779056.76","92941.13","1635492.01","1520603.55","99946.94","14941.52","conventional","LosAngeles"
"49","2952576.85","804573.11","2016-01-17 00:00:00","0.76","854485.91","84389.3","1209128.53","1079975.41","111405.86","17747.26","conventional","LosAngeles"
"34","667818.16","301117.14","2016-05-01 00:00:00","0.76","142408.4","403.01","223889.61","70814.95","152706.6","368.06","conventional","Orlando"
"34","852118.86","148329.79","2016-05-01 00:00:00","0.76","219777.04","18792.26","465219.77","461966.02","2894.07","359.68","conventional","Portland"
"40","649914.07","159593.34","2016-03-20 00:00:00","0.76","189449","21444.94","279426.79","228122.01","51304.78","0","conventional","SanDiego"
"34","591962.95","251273.9","2016-05-01 00:00:00","0.76","163222.99","6281.64","171184.42","100785.67","70398.75","0","conventional","SouthCarolina"
"2","5031206.93","2633723.49","2016-12-11 00:00:00","0.76","987150.16","18326.63","1392006.65","939911.81","435548.82","16546.02","conventional","SouthCentral"
"3","5584114.56","3146435.87","2016-12-04 00:00:00","0.76","1023317.43","18795.24","1395566.02","1039669.75","344663.64","11232.63","conventional","SouthCentral"
"25","348135.49","65689.33","2016-07-03 00:00:00","0.76","21478.32","467.21","260500.63","225966.72","21420.64","13113.27","conventional","StLouis"
"46","52288697.89","16573573.78","2016-02-07 00:00:00","0.76","20470572.61","2546439.11","12698112.39","9083373.04","3373077.87","241661.48","conventional","TotalUS"
"1","790789.79","388322.1","2016-12-18 00:00:00","0.76","66773.28","12379.19","323315.22","142224.29","180677.6","413.33","conventional","WestTexNewMexico"
"51","761760.52","419119.49","2016-01-03 00:00:00","0.76","178471.03","35241.26","128928.74","94218.83","32476.58","2233.33","conventional","WestTexNewMexico"
"48","8055482.07","3009291.31","2017-01-29 00:00:00","0.76","2295856.21","148335.97","2601998.58","2504421.68","48343.02","49233.88","conventional","California"
"49","8153340.48","3089603.62","2017-01-22 00:00:00","0.76","2659661.41","106559.24","2297516.21","2207074.93","61563.24","28878.04","conventional","California"
"33","313988.97","8786.74","2017-05-14 00:00:00","0.76","87347.28","931.97","216922.98","25076.08","191736.09","110.81","conventional","CincinnatiDayton"
"50","346523.78","2939.57","2017-01-15 00:00:00","0.76","125731.86","994.43","216857.92","29095.07","187759.83","3.02","conventional","CincinnatiDayton"
"45","1177312.94","501922.03","2017-02-19 00:00:00","0.76","272758.35","48080.5","354552.06","317473.84","37019.15","59.07","conventional","DallasFtWorth"
"37","1402904.54","820487.46","2017-04-16 00:00:00","0.76","207708.35","3383.48","371325.25","312771.41","58553.84","0","conventional","Houston"
"50","3363407.98","1075572.75","2017-01-15 00:00:00","0.76","703853.31","61161.98","1522819.94","1442445.76","59205.75","21168.43","conventional","LosAngeles"
"30","1228049.22","575382.16","2017-06-04 00:00:00","0.76","178626.45","14892.86","459147.75","251109.66","207645.03","393.06","conventional","PhoenixTucson"
"47","3575499.21","2157030.64","2017-02-05 00:00:00","0.76","801199.59","8231.35","609037.63","579814.97","21646.18","7576.48","conventional","Plains"
"45","869425.93","151715.71","2017-02-19 00:00:00","0.76","176142.73","16930.22","524637.27","354510.94","169575.72","550.61","conventional","Portland"
"48","909463.13","153610.95","2017-01-29 00:00:00","0.76","175048.56","17090.49","563713.13","423872.42","138350.97","1489.74","conventional","Portland"
"47","1093144.23","160260.61","2017-02-05 00:00:00","0.76","306958.6","957.35","624967.67","471283.84","152490.79","1193.04","conventional","Seattle"
"48","6449698.15","4041490.37","2017-01-29 00:00:00","0.76","922431.65","173874.57","1311901.56","996674.85","306892.76","8333.95","conventional","SouthCentral"
"47","165785.94","30442.86","2017-02-05 00:00:00","0.76","47312.59","527.32","87503.17","63590.88","23843.58","68.71","conventional","Spokane"
"46","7589357.36","3057701.43","2017-02-12 00:00:00","0.76","1460486.11","126912","2944257.82","1699471.1","1241913.98","2872.74","conventional","West"
"51","954821.31","486063.56","2017-01-08 00:00:00","0.76","102288.73","15502.82","350966.2","151408.26","199527.38","30.56","conventional","WestTexNewMexico"
"7","380214.74","102019.45","2018-02-04 00:00:00","0.76","67966.25","13825.01","196404.03","165544.38","29548.07","1311.58","conventional","CincinnatiDayton"
"7","521184.22","352425.87","2018-02-04 00:00:00","0.76","40674.51","2373.28","125710.56","114300.77","11056.46","353.33","conventional","NewOrleansMobile"
"4","7648478.57","3888705.13","2018-02-25 00:00:00","0.76","989820.91","28149.02","2741803.51","2257193.31","420376.57","64233.63","conventional","SouthCentral"
"7","1272039.8","531469.08","2018-02-04 00:00:00","0.76","368948.26","13078.2","358544.26","127833.03","229786.03","925.2","conventional","WestTexNewMexico"
"43","62780.86","6745.63","2017-03-05 00:00:00","0.76","5868.6","3.26","50163.37","629.12","49534.25","0","organic","Portland"
"27","1283503.44","755351.26","2015-06-21 00:00:00","0.75","375820.52","8600.7","143730.96","134708.23","9013.74","8.99","conventional","DallasFtWorth"
"33","1298826.19","817727.07","2015-05-10 00:00:00","0.75","357330.3","7803.87","115964.95","107302.84","8644.44","17.67","conventional","DallasFtWorth"
"42","1218684.28","724775.83","2015-03-08 00:00:00","0.75","371564.05","11201.82","111142.58","97450.44","13677.78","14.36","conventional","DallasFtWorth"
"1","922355.67","382444.22","2015-12-20 00:00:00","0.75","278067.11","127372.19","134472.15","72198.16","31520.66","30753.33","conventional","Houston"
"7","983909.85","427828.16","2015-11-08 00:00:00","0.75","411365.91","20404.29","124311.49","56573.89","67737.6","0","conventional","Houston"
"43","3094278.93","2145439.03","2015-03-01 00:00:00","0.75","592196.29","61863.94","294779.67","269524.6","23570.43","1684.64","conventional","LosAngeles"
"4","724915.6","449043.34","2015-11-29 00:00:00","0.75","208439.29","9770.44","57662.53","57662.53","0","0","conventional","PhoenixTucson"
"29","6234006.44","3870043.62","2015-06-07 00:00:00","0.75","1479527.4","106106.86","778328.56","662252.69","116061.84","14.03","conventional","SouthCentral"
"3","6202513.84","2097720.52","2015-12-06 00:00:00","0.75","2051392.83","107568.34","1945832.15","1360760.83","582846.33","2224.99","conventional","West"
"15","829727.75","341728.32","2015-09-13 00:00:00","0.75","330566.17","26174.67","131258.59","82932.85","48325.74","0","conventional","WestTexNewMexico"
"31","914966.82","692900.55","2015-05-24 00:00:00","0.75","107964.22","14654.28","99447.77","82335.29","17112.48","0","conventional","WestTexNewMexico"
"41","827795.25","610496.24","2015-03-15 00:00:00","0.75","115089.7","13114.91","89094.4","86399.27","2695.13","0","conventional","WestTexNewMexico"
"51","758118.95","426878.87","2015-01-04 00:00:00","0.75","147958.43","15267.89","168013.76","165202.22","2811.54","0","conventional","WestTexNewMexico"
"29","691201.38","341027.59","2016-06-05 00:00:00","0.75","123405.98","561.72","226206.09","112958.38","105974.65","7273.06","conventional","Atlanta"
"24","132511.44","39211.45","2016-07-10 00:00:00","0.75","4977.23","3.06","88319.7","87357.84","20.39","941.47","conventional","Boise"
"34","7661483.37","2817406.2","2016-05-01 00:00:00","0.75","2628579.48","291448.73","1924048.96","1421239.87","485685.06","17124.03","conventional","California"
"39","1345865.16","553962.21","2016-03-27 00:00:00","0.75","406713.3","177919.58","207270.07","75819.34","124377.4","7073.33","conventional","Houston"
"2","2793917.73","917098.69","2016-12-11 00:00:00","0.75","631013.13","59599.98","1186205.93","1086150.77","80411.66","19643.5","conventional","LosAngeles"
"35","3136882.52","1115902.49","2016-04-24 00:00:00","0.75","704492.28","102738.69","1213749.06","1010395.4","185289.33","18064.33","conventional","LosAngeles"
"15","250165.13","144886.48","2016-09-11 00:00:00","0.75","12777.22","342.05","92159.38","70618.95","21540.43","0","conventional","Nashville"
"32","884782.05","139703.26","2016-05-15 00:00:00","0.75","220231.82","18398.06","506448.91","491056.93","14194.76","1197.22","conventional","Portland"
"33","969780.21","155346.32","2016-05-08 00:00:00","0.75","244456","20852.69","549125.2","544998.05","3539.1","588.05","conventional","Portland"
"51","830063.2","101180.6","2016-01-03 00:00:00","0.75","291667.86","22086.36","415128.38","402710.31","11447.53","970.54","conventional","Portland"
"46","1040955.47","110675.58","2016-02-07 00:00:00","0.75","347695.79","6322.02","576262.08","573866.81","1573.35","821.92","conventional","Seattle"
"34","6415228.14","2875232.76","2016-05-01 00:00:00","0.75","1472240","10664.75","2057090.63","738082.97","1318520.16","487.5","conventional","Southeast"
"32","290603.88","69857.38","2016-05-15 00:00:00","0.75","10440.9","46.32","210259.28","179609.78","30236.34","413.16","conventional","StLouis"
"34","741724.85","336112.35","2016-05-01 00:00:00","0.75","170270.88","50.01","235291.61","85158.24","150133.37","0","conventional","Tampa"
"33","8706859.44","2987238.83","2016-05-08 00:00:00","0.75","2488058.52","152314.08","3079248.01","1953254.58","1118633.94","7359.49","conventional","West"
"29","1030392.53","625919.72","2016-06-05 00:00:00","0.75","125188.2","41083.35","238201.26","106610.36","121450.9","10140","conventional","WestTexNewMexico"
"3","1288280.85","637875.57","2017-12-10 00:00:00","0.75","219736.68","4749.97","425918.63","358594.71","67257.47","66.45","conventional","DallasFtWorth"
"52","480612.79","100364.1","2017-01-01 00:00:00","0.75","165059.57","18804.24","196384.88","194306.37","2054.18","24.33","conventional","Detroit"
"46","131965.58","2078.54","2017-02-12 00:00:00","0.75","58269.96","357.4","71259.68","16002.34","55257.34","0","conventional","Louisville"
"42","261830.38","154343.07","2017-03-12 00:00:00","0.75","10155.12","71.33","97260.86","89585.87","6434.99","1240","conventional","Nashville"
"0","986474.74","422070.44","2017-12-31 00:00:00","0.75","283040.88","12415.52","268947.9","173098.72","93945.85","1903.33","conventional","PhoenixTucson"
"1","1006477.79","488446.2","2017-12-24 00:00:00","0.75","176311.28","14450.19","327270.12","230660.26","93116.53","3493.33","conventional","PhoenixTucson"
"25","1347858.68","568223.72","2017-07-09 00:00:00","0.75","232289.27","12866.51","534479.18","321383.07","213096.11","0","conventional","PhoenixTucson"
"35","1080538.36","480904.28","2017-04-30 00:00:00","0.75","236525.22","13569.85","349539.01","128890.58","220515.1","133.33","conventional","PhoenixTucson"
"45","5953222.87","2869772.48","2017-02-19 00:00:00","0.75","1114706.47","207634.25","1761109.67","1408219.68","330575.32","22314.67","conventional","SouthCentral"
"44","122591.72","19681.43","2017-02-26 00:00:00","0.75","26454.78","531.27","75924.24","58196.05","17637.97","90.22","conventional","Spokane"
"36","1108328.51","583229.86","2017-04-23 00:00:00","0.75","105373.5","13999.44","405725.71","118216.19","287509.52","0","conventional","WestTexNewMexico"
"52","819748.75","394004.15","2017-01-01 00:00:00","0.75","96731.03","16147.28","312866.29","134847.67","178016.4","2.22","conventional","WestTexNewMexico"
"6","1071952.06","544075.54","2018-02-11 00:00:00","0.75","189862.1","7194.15","330820.27","113338.76","215753.74","1727.77","conventional","WestTexNewMexico"
"38","10883.38","1433.66","2016-04-03 00:00:00","0.75","498.14","5.21","8946.37","11.57","8934.8","0","organic","StLouis"
"3","1054849.97","514160.41","2015-12-06 00:00:00","0.74","412692.22","8533.47","119463.87","108772.12","10525.27","166.48","conventional","DallasFtWorth"
"51","1086363.97","612795.8","2015-01-04 00:00:00","0.74","374420.68","9817.28","89330.21","54563.33","34760.08","6.8","conventional","DallasFtWorth"
"3","989676.85","368528.91","2015-12-06 00:00:00","0.74","490805","7041.19","123301.75","61020.31","62281.44","0","conventional","Houston"
"26","1135915.03","613485.76","2015-06-28 00:00:00","0.74","337700.09","1935.65","182793.53","87444.74","95348.79","0","conventional","Houston"
"27","1196121.27","578767.93","2015-06-21 00:00:00","0.74","449584.59","2227.98","165540.77","84406.17","81134.6","0","conventional","Houston"
"34","1296308.05","651055.45","2015-05-03 00:00:00","0.74","502617.22","4521.86","138113.52","55875.33","82238.19","0","conventional","Houston"
"2","2690296.07","1072331.45","2015-12-13 00:00:00","0.74","456120.56","67975.05","1093869.01","962784.81","123270.26","7813.94","conventional","LosAngeles"
"6","2828361.9","1281378.91","2015-11-15 00:00:00","0.74","661936.25","70734.46","814312.28","763322.82","44152.29","6837.17","conventional","LosAngeles"
"47","4031949.04","2770656.27","2015-02-01 00:00:00","0.74","854673.24","64439.7","342179.83","308754.64","31108.07","2317.12","conventional","LosAngeles"
"17","939785.74","610521.08","2015-08-30 00:00:00","0.74","238518.32","5931.86","84814.48","84714.7","99.78","0","conventional","PhoenixTucson"
"30","6349957.65","4136440.91","2015-05-31 00:00:00","0.74","1501302.47","34073.41","678140.86","530629.47","147483.35","28.04","conventional","SouthCentral"
"3","623231.77","398871.12","2015-12-06 00:00:00","0.74","133434.18","21088.12","69838.35","68233.56","1604.79","0","conventional","WestTexNewMexico"
"20","885883.92","576883.27","2015-08-09 00:00:00","0.74","154758.26","20222.28","134020.11","100912.13","33107.98","0","conventional","WestTexNewMexico"
"27","948942.53","601318.24","2015-06-21 00:00:00","0.74","158997.23","13455.47","175171.59","148132.78","27038.81","0","conventional","WestTexNewMexico"
"30","887045.15","626724.73","2015-05-31 00:00:00","0.74","124037.26","25328.56","110954.6","78423.65","32530.95","0","conventional","WestTexNewMexico"
"34","967144.19","677575.96","2015-05-03 00:00:00","0.74","166456.05","15065.01","108047.17","80711.69","27335.48","0","conventional","WestTexNewMexico"
"35","899632.66","596342.41","2015-04-26 00:00:00","0.74","174560.73","14468.89","114260.63","80697.34","33563.29","0","conventional","WestTexNewMexico"
"39","908323.3","595240.91","2015-03-29 00:00:00","0.74","199938.3","18570.6","94573.49","88599.82","5973.67","0","conventional","WestTexNewMexico"
"22","65580.47","26990.4","2016-07-24 00:00:00","0.74","1685.17","3.26","36901.64","36364.82","16.82","520","conventional","Boise"
"44","93951.14","37807.51","2016-02-21 00:00:00","0.74","9084.55","4890.81","42168.27","42111.91","50.05","6.31","conventional","Boise"
"16","1390891.44","719597.17","2016-09-04 00:00:00","0.74","256376.46","2742.25","412175.56","401417.41","5723.11","5035.04","conventional","DallasFtWorth"
"17","1260685.59","624795.23","2016-08-28 00:00:00","0.74","255433.56","2998.26","377458.54","366510.31","2461.88","8486.35","conventional","DallasFtWorth"
"40","1347884.14","620848.72","2016-03-20 00:00:00","0.74","317080.41","134806.08","275148.93","254808.07","20317.54","23.32","conventional","DallasFtWorth"
"43","1199630.68","717451.54","2016-02-28 00:00:00","0.74","207475.39","53555.69","221148.06","202051.47","19078.77","17.82","conventional","DallasFtWorth"
"43","1058089.41","118099.68","2016-02-28 00:00:00","0.74","300335.55","62908.07","576746.11","43136.98","533591.97","17.16","conventional","Denver"
"47","1131583.12","484446.28","2016-01-31 00:00:00","0.74","348542.55","161506.54","137087.75","68193.77","46086.21","22807.77","conventional","Houston"
"46","437746.54","191144.38","2016-02-07 00:00:00","0.74","142489.45","10624.82","93487.89","51889.28","41598.61","0","conventional","LasVegas"
"40","3374876.94","928106.16","2016-03-20 00:00:00","0.74","901464.72","91298.87","1454007.19","1301235.1","134711.21","18060.88","conventional","LosAngeles"
"47","3197788.06","1004134.51","2016-01-31 00:00:00","0.74","721988.78","75111.71","1396553.06","1288253.52","94240.24","14059.3","conventional","LosAngeles"
"50","3172437.94","841326.26","2016-01-10 00:00:00","0.74","803197.41","88909.89","1439004.38","1228427.24","194492.68","16084.46","conventional","LosAngeles"
"38","6154503.04","3321835.5","2016-04-03 00:00:00","0.74","1083779.43","649669.1","1099219.01","896073.07","198721.79","4424.15","conventional","SouthCentral"
"46","154732.54","25009.68","2016-02-07 00:00:00","0.74","56113.16","1283.73","72325.97","72052.59","91.48","181.9","conventional","Spokane"
"24","314847.96","61310","2016-07-10 00:00:00","0.74","22958.74","663.38","229915.84","204560.07","13138.25","12217.52","conventional","StLouis"
"33","1052940.48","623286.74","2016-05-08 00:00:00","0.74","183588.62","33224.01","212841.11","124984.25","83560.19","4296.67","conventional","WestTexNewMexico"
"50","781036.73","486986.64","2016-01-10 00:00:00","0.74","152838.09","16273.9","124938.1","82660.45","40944.32","1333.33","conventional","WestTexNewMexico"
"46","475602.7","148920.01","2017-02-12 00:00:00","0.74","87966.44","9992.23","228724.02","212979.31","14028.85","1715.86","conventional","Detroit"
"34","1789051.94","732114.63","2017-05-07 00:00:00","0.74","350523.8","3364.51","703049","232259.29","470789.71","0","conventional","Houston"
"43","1110895.97","697103.02","2017-03-05 00:00:00","0.74","161909.48","40611.87","211271.6","209810.16","1458.11","3.33","conventional","Houston"
"47","398543.91","191954.42","2017-02-05 00:00:00","0.74","65200.84","357.77","141030.88","64165.61","76520.83","344.44","conventional","Jacksonville"
"32","1163735.54","511917.03","2017-05-21 00:00:00","0.74","268221.34","14020.29","369576.88","193930.12","175110.65","536.11","conventional","PhoenixTucson"
"49","695873.15","313593.77","2017-01-22 00:00:00","0.74","174728.8","15139.2","192411.38","179361.27","13050.11","0","conventional","SanDiego"
"49","6207638.5","4020198.09","2017-01-22 00:00:00","0.74","957479.68","23685.51","1206275.22","1066264.87","128528.14","11482.21","conventional","SouthCentral"
"51","6347964.79","3529761.56","2017-01-08 00:00:00","0.74","1305030.08","18206.06","1494967.09","1296031.4","183062.26","15873.43","conventional","SouthCentral"
"48","979146.85","607131.32","2017-01-29 00:00:00","0.74","61234.48","15028.65","295752.4","159375.8","136376.6","0","conventional","WestTexNewMexico"
"4","1616898.5","807933.71","2018-02-25 00:00:00","0.74","231111.57","6306.38","571546.84","477107.45","75376.35","19063.04","conventional","DallasFtWorth"
"35","229646.05","62551.8","2016-04-24 00:00:00","0.74","37420.77","124.69","129548.79","121358.4","8190.39","0","organic","Denver"
"41","100571.11","17624.22","2016-03-13 00:00:00","0.74","12791.08","53.1","70102.71","16189.63","53913.08","0","organic","Denver"
"45","17517.85","682.11","2017-02-19 00:00:00","0.74","3152.62","0","13683.12","1933.01","11750.11","0","organic","Columbus"
"33","162499.64","22355.83","2017-05-14 00:00:00","0.74","7368.08","139.39","132636.34","91421.75","41214.59","0","organic","Denver"
"40","6459.97","15","2017-03-26 00:00:00","0.74","1354.56","0","5090.41","385.56","4704.85","0","organic","Louisville"
"29","1255575.78","788982.74","2015-06-07 00:00:00","0.73","319283.75","13350.4","133958.89","126849.55","7102.22","7.12","conventional","DallasFtWorth"
"32","1219398.43","855871.73","2015-05-17 00:00:00","0.73","261026.33","6382.5","96117.87","88480.13","7628.89","8.85","conventional","DallasFtWorth"
"2","998752.95","412187.8","2015-12-13 00:00:00","0.73","386865.21","81450.04","118249.9","69011.01","48622.22","616.67","conventional","Houston"
"5","913002.96","402191.51","2015-11-22 00:00:00","0.73","391110.76","6924.43","112776.26","70785.25","41991.01","0","conventional","Houston"
"45","1062387.72","571823.28","2015-02-15 00:00:00","0.73","364817.51","5598.15","120148.78","83840.62","36308.16","0","conventional","Houston"
"3","743770.2","90996.95","2015-12-06 00:00:00","0.73","270188.87","13360.01","369224.37","363808.78","4531.76","883.83","conventional","Portland"
"46","5900232.15","3323430.66","2015-02-08 00:00:00","0.73","1927404.12","75885.05","573512.32","518539.89","54886.55","85.88","conventional","SouthCentral"
"42","805731.03","568182.3","2015-03-08 00:00:00","0.73","137012.17","12344.54","88192.02","85848.21","2343.81","0","conventional","WestTexNewMexico"
"51","7730431.28","2315175.35","2016-01-03 00:00:00","0.73","2856102.41","257268.16","2301885.36","1950428.5","340852.13","10604.73","conventional","California"
"40","1005859.79","138938.88","2016-03-20 00:00:00","0.73","360370.27","10950.53","495600.11","46784.27","448815.84","0","conventional","Denver"
"44","955582.65","155250","2016-02-21 00:00:00","0.73","331998.14","14973.1","453361.41","43379.59","409969.42","12.4","conventional","Denver"
"2","1015973.91","413907.52","2016-12-11 00:00:00","0.73","275659.29","3480.07","322927.03","70239.25","252687.78","0","conventional","Houston"
"39","3467762.25","982736.16","2016-03-27 00:00:00","0.73","836002.09","94366.38","1554657.62","1349458.59","185190.21","20008.82","conventional","LosAngeles"
"16","292902.13","172938.84","2016-09-04 00:00:00","0.73","14374.03","371.7","105217.56","89643.04","15574.52","0","conventional","Nashville"
"35","623486.79","209423.33","2016-04-24 00:00:00","0.73","193980.26","22783.03","197300.17","128655.92","68644.25","0","conventional","SanDiego"
"32","6728120.77","3283251.25","2016-05-15 00:00:00","0.73","1441163.07","459077.76","1544628.69","1146035.44","389114.15","9479.1","conventional","SouthCentral"
"37","6414263.17","3665847.47","2016-04-10 00:00:00","0.73","870524","556972.27","1320919.43","1124849.63","183288.76","12781.04","conventional","SouthCentral"
"51","7707711.9","2204871.45","2016-01-03 00:00:00","0.73","2638893.24","156194.56","2707752.65","1383713.06","1320163.95","3875.64","conventional","West"
"0","867992.74","484143.84","2016-12-25 00:00:00","0.73","69977.4","15998.99","297872.51","130112.09","167620.42","140","conventional","WestTexNewMexico"
"15","1012039.31","689424.36","2016-09-11 00:00:00","0.73","117338.63","12243.91","193032.41","111106.93","81825.48","100","conventional","WestTexNewMexico"
"34","926205.77","489363.62","2016-05-01 00:00:00","0.73","148534.17","32607.62","255700.36","173262.3","75381.39","7056.67","conventional","WestTexNewMexico"
"36","944337.62","538758.64","2016-04-17 00:00:00","0.73","154216.58","51745.47","199616.93","92473.19","107003.74","140","conventional","WestTexNewMexico"
"38","776232.98","552528.04","2016-04-03 00:00:00","0.73","80391.33","29032.63","114280.98","82969.77","31311.21","0","conventional","WestTexNewMexico"
"43","824072.51","532849.51","2016-02-28 00:00:00","0.73","112139.39","53843","125240.61","84429.01","40794.93","16.67","conventional","WestTexNewMexico"
"44","1372811.19","821922.48","2017-02-26 00:00:00","0.73","198567.11","32790.32","319531.28","292306.27","27130.14","94.87","conventional","DallasFtWorth"
"48","1306293.11","789341.03","2017-01-29 00:00:00","0.73","172742.07","36048.34","308161.67","264359.46","43743.14","59.07","conventional","DallasFtWorth"
"47","6575186.76","1338529.97","2017-02-05 00:00:00","0.73","3117639.02","322305.24","1796712.53","1334037.61","449566.65","13108.27","conventional","GreatLakes"
"52","249074.81","112089.34","2017-01-01 00:00:00","0.73","27327.66","71.34","109586.47","87099.25","20952.22","1535","conventional","Nashville"
"37","1255293.53","621533.02","2017-04-16 00:00:00","0.73","193885.09","19435.79","420439.63","227061.64","193282.99","95","conventional","PhoenixTucson"
"51","1138871.92","515078.84","2017-01-08 00:00:00","0.73","275341.74","16071.97","332379.37","140574.68","191804.69","0","conventional","PhoenixTucson"
"52","869835.55","100273.33","2017-01-01 00:00:00","0.73","269506.85","13235.82","486819.55","468972.79","17284.95","561.81","conventional","Portland"
"2","719091.14","147099.59","2017-12-17 00:00:00","0.73","439224.74","17641.76","115125.05","108179.86","4196.3","2748.89","conventional","SanDiego"
"50","1068598.28","565135.47","2017-01-15 00:00:00","0.73","98377.69","17186.36","387898.76","153857.94","234040.82","0","conventional","WestTexNewMexico"
"7","333398.29","108554.97","2018-02-04 00:00:00","0.73","61748.67","5329.61","157765.04","117614.03","39927.3","223.71","conventional","Columbus"
"0","1803351.21","788734.28","2018-03-25 00:00:00","0.73","219585.81","6423.31","788607.81","673212.32","94356.41","21039.08","conventional","DallasFtWorth"
"7","5070580.56","2532500.54","2018-02-04 00:00:00","0.73","965716.73","93806.56","1478556.73","1414064.63","21441.6","43050.5","conventional","LosAngeles"
"29","38685.43","665.57","2016-06-05 00:00:00","0.73","9719.56","0","28300.3","948.33","27351.97","0","organic","Detroit"
"50","50686.37","18780.82","2017-01-15 00:00:00","0.73","3010.21","270.75","28624.59","15918.63","12705.96","0","organic","Denver"
"37","1266899.55","871511.12","2015-04-12 00:00:00","0.72","288420.79","12596.79","94370.85","85100.44","9261.6","8.81","conventional","DallasFtWorth"
"41","1211158.55","726176.09","2015-03-15 00:00:00","0.72","368421.28","14065.99","102495.19","90708.11","11780","7.08","conventional","DallasFtWorth"
"6","998801.78","530464.33","2015-11-15 00:00:00","0.72","332541.11","4611","131185.34","62414.66","68770.68","0","conventional","Houston"
"29","1172177.72","675888.37","2015-06-07 00:00:00","0.72","364707.14","3899.67","127682.54","72504.8","55177.74","0","conventional","Houston"
"30","1262932.78","757230.93","2015-05-31 00:00:00","0.72","383626.57","2927.27","119148.01","53981.67","65166.34","0","conventional","Houston"
"47","1280364.01","540024.17","2015-02-01 00:00:00","0.72","597855.73","8063.4","134420.71","86145.18","48275.53","0","conventional","Houston"
"42","1042159.49","824092.39","2015-03-08 00:00:00","0.72","143842.58","5737.48","68487.04","68487.04","0","0","conventional","PhoenixTucson"
"46","811664.36","539280.41","2015-02-08 00:00:00","0.72","175207.31","13717.57","83459.07","81116.25","2342.82","0","conventional","WestTexNewMexico"
"35","242277.45","132004.8","2016-04-24 00:00:00","0.72","35758.91","10151.42","64362.32","54682.15","8238.93","1441.24","conventional","Columbus"
"33","1475782.06","683286.61","2016-05-08 00:00:00","0.72","307560.7","130305.44","354629.31","331925.77","19971.99","2731.55","conventional","DallasFtWorth"
"50","1094945.73","146631.13","2016-01-10 00:00:00","0.72","366330.53","37684.11","544299.96","44731.85","499568.11","0","conventional","Denver"
"0","1126850.62","571303.56","2016-12-25 00:00:00","0.72","238201.66","3257.69","314087.71","144114.79","169972.92","0","conventional","Houston"
"16","1351649.96","782982.9","2016-09-04 00:00:00","0.72","265697.02","3439.75","299530.29","208800.92","88824.37","1905","conventional","Houston"
"38","1256919.1","684633.13","2016-04-03 00:00:00","0.72","264272.37","181951.34","126062.26","56499.5","66016.09","3546.67","conventional","Houston"
"43","3332578.34","812808.39","2016-02-28 00:00:00","0.72","750266.34","95505.05","1673998.56","1459896.71","196813.37","17288.48","conventional","LosAngeles"
"4","907516.28","464034.44","2016-11-27 00:00:00","0.72","212695.94","11542.14","219243.76","95631.21","123302.83","309.72","conventional","PhoenixTucson"
"46","948838.16","90313.08","2016-02-07 00:00:00","0.72","340413.42","17669.38","500442.28","498461.43","1358.08","622.77","conventional","Portland"
"47","643326.66","174249.75","2016-01-31 00:00:00","0.72","192217.79","18036.77","258822.35","219631.97","39190.38","0","conventional","SanDiego"
"1","5483207.89","2789696.38","2016-12-18 00:00:00","0.72","1116482.22","15771.64","1561257.65","1144739.27","383503.55","33014.83","conventional","SouthCentral"
"31","6680323.25","3128527.61","2016-05-22 00:00:00","0.72","1539488.77","537748.12","1474558.75","1071647.44","348148.3","54763.01","conventional","SouthCentral"
"33","7281887.35","3666928.36","2016-05-08 00:00:00","0.72","1367080.84","697833.12","1550045.03","1225103.02","315129.42","9812.59","conventional","SouthCentral"
"41","886197.95","563341.91","2016-03-13 00:00:00","0.72","136619.69","36476.41","149759.94","88060.04","61699.9","0","conventional","WestTexNewMexico"
"35","1832450.4","576270.01","2017-04-30 00:00:00","0.72","451254.61","10440.51","794485.27","164674.25","629791.58","19.44","conventional","Houston"
"46","406866.03","128160.12","2017-02-12 00:00:00","0.72","59930.14","8137.14","210638.63","53528.96","157109.67","0","conventional","LasVegas"
"4","1135877","678640","2017-12-03 00:00:00","0.72","215949","10981","230306","156307","70637","3362","conventional","PhoenixTucson"
"7","1248721","691378","2017-11-12 00:00:00","0.72","271700","10123","275520","166855","106780","1886","conventional","PhoenixTucson"
"6","1553404.16","768415.85","2018-02-11 00:00:00","0.72","212945.5","5327.13","566715.68","461849.3","87861.7","17004.68","conventional","DallasFtWorth"
"4","1224254.4","621383.55","2018-02-25 00:00:00","0.72","216588.22","13517.52","372765.11","218471","148190.88","6103.23","conventional","PhoenixTucson"
"43","4667.26","19.04","2017-03-05 00:00:00","0.72","603.63","0","4044.59","171.7","3872.89","0","organic","Boise"
"40","22560.01","631.67","2017-03-26 00:00:00","0.72","3717.06","0","18211.28","2514.95","15696.33","0","organic","Columbus"
"3","95295.34","35590.98","2015-12-06 00:00:00","0.71","12526.5","4086.26","43091.6","42734.53","0","357.07","conventional","Boise"
"6","1040439.71","642897.96","2015-11-15 00:00:00","0.71","263132.27","10305.52","124103.96","109552.23","14527.64","24.09","conventional","DallasFtWorth"
"51","1062990.62","506426.58","2015-01-04 00:00:00","0.71","436347.57","4378.92","115837.55","90299.85","25537.7","0","conventional","Houston"
"8","907452.21","592066.03","2015-11-01 00:00:00","0.71","232050.89","20971.41","62363.88","62363.88","0","0","conventional","PhoenixTucson"
"14","892151.19","410147.31","2015-09-20 00:00:00","0.71","403760.93","6031.4","72211.55","64530.22","7681.33","0","conventional","PhoenixTucson"
"15","1100901.69","606856.71","2015-09-13 00:00:00","0.71","294311.71","15399.69","184333.58","74017.75","110315.83","0","conventional","PhoenixTucson"
"40","1089117","813326.5","2015-03-22 00:00:00","0.71","208871.24","6035.48","60883.78","60874.89","8.89","0","conventional","PhoenixTucson"
"47","6934356.31","3776936.71","2015-02-01 00:00:00","0.71","2348980.01","161845.27","646594.32","519847.64","126683.42","63.26","conventional","SouthCentral"
"0","776404.39","451904.51","2015-12-27 00:00:00","0.71","141599.36","15486.97","167413.55","123158.22","33065.33","11190","conventional","WestTexNewMexico"
"6","732695.38","483180.55","2015-11-15 00:00:00","0.71","155778.7","12780.68","80955.45","77112.29","3843.16","0","conventional","WestTexNewMexico"
"26","941135.5","670425.34","2015-06-28 00:00:00","0.71","108019.8","13077.85","149612.51","130392.24","19220.27","0","conventional","WestTexNewMexico"
"33","1019160.83","774232.7","2015-05-10 00:00:00","0.71","128168.65","13889.83","102869.65","79189.32","23680.33","0","conventional","WestTexNewMexico"
"47","916367.42","611270.39","2015-02-01 00:00:00","0.71","205181.23","14107.36","85808.44","82065.7","3742.74","0","conventional","WestTexNewMexico"
"34","224515.48","111020.2","2016-05-01 00:00:00","0.71","47074.43","9592.54","56828.31","48051.43","7485.91","1290.97","conventional","Columbus"
"32","1366439.71","620139.86","2016-05-15 00:00:00","0.71","308643.7","77616.6","360039.55","341082.58","16387.52","2569.45","conventional","DallasFtWorth"
"34","1433697.02","671692.86","2016-05-01 00:00:00","0.71","319831.23","63779.21","378393.72","356218.87","21755.75","419.1","conventional","DallasFtWorth"
"46","1515264.27","766439.13","2016-02-07 00:00:00","0.71","410258.37","143875.64","194691.13","155052.63","20895.02","18743.48","conventional","DallasFtWorth"
"3","1130895.62","592360.27","2016-12-04 00:00:00","0.71","274633.9","4508.75","259392.7","64285.15","195107.55","0","conventional","Houston"
"49","1069974.38","632962.22","2016-01-17 00:00:00","0.71","272231.24","19499.03","145281.89","96088.29","49193.6","0","conventional","PhoenixTucson"
"39","806586.49","82569.97","2016-03-27 00:00:00","0.71","247868.59","17851.44","458296.49","455581.54","2381.58","333.37","conventional","Portland"
"44","823186.03","65380.96","2016-02-21 00:00:00","0.71","277280.25","14447.61","466077.21","439612.36","26245.95","218.9","conventional","Portland"
"34","6953488.71","3400699.04","2016-05-01 00:00:00","0.71","1559296.24","398632.2","1594861.23","1215673.04","368204.58","10983.61","conventional","SouthCentral"
"36","6657073.54","3651444.14","2016-04-17 00:00:00","0.71","1058769.74","617895.6","1328964.06","1124257.15","195845.36","8861.55","conventional","SouthCentral"
"39","936600.58","638259.36","2016-03-27 00:00:00","0.71","112685.01","30073.26","155582.95","99134.34","56448.61","0","conventional","WestTexNewMexico"
"48","325944.73","3040.61","2017-01-29 00:00:00","0.71","118753.45","980.55","203170.12","30234.77","172935.35","0","conventional","CincinnatiDayton"
"3","1501699.41","701418.48","2018-03-04 00:00:00","0.71","176206.5","3827.34","620247.09","528247.89","91441.42","557.78","conventional","Houston"
"8","1647858.32","832418.81","2018-01-28 00:00:00","0.71","103716.17","17666.27","694057.07","609576.26","84377.48","103.33","conventional","Houston"
"1","1299190.92","626645.87","2018-03-18 00:00:00","0.71","243424.78","14272.43","414847.84","204096.69","205346.71","5404.44","conventional","PhoenixTucson"
"46","1180723.02","525259.71","2015-02-08 00:00:00","0.7","535768.93","5175.33","114519.05","103507.51","11011.54","0","conventional","Houston"
"24","1015567.49","689407.92","2015-07-12 00:00:00","0.7","201234.96","4759.57","120165.04","84710.72","35134.88","319.44","conventional","PhoenixTucson"
"26","955510.57","668071.26","2015-06-28 00:00:00","0.7","176318.03","4419.34","106701.94","84853.81","21848.13","0","conventional","PhoenixTucson"
"43","1031351.33","755408.34","2015-03-01 00:00:00","0.7","198955.65","12551.58","64435.76","64435.76","0","0","conventional","PhoenixTucson"
"28","1035973.14","651120.92","2015-06-14 00:00:00","0.7","202731.92","13413.05","168707.25","126508.62","42198.63","0","conventional","WestTexNewMexico"
"32","942310.32","721087.66","2015-05-17 00:00:00","0.7","112070.95","12170.59","96981.12","74460.15","22520.97","0","conventional","WestTexNewMexico"
"36","961001.34","687794.59","2015-04-19 00:00:00","0.7","154971.84","16243.48","101991.43","76595.17","25396.26","0","conventional","WestTexNewMexico"
"23","69052.66","27671.07","2016-07-17 00:00:00","0.7","1614.16","6.29","39761.14","37729.96","799.61","1231.57","conventional","Boise"
"27","129020.17","36119.41","2016-06-19 00:00:00","0.7","6692.38","2","86206.38","86107.76","83.05","15.57","conventional","Boise"
"46","10361698.17","2930343.28","2016-02-07 00:00:00","0.7","3950852.38","424389.6","3056112.91","2693843.02","344774.59","17495.3","conventional","California"
"3","356617.38","2443.73","2016-12-04 00:00:00","0.7","132792.54","2845.22","218535.89","24193.8","194318.91","23.18","conventional","CincinnatiDayton"
"31","1378888.74","596612.09","2016-05-22 00:00:00","0.7","352914.52","102484.78","326877.35","300179.82","21095.15","5602.38","conventional","DallasFtWorth"
"38","1339210.2","690160.92","2016-04-03 00:00:00","0.7","245283.6","112749.94","291015.74","269775.24","20797.36","443.14","conventional","DallasFtWorth"
"45","966134.31","178547.07","2016-02-14 00:00:00","0.7","277085.15","17992.56","492509.53","43323.93","449185.6","0","conventional","Denver"
"37","1271741.46","757578.32","2016-04-10 00:00:00","0.7","188936.32","151966.39","173260.43","117792.84","50449.53","5018.06","conventional","Houston"
"5","1226126.36","753470.68","2016-11-20 00:00:00","0.7","183315.34","14661.31","274679.03","110584.81","164013.66","80.56","conventional","PhoenixTucson"
"2","923022.14","97136.34","2016-12-11 00:00:00","0.7","256730.42","11762.18","557393.2","554442.99","1653.04","1297.17","conventional","Portland"
"35","6893900.54","3348754.08","2016-04-24 00:00:00","0.7","1465437.6","564146.38","1515562.48","1161263.73","346494.76","7803.99","conventional","SouthCentral"
"45","6349601.68","3382976.58","2016-02-14 00:00:00","0.7","1416070.96","718463.59","832090.55","662650.24","147944.33","21495.98","conventional","SouthCentral"
"46","7606351.8","3823016","2016-02-07 00:00:00","0.7","1930304.29","804558.25","1048473.26","756322.54","197394.7","94756.02","conventional","SouthCentral"
"32","901217.17","581142.58","2016-05-15 00:00:00","0.7","136712.42","20624.94","162737.23","97314.33","61552.9","3870","conventional","WestTexNewMexico"
"40","932377.12","572667","2016-03-20 00:00:00","0.7","148116.03","71017.02","140577.07","86992.57","53584.5","0","conventional","WestTexNewMexico"
"44","840912.75","531994.93","2016-02-21 00:00:00","0.7","140944.9","27799.93","140172.99","88186.62","50489.7","1496.67","conventional","WestTexNewMexico"
"45","963046.73","621734.73","2016-02-14 00:00:00","0.7","151510.22","30289.17","159512.61","89653.91","56745.36","13113.34","conventional","WestTexNewMexico"
"47","1621253.97","378806.26","2017-02-05 00:00:00","0.7","912672.33","224554.5","105220.88","94444.33","1936.79","8839.76","conventional","Chicago"
"45","303146.46","2623.77","2017-02-19 00:00:00","0.7","93502.67","1010.9","206009.12","23085.72","182918.9","4.5","conventional","CincinnatiDayton"
"46","1422345.94","624160.13","2017-02-12 00:00:00","0.7","276020.88","46940.69","475224.24","464056.64","10489.11","678.49","conventional","DallasFtWorth"
"49","1382964.89","850531.3","2017-01-22 00:00:00","0.7","222669.42","4457.46","305306.71","302263.34","2962.34","81.03","conventional","DallasFtWorth"
"50","1389716.89","750093.63","2017-01-15 00:00:00","0.7","313392.54","2775.58","323455.14","319826.47","3521.23","107.44","conventional","DallasFtWorth"
"39","1543050.06","879079.77","2017-04-02 00:00:00","0.7","183771.99","3906.52","476291.78","316601.87","159683.24","6.67","conventional","Houston"
"48","1258481.11","789020.2","2017-01-29 00:00:00","0.7","215934.35","58981.08","194545.48","74838.47","119674.39","32.62","conventional","Houston"
"2","1031887.79","508369","2017-12-17 00:00:00","0.7","216817.98","8575.36","298125.45","207680.54","86441.58","4003.33","conventional","PhoenixTucson"
"28","1326697.78","592933.2","2017-06-18 00:00:00","0.7","295319.97","12531.08","425913.53","235981.26","189932.27","0","conventional","PhoenixTucson"
"36","1197854.72","544507.98","2017-04-23 00:00:00","0.7","243224.53","17245.27","392876.94","128243.06","263385.27","1248.61","conventional","PhoenixTucson"
"25","1136070.26","228987.68","2017-07-09 00:00:00","0.7","231828.52","13755.65","661498.41","656040.89","5097.49","360.03","conventional","Portland"
"44","877633.92","134185.56","2017-02-26 00:00:00","0.7","153225.87","17614.85","572607.64","352429.69","219524.32","653.63","conventional","Portland"
"46","645130.97","203848.19","2017-02-12 00:00:00","0.7","199351.67","13290","228641.11","220708.3","7652.81","280","conventional","SanDiego"
"44","6808805.4","4318255.15","2017-02-26 00:00:00","0.7","822773.31","142658.92","1525118.02","1359306","146644.88","19167.14","conventional","SouthCentral"
"0","9010588.32","3999735.71","2018-03-25 00:00:00","0.7","966589.5","30130.82","4014132.29","3398569.92","546409.74","69152.63","conventional","SouthCentral"
"6","8043965.41","3886584.49","2018-02-11 00:00:00","0.7","917502.14","24745.18","3215133.6","2589009.32","574460.87","51663.41","conventional","SouthCentral"
"33","50559.21","14280.12","2016-05-08 00:00:00","0.7","6750.13","51.92","29477.04","5921.36","23555.68","0","organic","Denver"
"42","27596.38","765.67","2017-03-12 00:00:00","0.7","5012.62","0","21818.09","749.43","21068.66","0","organic","Detroit"
"43","15787.49","337.56","2017-03-05 00:00:00","0.7","2105.48","0","13344.45","2068.61","11275.84","0","organic","Roanoke"
"40","117379.74","1221.44","2017-03-26 00:00:00","0.7","13622.19","6.8","102529.31","456.23","102073.08","0","organic","Seattle"
"28","7281803.61","4668964.65","2015-06-14 00:00:00","0.69","1660109.04","77844.97","874884.95","716742.3","158100.12","42.53","conventional","SouthCentral"
"26","127961.84","34024.13","2016-06-26 00:00:00","0.69","5853.32","9.3","88075.09","88025.14","34.45","15.5","conventional","Boise"
"1","1148251","571587.33","2016-12-18 00:00:00","0.69","250532.87","2578.35","323552.45","315924.68","2246.16","5381.61","conventional","DallasFtWorth"
"2","1121306.38","643580.23","2016-12-11 00:00:00","0.69","188669.07","3182.11","285874.97","279258.26","2393.13","4223.58","conventional","DallasFtWorth"
"3","1245471.58","714899.71","2016-12-04 00:00:00","0.69","187180.3","3035.64","340355.93","333769.95","2664.83","3921.15","conventional","DallasFtWorth"
"36","1339725.73","646060.26","2016-04-17 00:00:00","0.69","232035.65","113528.02","348101.8","318316.06","28701.42","1084.32","conventional","DallasFtWorth"
"37","1424317.64","753607.6","2016-04-10 00:00:00","0.69","211182.18","112050","347477.86","316405.11","27732.87","3339.88","conventional","DallasFtWorth"
"32","1343566.69","614769.67","2016-05-15 00:00:00","0.69","335853.13","95672.31","297271.58","102106.82","192425.32","2739.44","conventional","Houston"
"36","1310677.68","782313.51","2016-04-17 00:00:00","0.69","191432.45","153134.81","183796.91","119863.49","57278.42","6655","conventional","Houston"
"46","1323490.25","528669.72","2016-02-07 00:00:00","0.69","424427.32","203797.87","166595.34","71538.94","75749.73","19306.67","conventional","Houston"
"19","1325974.87","795943.96","2016-08-14 00:00:00","0.69","228315.48","11523.66","290191.77","136243.88","153947.89","0","conventional","PhoenixTucson"
"36","917689.13","80084.69","2016-04-17 00:00:00","0.69","285327.86","20489.31","531787.27","518252.26","12155.5","1379.51","conventional","Portland"
"46","593759.78","307135.68","2016-02-07 00:00:00","0.69","151185.73","13083.51","122354.86","61003.56","61340.53","10.77","conventional","SouthCarolina"
"46","9718438.84","3353158.49","2016-02-07 00:00:00","0.69","2960080.17","281618.2","3123581.98","1921219.6","1187478.3","14884.08","conventional","West"
"49","380429.31","3186.11","2017-01-22 00:00:00","0.69","142025.18","2545.11","232672.91","34561.66","198094.72","16.53","conventional","CincinnatiDayton"
"47","323030.81","140453.99","2017-02-05 00:00:00","0.69","60090.44","4269.9","118216.48","114404.34","3809.36","2.78","conventional","Columbus"
"33","1297119.2","612625.19","2017-05-14 00:00:00","0.69","239024.86","14939.98","430529.17","275375.52","154056.43","1097.22","conventional","PhoenixTucson"
"35","12272.56","1593.69","2016-04-24 00:00:00","0.69","510.56","5.23","10163.08","7.74","10155.34","0","organic","StLouis"
"30","1377670.81","941838.33","2015-05-31 00:00:00","0.68","315653.39","7287.06","112892.03","99456.4","13421.47","14.16","conventional","DallasFtWorth"
"47","1391089.32","786166.9","2015-02-01 00:00:00","0.68","495262.11","18855.32","90804.99","79314.06","11474.72","16.21","conventional","DallasFtWorth"
"29","1053997.99","750594.5","2015-06-07 00:00:00","0.68","152736.51","12543.43","138123.55","103719.2","34404.35","0","conventional","WestTexNewMexico"
"32","755306.53","292232.77","2016-05-15 00:00:00","0.68","166131.16","80.12","296862.48","126898.8","169317.09","646.59","conventional","Atlanta"
"31","1378761.67","569011.09","2016-05-22 00:00:00","0.68","339100.41","169713.69","300936.48","125723.56","165911.25","9301.67","conventional","Houston"
"34","1308614.45","601670.1","2016-05-01 00:00:00","0.68","368703.63","89821.94","248418.78","84090.2","159461.92","4866.66","conventional","Houston"
"34","370646.01","169412.4","2016-05-01 00:00:00","0.68","70592.24","248.56","130392.81","37625.8","92767.01","0","conventional","Jacksonville"
"31","1063411.38","616427.64","2016-05-22 00:00:00","0.68","233772.43","22533.69","190677.62","59067.63","131561.38","48.61","conventional","PhoenixTucson"
"34","679213.01","221162.07","2016-05-01 00:00:00","0.68","221265.53","23602.94","213182.47","57334.52","155614.62","233.33","conventional","SanDiego"
"46","1198679.87","755962.49","2016-02-07 00:00:00","0.68","197733.56","74916.26","170067.56","100403.73","41471.6","28192.23","conventional","WestTexNewMexico"
"52","1336539.2","526727.72","2017-01-01 00:00:00","0.68","438041.57","4254.9","367515.01","364446.02","2152.59","916.4","conventional","DallasFtWorth"
"36","1776220.69","665435.93","2017-04-23 00:00:00","0.68","352920.48","5646.02","752218.26","224693.22","527525.04","0","conventional","Houston"
"49","1119168.1","798585.87","2017-01-22 00:00:00","0.68","170357.81","4719.74","145504.68","79246.83","66254.52","3.33","conventional","Houston"
"47","377719.7","182395.78","2017-02-05 00:00:00","0.68","43116.96","149.64","152057.32","131344.95","20622.37","90","conventional","Nashville"
"29","1417604.32","786718.62","2017-06-11 00:00:00","0.68","187402.03","14150.63","429333.04","235639.45","193693.59","0","conventional","PhoenixTucson"
"41","1241284.04","598359","2017-03-19 00:00:00","0.68","205006.8","19620.25","418297.99","229269.89","188397.54","630.56","conventional","PhoenixTucson"
"47","1189151.17","173944.99","2017-02-05 00:00:00","0.68","260237.26","17285.27","737683.65","678871.57","57776.33","1035.75","conventional","Portland"
"46","7043078.06","3640314.18","2017-02-12 00:00:00","0.68","1098974.88","215201.61","2088587.39","1790736.15","276301.68","21549.56","conventional","SouthCentral"
"50","7103726.14","4335593.06","2017-01-15 00:00:00","0.68","1264050.32","18959.07","1485123.69","1360058.7","110035.17","15029.82","conventional","SouthCentral"
"5","1572064.61","931553.8","2018-02-18 00:00:00","0.68","160780.41","4045.42","475684.98","372117.42","103276.45","291.11","conventional","Houston"
"8","1592137.3","902410.41","2018-01-28 00:00:00","0.68","288508.97","12312.08","388905.84","235248.48","147958.47","5698.89","conventional","PhoenixTucson"
"11","16638.93","494.24","2016-10-09 00:00:00","0.68","3792.05","0","12352.64","108.98","12243.66","0","organic","Nashville"
"0","72161.05","2888.38","2016-12-25 00:00:00","0.68","7043.82","9.89","62218.96","638.89","61580.07","0","organic","Portland"
"48","15106.42","1490.93","2016-01-24 00:00:00","0.68","595.22","5.27","13015","66.82","12948.18","0","organic","StLouis"
"44","10920.78","329.8","2017-02-26 00:00:00","0.68","2415.49","0","8175.49","115","8060.49","0","organic","Nashville"
"40","77379.73","2870.05","2017-03-26 00:00:00","0.68","5856.87","18.61","68634.2","148.03","68486.17","0","organic","Portland"
"40","1333424.37","925527.04","2015-03-22 00:00:00","0.67","297656.4","11678.42","98562.51","88559.01","9991.57","11.93","conventional","DallasFtWorth"
"46","1207167.54","737968.75","2015-02-08 00:00:00","0.67","376914.26","12106.6","80177.93","67959.08","12176.08","42.77","conventional","DallasFtWorth"
"32","1013049.67","739725.96","2015-05-17 00:00:00","0.67","167185.6","4706.99","101431.12","77703.34","23727.78","0","conventional","PhoenixTucson"
"33","1072300.38","775683.37","2015-05-10 00:00:00","0.67","182956.41","4878.68","108781.92","77196.88","31585.04","0","conventional","PhoenixTucson"
"49","1088608.66","811662.62","2015-01-18 00:00:00","0.67","200514.36","5643.07","70788.61","70788.61","0","0","conventional","PhoenixTucson"
"3","565516.62","196490.3","2015-12-06 00:00:00","0.67","209350.93","17406.01","142269.38","114044.25","28225.13","0","conventional","SanDiego"
"28","68721.61","34791.42","2016-06-12 00:00:00","0.67","2578.94","2.63","31348.62","31094.59","245.8","8.23","conventional","Boise"
"36","109590.28","41244.44","2016-04-17 00:00:00","0.67","9075.77","4729.87","54540.2","53939.82","14.55","585.83","conventional","Boise"
"35","1393042.56","656322.91","2016-04-24 00:00:00","0.67","324423.04","163347.75","248948.86","100132.98","144364.21","4451.67","conventional","Houston"
"45","1191352.2","518192.1","2016-02-14 00:00:00","0.67","334137.36","210029.3","128993.44","67726.6","55041.28","6225.56","conventional","Houston"
"2","1056806.44","508911.67","2016-12-11 00:00:00","0.67","226307.94","14222.88","307363.95","154962.56","152350","51.39","conventional","PhoenixTucson"
"29","1197277.61","644911.82","2016-06-05 00:00:00","0.67","271580.08","17419.32","263366.39","131405.15","131926.52","34.72","conventional","PhoenixTucson"
"44","1098967.88","560568.72","2016-02-21 00:00:00","0.67","347498.78","15354.56","175545.82","79744.59","95801.23","0","conventional","PhoenixTucson"
"47","11213596.29","3986429.59","2017-02-05 00:00:00","0.67","3550403.07","214137.93","3462625.7","3403581.49","7838.83","51205.38","conventional","California"
"45","1190708.83","565042.04","2017-02-19 00:00:00","0.67","142847.65","63757.91","419061.23","291927.39","127089.4","44.44","conventional","Houston"
"39","1315020.28","692107.1","2017-04-02 00:00:00","0.67","190493.5","20666.37","411753.31","213105.17","197107.86","1540.28","conventional","PhoenixTucson"
"43","1176932.6","551312.9","2017-03-05 00:00:00","0.67","221516.99","15504.1","388598.61","250902.57","136918.26","777.78","conventional","PhoenixTucson"
"45","1171871.64","624947.16","2017-02-19 00:00:00","0.67","260052.13","14748.58","272123.77","126572.67","145260.82","290.28","conventional","PhoenixTucson"
"49","1100953.14","653900.04","2017-01-22 00:00:00","0.67","95147.87","14466.07","337439.16","113880.3","223558.86","0","conventional","WestTexNewMexico"
"7","1885401.44","855815.37","2018-02-04 00:00:00","0.67","340887.07","6655.47","682043.53","583353.2","86725.24","11965.09","conventional","DallasFtWorth"
"7","880540.45","167512.7","2018-02-04 00:00:00","0.67","287359.89","60027.97","365639.89","266930.49","89516.48","9192.92","conventional","Detroit"
"4","1657524.28","855570.87","2018-02-25 00:00:00","0.67","147837.21","3976.08","650140.12","544537","105365.34","237.78","conventional","Houston"
"45","13534.67","284.78","2017-02-19 00:00:00","0.67","2310.55","0","10939.34","120.01","10819.33","0","organic","Nashville"
"3","3048290.53","1204232.39","2015-12-06 00:00:00","0.66","682692.02","64728.33","1096637.79","997845.83","92324.72","6467.24","conventional","LosAngeles"
"2","907470.09","546182.56","2015-12-13 00:00:00","0.66","241774.69","9429.99","110082.85","92028.11","18054.74","0","conventional","PhoenixTucson"
"19","1203149.94","836443.14","2015-08-16 00:00:00","0.66","223690.17","8294.96","134721.67","95992.23","38729.44","0","conventional","PhoenixTucson"
"37","1019280.57","746352.69","2015-04-12 00:00:00","0.66","181417.77","5732.19","85777.92","39455.85","46322.07","0","conventional","PhoenixTucson"
"49","1245174.24","118599.67","2016-01-17 00:00:00","0.66","403009.94","31009.77","692554.86","43026.58","649528.28","0","conventional","Denver"
"46","271393.5","139708.54","2017-02-12 00:00:00","0.66","30102.92","246.24","101335.8","80701","19120.08","1514.72","conventional","Nashville"
"47","11274749.11","4377537.67","2017-02-05 00:00:00","0.66","2558039.85","193764.89","4145406.7","2508731.79","1627453.06","9221.85","conventional","West"
"42","121329.26","10700.89","2016-03-06 00:00:00","0.66","10988.09","59.64","99580.64","41656.67","57923.97","0","organic","Denver"
"44","19772.8","658.91","2017-02-26 00:00:00","0.66","3386.42","0","15727.47","1483.15","14244.32","0","organic","Columbus"
"46","13802","337.21","2017-02-12 00:00:00","0.66","2693.07","0","10771.72","196.14","10575.58","0","organic","Nashville"
"28","1508750.45","1013252.58","2015-06-14 00:00:00","0.65","353165.21","7557.93","134774.73","130578.16","4187.62","8.95","conventional","DallasFtWorth"
"10","1094731.43","728349.92","2015-10-18 00:00:00","0.65","287934.77","10255.97","68190.77","68128.99","61.78","0","conventional","PhoenixTucson"
"51","1048062.16","770635.37","2015-01-04 00:00:00","0.65","178418.32","6509.41","92499.06","92499.06","0","0","conventional","PhoenixTucson"
"31","75996.51","32112.63","2016-05-22 00:00:00","0.65","3221.12","2.65","40660.11","40606.62","35.29","18.2","conventional","Boise"
"35","79562.45","36437.8","2016-04-24 00:00:00","0.65","2849.95","590.88","39683.82","39671.39","5.85","6.58","conventional","Boise"
"35","1482923.45","672950.33","2016-04-24 00:00:00","0.65","327965.04","102387.45","379620.63","352619.17","26934.79","66.67","conventional","DallasFtWorth"
"45","1358553.29","749745.24","2016-02-14 00:00:00","0.65","306905.42","135347.78","166554.85","150047.23","14228.97","2278.65","conventional","DallasFtWorth"
"33","1406283.85","670565.88","2016-05-08 00:00:00","0.65","293098.85","185667.35","256951.77","107635.65","146298.07","3018.05","conventional","Houston"
"45","3664088.6","931605.09","2016-02-14 00:00:00","0.65","837742.21","90043.21","1804698.09","1567442.4","222150.04","15105.65","conventional","LosAngeles"
"51","719749.77","204145.28","2016-01-03 00:00:00","0.65","256691.54","22617.47","236295.48","138815.05","97480.43","0","conventional","SanDiego"
"46","320492.68","3907.11","2017-02-12 00:00:00","0.65","131463.63","1679.79","183442.15","30174.49","153260.18","7.48","conventional","CincinnatiDayton"
"47","411450.85","3229.39","2017-02-05 00:00:00","0.65","181550.84","3016.89","223653.73","35158.21","188488.1","7.42","conventional","CincinnatiDayton"
"47","1772501.55","882268.72","2017-02-05 00:00:00","0.65","362714.58","97315.69","430202.56","352919.96","76779.55","503.05","conventional","DallasFtWorth"
"47","797699.81","214826.74","2017-02-05 00:00:00","0.65","228906.58","25712.14","328254.35","321790.97","6374.7","88.68","conventional","Detroit"
"34","1546765.68","813990.86","2017-05-07 00:00:00","0.65","282109.87","16944.99","433719.96","213850.65","219720.7","148.61","conventional","PhoenixTucson"
"38","1264239.57","707466.32","2017-04-09 00:00:00","0.65","220405.29","18966.27","317401.69","145354.75","171728.88","318.06","conventional","PhoenixTucson"
"42","1264592.26","714430.93","2017-03-12 00:00:00","0.65","176678.74","18778.41","354704.18","240361.27","113409.58","933.33","conventional","PhoenixTucson"
"44","1146225.87","558763.67","2017-02-26 00:00:00","0.65","289095.7","14923.76","283442.74","113594.12","169659.73","188.89","conventional","PhoenixTucson"
"48","776310.02","282233.2","2017-01-29 00:00:00","0.65","253233.56","14380.96","226462.3","209999.44","13407.3","3055.56","conventional","SanDiego"
"46","1122062.47","634306.53","2017-02-12 00:00:00","0.65","74919.2","16662.96","396173.78","146277.87","249895.91","0","conventional","WestTexNewMexico"
"7","10323174.59","4772921.95","2018-02-04 00:00:00","0.65","1623613.82","38521.35","3888117.47","3351508.25","508738.57","27870.65","conventional","SouthCentral"
"40","42853.44","645.5","2017-03-26 00:00:00","0.65","5540.45","0","36667.49","637.66","36029.83","0","organic","Detroit"
"42","7708.22","6.28","2017-03-12 00:00:00","0.65","1361.74","0","6340.2","273.33","6066.87","0","organic","Louisville"
"46","1151157.44","881998.68","2015-02-08 00:00:00","0.64","184023.21","5517","79618.55","79618.55","0","0","conventional","PhoenixTucson"
"33","3942054.31","1416928.16","2016-05-08 00:00:00","0.64","929683.64","107683.95","1487758.56","1104179.23","362931.85","20647.48","conventional","LosAngeles"
"51","3967109.33","1232109.79","2016-01-03 00:00:00","0.64","992212.57","90511.09","1652275.88","1415836.57","226121.9","10317.41","conventional","LosAngeles"
"0","1108953.48","595085.56","2016-12-25 00:00:00","0.64","215902.65","17008.1","280957.17","115069.75","165813.81","73.61","conventional","PhoenixTucson"
"16","1455770.91","947924.8","2016-09-04 00:00:00","0.64","261415.15","13070.26","233360.7","91284.33","142076.37","0","conventional","PhoenixTucson"
"20","1522368.93","1031124.37","2016-08-07 00:00:00","0.64","214144.29","11938.14","265162.13","132055.1","132129.25","977.78","conventional","PhoenixTucson"
"41","1103110.33","670917.46","2016-03-13 00:00:00","0.64","256531.59","16153.46","159507.82","90790.53","68717.29","0","conventional","PhoenixTucson"
"47","1113755.21","663697.2","2016-01-31 00:00:00","0.64","293461.52","21553.25","135043.24","83060.04","51983.2","0","conventional","PhoenixTucson"
"52","329279.29","2646.83","2017-01-01 00:00:00","0.64","130250.6","2530.91","193850.95","30669.35","163180.08","1.52","conventional","CincinnatiDayton"
"46","3625630.64","1181120.66","2017-02-12 00:00:00","0.64","592688.22","61331.51","1790490.25","1664506.69","81240.11","44743.45","conventional","LosAngeles"
"3","1222641.23","731583.95","2017-12-10 00:00:00","0.64","200595.47","10237.88","280223.93","199484.52","77062.75","3676.66","conventional","PhoenixTucson"
"52","6687273.64","3587283.29","2017-01-01 00:00:00","0.64","1719720.01","27548.73","1352721.61","1105953.16","230434.03","16334.42","conventional","SouthCentral"
"6","1490711.97","793896.21","2018-02-11 00:00:00","0.64","256987.03","12607.4","427221.33","241681.63","179607.48","5932.22","conventional","PhoenixTucson"
"2","27489.35","268.89","2016-12-11 00:00:00","0.64","4743.81","0","22476.65","698.22","21778.43","0","organic","CincinnatiDayton"
"44","24322.77","1111.31","2017-02-26 00:00:00","0.64","3495.28","0","19716.18","150","19566.18","0","organic","Atlanta"
"42","29680.14","325.53","2017-03-12 00:00:00","0.64","5300.47","0","24054.14","687.41","23366.73","0","organic","CincinnatiDayton"
"46","26706.48","287.17","2017-02-12 00:00:00","0.64","6528.34","0","19890.97","487.26","19403.71","0","organic","CincinnatiDayton"
"44","1163115.49","925363.02","2015-02-22 00:00:00","0.63","163229.81","6791.95","67730.71","67727.1","3.61","0","conventional","PhoenixTucson"
"29","95948.06","31280","2016-06-05 00:00:00","0.63","5422.61","11.56","59233.89","59206.93","8.8","18.16","conventional","Boise"
"30","82549.14","29694.73","2016-05-29 00:00:00","0.63","4570.07","6.61","48277.73","47343.36","926.1","8.27","conventional","Boise"
"34","82585.83","32240.97","2016-05-01 00:00:00","0.63","3928.02","0","46416.84","46257.9","140.79","18.15","conventional","Boise"
"46","1365558.26","230721.51","2016-02-07 00:00:00","0.63","557897.36","18935.14","558004.25","50217.97","507786.28","0","conventional","Denver"
"1","1212933.22","576578.21","2016-12-18 00:00:00","0.63","258779.48","2885.86","374689.67","155393.61","219296.06","0","conventional","Houston"
"33","495732.92","304801.74","2016-05-08 00:00:00","0.63","41988.69","455.82","148486.67","128875.87","19610.8","0","conventional","NewOrleansMobile"
"3","1164027.22","731182.01","2016-12-04 00:00:00","0.63","187418.51","11915.51","233511.19","117120.79","115108.46","1281.94","conventional","PhoenixTucson"
"52","1169638.17","560445.04","2017-01-01 00:00:00","0.63","325471.67","15079.65","268641.81","117177.54","151421.21","43.06","conventional","PhoenixTucson"
"47","892740.87","260418.91","2017-02-05 00:00:00","0.63","290223.93","20313.95","321784.08","318872.23","2886.85","25","conventional","SanDiego"
"28","1533409.28","924661.29","2015-06-14 00:00:00","0.62","439063.48","4700.1","164984.41","85200.08","79784.33","0","conventional","Houston"
"6","1010132.49","690246.77","2015-11-15 00:00:00","0.62","244820.79","11412.94","63651.99","63178.2","473.79","0","conventional","PhoenixTucson"
"34","3863314.25","1355793.57","2016-05-01 00:00:00","0.62","1047924.35","98634.23","1360962.1","1011875.96","334016.05","15070.09","conventional","LosAngeles"
"27","1348891.94","852657.34","2016-06-19 00:00:00","0.62","231636.98","17320.64","247276.98","128068.93","119121.94","86.11","conventional","PhoenixTucson"
"34","1178000.01","657384.04","2016-05-01 00:00:00","0.62","324709.73","14202.89","181703.35","109463.91","72200.55","38.89","conventional","PhoenixTucson"
"51","1092066.65","692403.58","2016-01-03 00:00:00","0.62","250115.85","20950.56","128596.66","79896.67","48699.99","0","conventional","PhoenixTucson"
"46","6847218.72","3614202.25","2016-02-07 00:00:00","0.62","1364491.37","22097.49","1846427.61","740216.91","1106150.27","60.43","conventional","Southeast"
"49","4215552.57","1715034.11","2017-01-22 00:00:00","0.62","663032.28","61799.24","1775686.94","1710186.48","39625.95","25874.51","conventional","LosAngeles"
"47","9421609.22","5160896.68","2017-02-05 00:00:00","0.62","1821670.82","430538.46","2008503.26","1652465.83","346207.63","9829.8","conventional","SouthCentral"
"43","32292.39","2078.48","2017-03-05 00:00:00","0.62","4175.17","0","26038.74","342.28","25696.46","0","organic","Atlanta"
"48","1233503.27","1002267.22","2015-01-25 00:00:00","0.61","150640.9","5034.13","75561.02","75558.47","2.55","0","conventional","PhoenixTucson"
"50","1110753.05","849580.75","2015-01-11 00:00:00","0.61","182629.59","12237.43","66305.28","66305.28","0","0","conventional","PhoenixTucson"
"33","106409.67","43200.28","2016-05-08 00:00:00","0.61","5397.41","7.29","57804.69","57439.5","330.49","34.7","conventional","Boise"
"36","1166007.02","662946.89","2016-04-17 00:00:00","0.61","286552.3","14462.24","202045.59","93837.25","108208.34","0","conventional","PhoenixTucson"
"38","1091234.04","690115.62","2016-04-03 00:00:00","0.61","244434.1","17172.83","139511.49","83416.28","56080.04","15.17","conventional","PhoenixTucson"
"45","1209857.67","788381.39","2016-02-14 00:00:00","0.61","243842.36","22140.43","155493.49","77572.93","77920.56","0","conventional","PhoenixTucson"
"48","1016720.53","537695.71","2016-01-24 00:00:00","0.61","293418.02","15408.83","170197.97","88066.62","82131.35","0","conventional","PhoenixTucson"
"46","917660.79","212980.89","2016-02-07 00:00:00","0.61","302238.82","23694.84","378746.24","292228.73","86517.51","0","conventional","SanDiego"
"47","633235.06","400599.94","2017-02-05 00:00:00","0.61","80089.33","402","152143.79","119084.94","26378.85","6680","conventional","NewOrleansMobile"
"3","1672899.36","962967.9","2018-03-04 00:00:00","0.61","268082.25","12934.88","428914.33","266658.69","156802.31","5453.33","conventional","PhoenixTucson"
"42","11558.79","523.31","2017-03-12 00:00:00","0.61","1918.64","0","9116.84","66.66","9050.18","0","organic","Nashville"
"7","1102271.52","793103.44","2015-11-08 00:00:00","0.6","234926.57","11555.39","62686.12","62666.63","19.49","0","conventional","PhoenixTucson"
"34","1268607.36","901701.94","2015-05-03 00:00:00","0.6","256791.72","5692.05","104421.65","80245","23882.21","294.44","conventional","PhoenixTucson"
"41","1326720.8","1104002.1","2015-03-15 00:00:00","0.6","149254.65","6041.54","67422.51","67422.51","0","0","conventional","PhoenixTucson"
"45","1159509.68","938840.55","2015-02-15 00:00:00","0.6","143378.43","5938.72","71351.98","71344.45","7.53","0","conventional","PhoenixTucson"
"48","1195521.28","25727.06","2016-01-24 00:00:00","0.6","404617.2","15454.69","749722.33","43669.49","706052.84","0","conventional","Denver"
"51","1295246.27","114121.88","2016-01-03 00:00:00","0.6","526048.62","10374.52","644701.25","33033.97","611655.03","12.25","conventional","Denver"
"26","1360168.72","848508.88","2016-06-26 00:00:00","0.6","230322.97","16235.59","265101.28","151847.82","113195.13","58.33","conventional","PhoenixTucson"
"34","538518.77","8438.14","2017-05-07 00:00:00","0.6","131508.13","1302.45","397270.05","33659.21","363468.52","142.32","conventional","CincinnatiDayton"
"48","4230448.98","1439453.61","2017-01-29 00:00:00","0.6","741369.62","67607.57","1982018.18","1923042.64","29993.97","28981.57","conventional","LosAngeles"
"43","379324.44","174849.76","2017-03-05 00:00:00","0.6","10907.3","185.57","193381.81","186396.09","6875.72","110","conventional","Nashville"
"6","1427367","953957","2017-11-19 00:00:00","0.6","202003","10913","260494","117939","139564","2991","conventional","PhoenixTucson"
"50","1470187.14","689503.99","2017-01-15 00:00:00","0.6","362435.36","13938.56","404309.23","136614.13","267595.1","100","conventional","PhoenixTucson"
"46","1180631.07","649646.72","2016-02-07 00:00:00","0.59","241271.36","231.23","289481.76","71559.97","217921.79","0","conventional","MiamiFtLauderdale"
"50","1276128.92","868817.82","2016-01-10 00:00:00","0.59","252752.29","12047.67","142511.14","91807.54","50703.6","0","conventional","PhoenixTucson"
"0","1684537.69","932956.86","2018-03-25 00:00:00","0.59","296968.67","14886.96","439725.2","216076.58","218329.73","5318.89","conventional","PhoenixTucson"
"5","1544983.15","923293","2018-02-18 00:00:00","0.59","242108.74","12876.81","366704.6","228817.23","131177.62","6709.75","conventional","PhoenixTucson"
"7","1998260.47","1029017.42","2018-02-04 00:00:00","0.59","511201.78","13917.11","444124.16","236056.82","202720.67","5346.67","conventional","PhoenixTucson"
"16","1390417.77","937165.6","2015-09-06 00:00:00","0.58","293505.07","6101.99","153645.11","93116.34","60528.77","0","conventional","PhoenixTucson"
"31","1261540.03","968755.93","2015-05-24 00:00:00","0.58","180676.87","6013.78","106093.45","84441.02","21652.43","0","conventional","PhoenixTucson"
"32","95143.57","34103.08","2016-05-15 00:00:00","0.58","6201.35","15.58","54823.56","52268.89","2490.17","64.5","conventional","Boise"
"46","4982700.11","1262681.15","2016-02-07 00:00:00","0.58","1447533.8","98684.4","2173800.76","1911608.83","245385.02","16806.91","conventional","LosAngeles"
"34","564738.86","341116.17","2016-05-01 00:00:00","0.58","60230.81","1500.12","161891.76","118421.93","43469.83","0","conventional","NewOrleansMobile"
"46","542750.89","348348.45","2016-02-07 00:00:00","0.58","55886.98","566.5","137948.96","114075.87","23873.09","0","conventional","NewOrleansMobile"
"46","696369.34","370221.57","2016-02-07 00:00:00","0.58","119918.66","221.91","206007.2","50078.9","155928.3","0","conventional","Orlando"
"18","1459911.33","991649.01","2016-08-21 00:00:00","0.58","202899.77","9204.82","256157.73","122310.85","133221.88","625","conventional","PhoenixTucson"
"30","1342825.39","823222.51","2016-05-29 00:00:00","0.58","251166.51","18217.7","250218.67","105242.1","143894.63","1081.94","conventional","PhoenixTucson"
"46","1420811.06","781130.12","2017-02-12 00:00:00","0.58","148459.74","71472.3","419748.9","278125.24","141599.77","23.89","conventional","Houston"
"48","1380520.76","799387.73","2017-01-29 00:00:00","0.58","246921.02","16440.78","317771.23","114964.92","202520.2","286.11","conventional","PhoenixTucson"
"6","1870874.72","801390.67","2018-02-11 00:00:00","0.58","156458.96","4407.32","908617.77","747968.17","160355.16","294.44","conventional","Houston"
"2","1619549.79","941189.25","2018-03-11 00:00:00","0.58","269078.43","14057.17","395224.94","227505.97","161870.08","5848.89","conventional","PhoenixTucson"
"37","14137.4","668.77","2016-04-10 00:00:00","0.58","489.85","0","12978.78","61.76","12917.02","0","organic","StLouis"
"38","1320320.85","1058164.41","2015-04-05 00:00:00","0.57","172115.69","7128.12","82912.63","49271.61","33641.02","0","conventional","PhoenixTucson"
"39","1231267.27","998057.91","2015-03-29 00:00:00","0.57","157108.31","8638.85","67462.2","43759.93","23702.27","0","conventional","PhoenixTucson"
"33","1489269.33","941813.03","2016-05-08 00:00:00","0.57","325967.66","29263.46","192225.18","80064.68","109498","2662.5","conventional","PhoenixTucson"
"43","1290021.19","816554.74","2016-02-28 00:00:00","0.57","311746.69","22261.01","139458.75","69825","69633.75","0","conventional","PhoenixTucson"
"51","1417208.02","933181.79","2017-01-08 00:00:00","0.57","198434.84","2690.98","282900.41","190479.48","92420.93","0","conventional","Houston"
"40","1607936.05","990504.55","2017-03-26 00:00:00","0.57","203409.21","20130.79","393891.5","219158.02","174184.87","548.61","conventional","PhoenixTucson"
"47","25068.02","198.33","2017-02-05 00:00:00","0.57","4655.41","0","20214.28","458.06","19756.22","0","organic","CincinnatiDayton"
"44","35282.6","620.57","2017-02-26 00:00:00","0.57","4638.48","0","30023.55","826.39","29197.16","0","organic","Detroit"
"45","38386.57","822.08","2017-02-19 00:00:00","0.57","5987.89","0","31576.6","1150.99","30425.61","0","organic","Detroit"
"3","1105500.34","760680.02","2015-12-06 00:00:00","0.56","271207.14","13354.8","60258.38","60255.64","2.74","0","conventional","PhoenixTucson"
"25","1456835.79","1096452.67","2015-07-05 00:00:00","0.56","220124.25","5251.74","135007.13","98977.04","36030.09","0","conventional","PhoenixTucson"
"30","1282095.88","981853.86","2015-05-31 00:00:00","0.56","177850.55","10400.82","111990.65","81585.03","30405.62","0","conventional","PhoenixTucson"
"47","1544750.92","1194635.06","2015-02-01 00:00:00","0.56","261342.47","6335.66","82437.73","82437.73","0","0","conventional","PhoenixTucson"
"1","1236204.18","733772.13","2016-12-18 00:00:00","0.56","203894.48","14396.29","284141.28","135028.94","148667.9","444.44","conventional","PhoenixTucson"
"37","1387970","924031.6","2016-04-10 00:00:00","0.56","246403.27","37714.15","179820.98","102611.01","75964.14","1245.83","conventional","PhoenixTucson"
"40","1339528.26","877807.23","2016-03-20 00:00:00","0.56","283972.53","21555.74","156192.76","91822.41","64370.35","0","conventional","PhoenixTucson"
"46","822548.66","385584.08","2016-02-07 00:00:00","0.56","189389.79","105.28","247469.51","98976.22","148493.29","0","conventional","Tampa"
"0","2120511.03","837700.97","2018-03-25 00:00:00","0.56","162473.38","4190.48","1116146.2","952254.7","161188.17","2703.33","conventional","Houston"
"7","2381742.59","952746.89","2018-02-04 00:00:00","0.56","300383.28","7990.32","1120622.1","1010539.42","109978.24","104.44","conventional","Houston"
"43","9801.7","9.25","2017-03-05 00:00:00","0.56","1302.28","0","8490.17","306.66","8183.51","0","organic","Louisville"
"45","10571.3","0","2017-02-19 00:00:00","0.56","1277.78","0","9293.52","287.77","9005.75","0","organic","Louisville"
"32","1318932.22","877701.71","2016-05-15 00:00:00","0.55","266908.38","13478.11","160844.02","60965.94","99187.8","690.28","conventional","PhoenixTucson"
"46","1609195.36","1093424.86","2016-02-07 00:00:00","0.55","286748.57","57213.24","171808.69","88259.09","83549.6","0","conventional","PhoenixTucson"
"47","1977923.65","1026765.08","2017-02-05 00:00:00","0.55","406006.03","140962.93","404189.61","316097.57","88069.82","22.22","conventional","Houston"
"27","1343180.92","1028045.58","2015-06-21 00:00:00","0.54","188115.35","4910.71","122109.28","99129.04","22980.24","0","conventional","PhoenixTucson"
"46","369757.62","191441.47","2016-02-07 00:00:00","0.54","57532.08","594.02","120190.05","53302.46","66879.47","8.12","conventional","Jacksonville"
"35","1352494.83","884293.16","2016-04-24 00:00:00","0.54","264603.74","14665.34","188932.59","104062.12","83420.47","1450","conventional","PhoenixTucson"
"39","1423939.62","952967.11","2016-03-27 00:00:00","0.54","252486.02","35478.87","183007.62","102042.24","80965.38","0","conventional","PhoenixTucson"
"47","680234.93","286395.34","2017-02-05 00:00:00","0.54","121440.6","8149.22","264249.77","56405.96","207843.81","0","conventional","LasVegas"
"46","1582877.09","917584.44","2017-02-12 00:00:00","0.54","257573.05","18976.18","388743.42","118301.86","269542.95","898.61","conventional","PhoenixTucson"
"49","1601222.68","909748.65","2017-01-22 00:00:00","0.54","296612.15","15561.81","379300.07","98982.8","280317.27","0","conventional","PhoenixTucson"
"1","1097224.25","785254.94","2015-12-20 00:00:00","0.53","204147.3","10346.68","97475.33","72169.92","25305.41","0","conventional","PhoenixTucson"
"28","1353850.06","1046887.77","2015-06-14 00:00:00","0.53","180388.89","4263.45","122309.95","94240.24","28069.71","0","conventional","PhoenixTucson"
"35","1272428.72","1012900.04","2015-04-26 00:00:00","0.53","159158.29","5832.62","94537.77","76637.06","17900.71","0","conventional","PhoenixTucson"
"44","1547337.25","1067091.8","2017-02-26 00:00:00","0.53","116819.32","42393.74","321032.39","292106.96","28925.43","0","conventional","Houston"
"50","1613159.67","1134750.48","2017-01-15 00:00:00","0.53","184545.5","2711.5","291152.19","242009.67","49139.19","3.33","conventional","Houston"
"47","5470227.08","1741607.02","2017-02-05 00:00:00","0.53","937331.61","89678.63","2701609.82","2656630.42","3465.7","41513.7","conventional","LosAngeles"
"29","1457359.83","1130917.54","2015-06-07 00:00:00","0.52","199669.94","4499.84","122272.51","90030.35","32242.16","0","conventional","PhoenixTucson"
"47","1637554.42","1067388.68","2017-02-05 00:00:00","0.52","127511.86","18640.48","424013.4","144985.32","279028.08","0","conventional","WestTexNewMexico"
"43","32113.68","702.06","2017-03-05 00:00:00","0.52","3007.87","0","28403.75","1850.64","26553.11","0","organic","Columbus"
"36","1366844.88","1097285.22","2015-04-19 00:00:00","0.51","164460.99","7534.3","97564.37","44646.67","52917.7","0","conventional","PhoenixTucson"
"42","1442973.47","1037699.01","2016-03-06 00:00:00","0.51","259846.68","14567.4","130860.38","76814.4","54045.98","0","conventional","PhoenixTucson"
"52","1475741.07","985040.19","2017-01-01 00:00:00","0.51","290583.75","6313.88","193803.25","62497.42","131305.83","0","conventional","Houston"
"45","41987.86","225.44","2017-02-19 00:00:00","0.51","5734.39","0","36028.03","473.98","35554.05","0","organic","CincinnatiDayton"
"43","17135.45","481.81","2017-03-05 00:00:00","0.51","1790.33","0","14863.31","122.78","14740.53","0","organic","Nashville"
"0","1137707.43","738314.8","2015-12-27 00:00:00","0.49","286858.37","11642.46","100891.8","70749.02","30142.78","0","conventional","PhoenixTucson"
"44","44024.03","252.79","2017-02-26 00:00:00","0.49","4472.68","0","39298.56","600","38698.56","0","organic","CincinnatiDayton"
"43","50890.73","717.57","2017-03-05 00:00:00","0.48","4138.84","0","46034.32","1385.06","44649.26","0","organic","Detroit"
"47","2200550.27","1200632.86","2017-02-05 00:00:00","0.46","531226.65","18324.93","450365.83","113752.17","330583.1","6030.56","conventional","PhoenixTucson"
"43","64057.04","223.84","2017-03-05 00:00:00","0.44","4748.88","0","59084.32","638.68","58445.64","0","organic","CincinnatiDayton"
